I got: 2.43 2.28 1.42 0.70 0.06 2.71 1.10 0.08 1.03 2.34 2.49 2.77 1.72 0.87 0.44 0.03 2.72 2.73 0.25 1.10 2.29 2.28 1.33 0.50 0.70 1.58 0.67 0.05 2.70 2.69 2.70 2.77 2.77 2.62 1.06 0.29 0.09 1.04 0.70 0.04 2.70 2.71 1.89 2.04 1.79 1.45 0.45 0.18 0.25 1.33 2.04 0.48 2.70 2.70 2.76 1.55 0.66 2.51 0.85 0.23 0.14 0.96 1.20 1.76 2.71 2.73 1.64 0.67 0.24 0.77 0.91 0.18 0.42 1.68 1.89 2.12 2.20 2.68 1.33 0.54 0.27 0.38 1.71 0.44 0.01 0.01 0.01 0.01 0.01 0.00 0.06 0.06 0.01 0.04 0.01 0.07 2.57 2.13 1.60 0.47 0.32 2.69 1.12 0.33 0.75 2.41 2.49 2.77 1.49 1.05 0.20 0.27 2.69 2.69 0.52 0.84 2.39 2.30 1.39 0.31 0.94 1.75 0.42 0.27 2.70 2.70 2.71 2.77 2.77 2.63 1.12 0.09 0.35 0.73 0.45 0.23 2.72 2.70 1.91 2.06 2.00 1.46 0.51 0.03 0.52 1.03 2.20 0.73 2.77 2.71 2.76 1.55 0.42 2.53 0.91 0.03 0.43 0.67 1.33 1.41 2.71 2.71 1.38 0.55 0.03 0.86 0.79 0.02 0.70 1.39 2.09 1.92 2.31 2.73 1.32 0.52 0.05 0.66 1.63 0.25 0.39 0.21 0.29 0.15 0.26 0.24 0.02 0.04 0.24 0.28 0.16 0.15

I got: 2.44 2.28 1.42 0.70 0.06 2.71 1.10 0.08 1.03 2.34 2.49 2.77 1.72 0.87 0.44 0.03 2.72 2.76 0.25 1.10 2.29 2.28 1.33 0.51 0.70 1.58 0.67 0.05 2.70 2.71 2.70 2.77 2.77 2.61 1.05 0.29 0.09 1.04 0.70 0.04 2.70 2.70 1.90 2.05 1.79 1.45 0.46 0.17 0.24 1.33 2.03 0.48 2.70 2.70 2.75 1.55 0.64 2.50 0.84 0.23 0.14 0.97 1.18 1.74 2.71 2.73 1.64 0.67 0.23 0.77 0.91 0.19 0.42 1.68 1.89 2.12 2.20 2.69 1.33 0.54 0.26 0.38 1.71 0.44 0.01 0.01 0.01 0.01 0.01 0.01 0.08 0.04 0.01 0.05 0.01 0.05 2.57 2.13 1.60 0.46 0.32 2.69 1.12 0.33 0.75 2.41 2.50 2.77 1.49 1.05 0.20 0.27 2.69 2.69 0.52 0.84 2.39 2.31 1.39 0.31 0.95 1.75 0.42 0.27 2.71 2.70 2.71 2.77 2.77 2.62 1.12 0.09 0.35 0.72 0.44 0.23 2.72 2.71 1.91 2.05 2.01 1.45 0.51 0.03 0.52 1.02 2.18 0.73 2.72 2.71 2.75 1.53 0.41 2.51 0.90 0.03 0.43 0.67 1.33 1.41 2.70 2.71 1.38 0.54 0.03 0.86 0.79 0.02 0.71 1.39 2.09 1.92 2.31 2.71 1.32 0.52 0.05 0.66 1.64 0.25 0.39 0.22 0.29 0.15 0.26 0.24 0.02 0.04 0.24 0.28 0.16 0.14

I got: 2.44 2.28 1.42 0.70 0.06 2.69 1.10 0.08 1.03 2.33 2.49 2.77 1.72 0.87 0.44 0.03 2.73 2.73 0.25 1.10 2.29 2.28 1.32 0.50 0.69 1.58 0.67 0.05 2.69 2.70 2.70 2.77 2.77 2.61 1.06 0.29 0.09 1.03 0.70 0.04 2.70 2.70 1.93 2.08 1.84 1.50 0.47 0.18 0.24 1.32 2.01 0.47 2.69 2.71 2.74 1.53 0.64 2.49 0.83 0.22 0.14 0.95 1.18 1.74 2.70 2.71 1.64 0.67 0.23 0.77 0.90 0.18 0.42 1.68 1.89 2.12 2.20 2.70 1.33 0.54 0.27 0.38 1.71 0.44 0.01 0.01 0.01 0.01 0.01 0.01 0.05 0.05 0.01 0.05 0.01 0.04 2.58 2.13 1.60 0.46 0.32 2.70 1.12 0.33 0.75 2.41 2.49 2.77 1.49 1.06 0.20 0.27 2.70 2.71 0.52 0.85 2.40 2.31 1.39 0.32 0.95 1.75 0.42 0.27 2.71 2.76 2.71 2.77 2.77 2.63 1.12 0.09 0.35 0.72 0.44 0.23 2.71 2.70 1.92 2.07 2.02 1.47 0.51 0.03 0.51 1.00 2.14 0.72 2.71 2.70 2.72 1.50 0.41 2.48 0.88 0.03 0.43 0.67 1.33 1.41 2.72 2.72 1.38 0.54 0.04 0.75 0.79 0.02 0.71 1.39 2.09 1.92 2.31 2.72 1.31 0.52 0.05 0.58 1.71 0.25 0.39 0.22 0.29 0.15 0.26 0.24 0.02 0.04 0.24 0.11 0.06 0.14

I got: 2.43 2.28 1.42 0.70 0.06 2.70 1.10 0.08 0.93 2.39 2.49 2.77 1.72 0.87 0.44 0.03 2.72 2.73 0.25 1.03 2.33 2.28 1.32 0.50 0.69 1.58 0.67 0.05 2.70 2.71 2.70 2.77 2.77 2.62 1.06 0.29 0.09 1.04 0.70 0.04 2.70 2.70 1.90 2.06 1.88 1.46 0.46 0.18 0.25 1.34 2.05 0.48 2.70 2.69 2.77 1.56 0.65 2.52 0.85 0.23 0.14 0.95 1.16 1.71 2.70 2.72 1.61 0.66 0.23 0.76 0.90 0.18 0.42 1.68 1.89 2.12 2.20 2.69 1.33 0.54 0.27 0.38 1.72 0.44 0.01 0.01 0.01 0.01 0.01 0.01 0.06 0.05 0.01 0.05 0.01 0.05 2.57 2.13 1.60 0.47 0.32 2.71 1.12 0.33 0.75 2.41 2.49 2.77 1.49 1.05 0.20 0.27 2.69 2.69 0.52 0.84 2.40 2.31 1.39 0.32 0.95 1.75 0.42 0.27 2.72 2.69 2.71 2.77 2.77 2.63 1.12 0.09 0.36 0.73 0.45 0.23 2.71 2.69 1.93 2.07 2.03 1.47 0.52 0.03 0.53 1.04 2.21 0.74 2.70 2.70 2.77 1.55 0.42 2.53 0.91 0.03 0.43 0.67 1.33 1.41 2.71 2.70 1.38 0.54 0.04 0.86 0.79 0.02 0.71 1.39 2.09 1.92 2.31 2.72 1.31 0.52 0.05 0.66 1.63 0.25 0.39 0.22 0.29 0.15 0.26 0.24 0.02 0.04 0.24 0.28 0.16 0.14

I got: 2.43 2.28 1.42 0.70 0.06 2.71 1.10 0.08 1.03 2.34 2.49 2.77 1.72 0.87 0.44 0.03 2.73 2.74 0.25 1.10 2.29 2.28 1.33 0.50 0.69 1.58 0.67 0.05 2.70 2.69 2.70 2.77 2.77 2.62 1.06 0.29 0.09 1.04 0.70 0.04 2.70 2.71 1.90 2.06 1.79 1.46 0.46 0.18 0.25 1.34 2.04 0.48 2.70 2.71 2.76 1.55 0.65 2.51 0.84 0.22 0.14 0.95 1.17 1.72 2.70 2.70 1.63 0.67 0.23 0.77 0.90 0.18 0.42 1.69 1.89 2.12 2.20 2.70 1.32 0.54 0.27 0.38 1.72 0.44 0.01 0.01 0.01 0.01 0.01 0.01 0.07 0.07 0.01 0.06 0.01 0.05 2.57 2.14 1.60 0.46 0.32 2.70 1.12 0.32 0.75 2.41 2.49 2.77 1.49 1.05 0.20 0.27 2.70 2.68 0.51 0.84 2.40 2.30 1.39 0.31 0.95 1.75 0.42 0.27 2.72 2.71 2.71 2.77 2.77 2.62 1.12 0.09 0.35 0.73 0.44 0.23 2.72 2.71 1.93 2.07 2.02 1.46 0.52 0.03 0.52 1.02 2.17 0.73 2.71 2.70 2.75 1.53 0.41 2.51 0.90 0.04 0.43 0.67 1.33 1.40 2.71 2.70 1.38 0.54 0.03 0.86 0.79 0.02 0.71 1.40 2.09 1.92 2.31 2.72 1.31 0.52 0.05 0.66 1.63 0.26 0.39 0.22 0.29 0.15 0.26 0.24 0.02 0.04 0.24 0.28 0.16 0.14

I got: 2.44 2.28 1.42 0.70 0.06 2.71 1.10 0.08 1.02 2.34 2.49 2.77 1.72 0.87 0.44 0.03 2.73 2.73 0.25 1.10 2.29 2.28 1.33 0.51 0.69 1.58 0.67 0.05 2.70 2.70 2.69 2.77 2.77 2.62 1.06 0.30 0.09 1.03 0.70 0.04 2.70 2.71 1.90 2.05 1.88 1.45 0.46 0.18 0.12 1.33 2.04 0.48 2.70 2.70 2.76 1.55 0.65 2.51 0.85 0.22 0.14 0.95 1.17 1.72 2.70 2.71 1.62 0.67 0.23 0.77 0.90 0.18 0.42 1.68 1.88 2.13 2.20 2.68 1.32 0.54 0.27 0.38 1.71 0.45 0.01 0.02 0.01 0.01 0.01 0.01 0.04 0.08 0.01 0.05 0.01 0.05 2.58 2.13 1.60 0.46 0.32 2.70 1.12 0.33 0.75 2.37 2.49 2.77 1.49 1.06 0.20 0.27 2.69 2.69 0.51 0.96 2.34 2.31 1.39 0.32 0.95 1.75 0.42 0.27 2.69 2.70 2.71 2.77 2.77 2.62 1.12 0.09 0.35 0.72 0.44 0.23 2.70 2.70 1.92 2.07 1.94 1.46 0.51 0.03 0.52 1.02 2.19 0.73 2.72 2.70 2.76 1.54 0.42 2.52 0.91 0.03 0.42 0.67 1.33 1.41 2.70 2.71 1.38 0.55 0.04 0.86 0.80 0.02 0.71 1.39 2.09 1.92 2.30 2.72 1.31 0.52 0.05 0.66 1.63 0.25 0.39 0.22 0.29 0.15 0.26 0.24 0.02 0.04 0.24 0.28 0.16 0.15

I got: 2.43 2.28 1.42 0.70 0.06 2.70 1.10 0.08 1.03 2.34 2.49 2.77 1.72 0.87 0.44 0.03 2.74 2.72 0.25 1.10 2.29 2.28 1.33 0.50 0.69 1.58 0.67 0.05 2.69 2.70 2.70 2.77 2.77 2.62 1.06 0.29 0.09 1.04 0.70 0.04 2.70 2.74 1.91 2.05 1.79 1.45 0.46 0.18 0.24 1.33 2.02 0.48 2.70 2.74 2.75 1.54 0.64 2.50 0.84 0.22 0.14 0.95 1.15 1.71 2.70 2.78 1.62 0.67 0.24 0.77 0.91 0.19 0.42 1.68 1.88 2.12 2.20 2.70 1.32 0.54 0.27 0.38 1.71 0.45 0.01 0.01 0.01 0.01 0.01 0.01 0.05 0.05 0.01 0.06 0.01 0.06 2.58 2.13 1.60 0.47 0.32 2.70 1.12 0.33 0.75 2.41 2.49 2.77 1.49 1.06 0.20 0.28 2.70 2.69 0.51 0.84 2.40 2.30 1.39 0.32 0.95 1.75 0.42 0.27 2.70 2.70 2.71 2.77 2.77 2.62 1.12 0.10 0.36 0.73 0.44 0.23 2.71 2.71 1.92 2.07 2.02 1.46 0.51 0.03 0.51 1.01 2.15 0.72 2.71 2.70 2.72 1.51 0.41 2.49 0.89 0.03 0.42 0.67 1.33 1.40 2.72 2.70 1.38 0.54 0.04 0.85 0.79 0.02 0.70 1.39 2.09 1.92 2.31 2.71 1.31 0.52 0.05 0.65 1.63 0.25 0.39 0.22 0.29 0.15 0.26 0.24 0.02 0.04 0.24 0.27 0.16 0.14

I got: 2.44 2.28 1.42 0.70 0.06 2.71 1.10 0.08 1.02 2.34 2.49 2.77 1.72 0.87 0.44 0.03 2.72 2.73 0.25 1.10 2.29 2.28 1.33 0.50 0.69 1.58 0.67 0.05 2.70 2.70 2.70 2.77 2.77 2.62 1.06 0.29 0.09 1.03 0.70 0.04 2.70 2.69 1.91 2.05 1.80 1.45 0.46 0.18 0.22 1.24 1.79 0.46 2.70 2.70 2.71 1.50 0.64 2.47 0.81 0.22 0.13 0.95 1.15 1.70 2.70 2.71 1.61 0.66 0.23 0.77 0.90 0.19 0.42 1.68 1.88 2.13 2.20 2.69 1.33 0.54 0.27 0.48 1.61 0.44 0.01 0.01 0.01 0.01 0.01 0.01 0.07 0.08 0.01 0.05 0.01 0.05 2.57 2.13 1.61 0.46 0.32 2.69 1.12 0.33 0.83 2.37 2.49 2.77 1.49 1.06 0.20 0.27 2.69 2.69 0.51 0.96 2.34 2.30 1.39 0.31 0.95 1.75 0.42 0.27 2.70 2.70 2.71 2.77 2.77 2.62 1.12 0.10 0.35 0.72 0.44 0.23 2.71 2.71 1.93 2.06 1.94 1.45 0.51 0.02 0.53 1.03 2.20 0.74 2.70 2.70 2.76 1.54 0.42 2.52 0.91 0.03 0.42 0.67 1.32 1.40 2.70 2.70 1.37 0.54 0.03 0.86 0.79 0.02 0.71 1.39 2.09 1.92 2.30 2.71 1.31 0.52 0.05 0.66 1.63 0.26 0.39 0.21 0.29 0.15 0.26 0.24 0.02 0.04 0.24 0.28 0.17 0.15

I got: 2.43 2.28 1.42 0.69 0.06 2.70 1.10 0.08 1.03 2.34 2.49 2.77 1.72 0.87 0.44 0.03 2.79 2.73 0.25 1.10 2.29 2.29 1.33 0.50 0.70 1.58 0.67 0.05 2.70 2.73 2.70 2.77 2.77 2.62 1.06 0.29 0.09 1.03 0.70 0.04 2.70 2.70 1.90 2.05 1.78 1.47 0.46 0.18 0.25 1.34 2.04 0.48 2.70 2.70 2.76 1.55 0.64 2.51 0.85 0.23 0.14 0.95 1.14 1.68 2.72 2.70 1.61 0.66 0.24 0.75 0.90 0.18 0.42 1.68 1.89 2.12 2.20 2.70 1.33 0.54 0.26 0.37 1.71 0.44 0.01 0.01 0.01 0.01 0.01 0.01 0.06 0.05 0.01 0.08 0.01 0.06 2.58 2.13 1.60 0.46 0.32 2.70 1.12 0.33 0.75 2.41 2.49 2.77 1.49 1.06 0.20 0.27 2.69 2.69 0.51 0.84 2.40 2.30 1.39 0.31 0.96 1.75 0.42 0.27 2.72 2.71 2.71 2.77 2.77 2.62 1.12 0.10 0.35 0.73 0.44 0.23 2.70 2.71 1.92 2.07 2.03 1.46 0.52 0.02 0.52 1.03 2.20 0.73 2.70 2.70 2.76 1.54 0.42 2.52 0.91 0.03 0.43 0.67 1.32 1.40 2.71 2.70 1.37 0.54 0.03 0.86 0.79 0.02 0.71 1.39 2.09 1.91 2.30 2.73 1.31 0.52 0.05 0.66 1.63 0.25 0.39 0.22 0.29 0.15 0.26 0.24 0.02 0.04 0.24 0.28 0.17 0.14

I got: 2.44 2.28 1.42 0.70 0.06 2.71 1.10 0.08 1.03 2.34 2.49 2.77 1.72 0.87 0.44 0.03 2.73 2.74 0.25 1.10 2.29 2.28 1.33 0.51 0.69 1.58 0.67 0.05 2.70 2.69 2.69 2.77 2.77 2.62 1.06 0.29 0.09 1.04 0.70 0.04 2.71 2.71 1.92 2.08 1.82 1.48 0.47 0.18 0.24 1.33 2.03 0.48 2.70 2.70 2.75 1.55 0.65 2.51 0.84 0.23 0.13 0.95 1.13 1.67 2.70 2.73 1.59 0.66 0.23 0.75 0.89 0.19 0.42 1.68 1.88 2.12 2.20 2.69 1.33 0.54 0.27 0.38 1.72 0.45 0.01 0.01 0.01 0.01 0.01 0.01 0.06 0.06 0.01 0.05 0.01 0.05 2.58 2.13 1.60 0.47 0.32 2.70 1.12 0.33 0.75 2.42 2.49 2.77 1.49 1.06 0.20 0.27 2.69 2.69 0.51 0.84 2.41 2.30 1.39 0.31 0.96 1.75 0.42 0.27 2.69 2.70 2.72 2.77 2.77 2.62 1.12 0.10 0.35 0.73 0.44 0.23 2.70 2.70 1.91 2.06 2.03 1.45 0.52 0.02 0.52 1.02 2.18 0.73 2.72 2.74 2.75 1.53 0.41 2.51 0.90 0.03 0.42 0.66 1.32 1.39 2.70 2.74 1.37 0.54 0.03 0.86 0.79 0.02 0.71 1.39 2.09 1.92 2.30 2.76 1.31 0.52 0.05 0.66 1.63 0.25 0.39 0.22 0.29 0.15 0.26 0.24 0.02 0.04 0.24 0.28 0.17 0.14

I got: 2.43 2.28 1.42 0.70 0.06 2.70 1.10 0.08 1.03 2.34 2.49 2.77 1.73 0.87 0.44 0.03 2.75 2.73 0.25 1.10 2.29 2.28 1.33 0.51 0.70 1.58 0.67 0.05 2.69 2.71 2.70 2.77 2.77 2.62 1.06 0.29 0.09 1.03 0.70 0.04 2.70 2.70 1.90 2.04 1.79 1.46 0.46 0.17 0.24 1.32 2.01 0.47 2.69 2.70 2.73 1.53 0.64 2.49 0.83 0.23 0.14 0.94 1.12 1.64 2.70 2.72 1.57 0.65 0.23 0.75 0.89 0.18 0.42 1.68 1.88 2.12 2.20 2.70 1.33 0.54 0.26 0.38 1.72 0.44 0.01 0.01 0.01 0.01 0.01 0.01 0.05 0.05 0.01 0.06 0.01 0.05 2.58 2.13 1.60 0.46 0.32 2.70 1.12 0.32 0.76 2.42 2.49 2.77 1.49 1.06 0.20 0.27 2.70 2.69 0.52 0.85 2.41 2.30 1.39 0.31 0.95 1.75 0.42 0.27 2.72 2.71 2.72 2.77 2.77 2.62 1.12 0.09 0.36 0.72 0.44 0.23 2.70 2.71 1.92 2.08 2.02 1.45 0.52 0.02 0.51 1.00 2.15 0.71 2.72 2.70 2.72 1.51 0.41 2.48 0.89 0.03 0.42 0.67 1.32 1.39 2.71 2.70 1.37 0.54 0.03 0.85 0.78 0.02 0.71 1.39 2.09 1.92 2.31 2.73 1.31 0.52 0.05 0.65 1.63 0.26 0.39 0.22 0.29 0.15 0.26 0.24 0.02 0.04 0.24 0.27 0.17 0.14

I got: 2.44 2.28 1.42 0.70 0.06 2.71 1.10 0.08 1.02 2.34 2.49 2.77 1.72 0.87 0.44 0.03 2.72 2.73 0.25 1.10 2.30 2.28 1.33 0.51 0.69 1.58 0.67 0.05 2.70 2.69 2.70 2.77 2.77 2.62 1.06 0.29 0.09 1.04 0.70 0.04 2.70 2.71 1.90 2.05 1.81 1.46 0.46 0.17 0.24 1.32 2.00 0.47 2.70 2.70 2.73 1.52 0.64 2.49 0.83 0.23 0.13 0.95 1.11 1.62 2.70 2.72 1.55 0.64 0.24 0.74 0.88 0.19 0.42 1.68 1.88 2.12 2.20 2.69 1.33 0.54 0.27 0.38 1.71 0.44 0.01 0.01 0.01 0.01 0.01 0.01 0.07 0.06 0.01 0.05 0.00 0.05 2.57 2.14 1.60 0.47 0.32 2.69 1.12 0.32 0.84 2.38 2.48 2.77 1.49 1.06 0.20 0.27 2.73 2.69 0.51 0.96 2.35 2.30 1.39 0.31 0.95 1.75 0.42 0.27 2.70 2.70 2.71 2.77 2.77 2.62 1.12 0.10 0.35 0.72 0.44 0.23 2.71 2.70 1.92 2.07 1.94 1.44 0.51 0.03 0.51 1.00 2.13 0.71 2.71 2.70 2.71 1.50 0.41 2.47 0.88 0.03 0.42 0.66 1.31 1.39 2.70 2.71 1.36 0.54 0.03 0.85 0.79 0.02 0.71 1.39 2.09 1.92 2.30 2.72 1.31 0.52 0.05 0.66 1.63 0.25 0.39 0.22 0.29 0.15 0.26 0.24 0.02 0.04 0.24 0.28 0.17 0.15

I got: 2.43 2.28 1.42 0.70 0.06 2.72 1.10 0.08 1.03 2.33 2.50 2.77 1.72 0.87 0.44 0.03 2.72 2.73 0.25 1.10 2.29 2.28 1.33 0.51 0.70 1.58 0.67 0.05 2.70 2.71 2.70 2.77 2.77 2.62 1.06 0.29 0.09 1.04 0.70 0.04 2.70 2.70 1.96 2.12 1.87 1.52 0.48 0.18 0.24 1.33 2.01 0.47 2.70 2.70 2.74 1.53 0.64 2.49 0.83 0.23 0.13 0.94 1.11 1.62 2.70 2.72 1.54 0.64 0.23 0.74 0.88 0.18 0.42 1.68 1.88 2.12 2.20 2.69 1.32 0.54 0.27 0.38 1.72 0.45 0.01 0.02 0.01 0.01 0.01 0.01 0.05 0.07 0.01 0.07 0.04 0.05 2.58 2.13 1.60 0.46 0.32 2.69 1.12 0.33 0.75 2.42 2.48 2.77 1.49 1.06 0.20 0.27 2.69 2.70 0.52 0.85 2.41 2.30 1.39 0.31 0.96 1.75 0.42 0.27 2.71 2.70 2.71 2.77 2.77 2.62 1.12 0.09 0.35 0.72 0.44 0.23 2.70 2.71 1.91 2.07 2.03 1.45 0.51 0.03 0.51 1.00 2.13 0.71 2.72 2.71 2.70 1.48 0.40 2.44 0.84 0.03 0.42 0.67 1.31 1.39 2.72 2.70 1.36 0.54 0.03 0.75 0.78 0.03 0.70 1.39 2.08 1.91 2.30 2.72 1.31 0.52 0.05 0.58 1.70 0.25 0.39 0.22 0.29 0.15 0.26 0.24 0.02 0.04 0.24 0.10 0.07 0.15

