I got: 1.17 0.32 0.31 1.22 2.67 2.65 0.27 0.23 0.31 0.34 0.40 2.31 2.54 1.28 0.79 0.75 2.65 2.66 0.24 0.22 0.26 0.23 0.42 1.32 0.80 1.41 0.96 2.64 1.32 2.67 2.65 0.34 0.25 0.29 0.18 0.78 1.16 0.23 0.36 0.49 2.76 1.96 2.67 2.66 0.25 0.22 0.29 0.14 0.85 0.94 0.05 0.15 0.59 2.37 2.77 2.65 2.67 0.52 0.35 0.31 0.15 0.83 0.90 0.07 0.17 0.87 2.28 1.42 2.17 2.67 1.03 0.54 0.38 0.18 1.00 1.03 0.11 0.20 1.45 2.24 0.28 0.48 1.64 0.86 0.70 0.59 0.23 1.41 1.26 0.23 0.31 0.15 0.01 0.01 0.12 0.13 0.14 0.01 0.14 0.13 0.14 0.01 0.01 0.13 0.83 1.53 0.32 0.33 0.76 0.72 2.66 1.54 0.41 0.73 0.93 0.13 0.21 0.81 1.55 0.24 0.22 0.49 0.60 2.67 2.66 1.71 0.75 1.39 0.28 0.28 0.84 1.53 0.21 0.11 0.30 1.00 2.68 2.67 1.84 2.37 2.03 0.52 0.38 0.95 1.39 0.22 0.08 0.24 1.10 2.65 2.66 0.59 2.12 2.46 0.57 0.41 1.00 1.57 0.26 0.09 0.26 1.25 2.65 2.67 0.51 1.20 2.76 1.31 0.56 0.96 1.42 0.28 0.10 0.19 0.90 2.65 2.67 0.31 0.69 1.29 2.01 1.74 2.37 1.90 0.42 0.14 0.22 1.15 2.64 2.67 0.29 0.41 0.62 0.71 1.19 2.34 0.49 0.16 0.20 1.12 2.67 2.68 0.24 0.23 0.31 0.37 0.16 2.75

I got: 1.17 0.32 0.31 1.21 2.65 2.67 0.27 0.23 0.30 0.34 0.39 2.30 2.54 1.28 0.79 0.75 2.66 2.67 0.24 0.22 0.26 0.22 0.42 1.31 0.80 1.41 0.97 2.64 1.32 2.65 2.67 0.34 0.26 0.29 0.18 0.78 1.15 0.23 0.36 0.49 2.74 1.96 2.67 2.64 0.25 0.22 0.29 0.14 0.85 0.94 0.04 0.15 0.59 2.37 2.74 2.67 2.66 0.53 0.35 0.31 0.15 0.83 0.90 0.07 0.17 0.87 2.28 1.42 2.17 2.67 1.02 0.54 0.38 0.18 1.00 1.03 0.11 0.20 1.45 2.25 0.28 0.48 1.63 0.86 0.71 0.59 0.23 1.41 1.26 0.23 0.31 0.15 0.01 0.01 0.14 0.14 0.14 0.01 0.14 0.13 0.14 0.01 0.01 0.14 0.84 1.53 0.32 0.34 0.76 0.72 2.65 1.54 0.41 0.73 0.93 0.13 0.21 0.81 1.55 0.24 0.22 0.49 0.61 2.67 2.64 1.72 0.75 1.39 0.28 0.28 0.84 1.53 0.21 0.11 0.30 1.00 2.67 2.66 1.84 2.36 2.03 0.52 0.38 0.95 1.39 0.22 0.08 0.24 1.10 2.65 2.67 0.59 2.12 2.45 0.57 0.41 1.01 1.57 0.26 0.09 0.26 1.25 2.67 2.67 0.51 1.20 2.77 1.31 0.55 0.97 1.42 0.28 0.11 0.19 0.90 2.68 2.67 0.31 0.69 1.30 2.01 1.73 2.38 1.91 0.42 0.14 0.22 1.15 2.66 2.67 0.29 0.41 0.62 0.71 1.19 2.35 0.49 0.16 0.20 1.12 2.67 2.65 0.24 0.23 0.31 0.37 0.16 2.76

I got: 1.17 0.32 0.31 1.21 2.66 2.67 0.27 0.23 0.31 0.34 0.40 2.31 2.52 1.28 0.79 0.75 2.68 2.67 0.24 0.22 0.26 0.23 0.42 1.31 0.80 1.41 0.96 2.61 1.32 2.67 2.67 0.34 0.25 0.29 0.18 0.78 1.16 0.23 0.36 0.49 2.75 1.97 2.66 2.66 0.25 0.22 0.29 0.14 0.85 0.94 0.05 0.15 0.59 2.39 2.75 2.67 2.66 0.52 0.35 0.31 0.15 0.83 0.90 0.07 0.17 0.87 2.28 1.42 2.17 2.66 1.02 0.54 0.38 0.18 1.00 1.03 0.11 0.20 1.45 2.25 0.28 0.48 1.63 0.86 0.70 0.59 0.23 1.41 1.26 0.23 0.31 0.15 0.01 0.01 0.14 0.12 0.14 0.01 0.13 0.13 0.14 0.03 0.01 0.14 0.83 1.53 0.32 0.34 0.76 0.72 2.66 1.54 0.41 0.73 0.93 0.13 0.21 0.81 1.55 0.24 0.22 0.49 0.60 2.64 2.66 1.72 0.75 1.39 0.28 0.28 0.84 1.53 0.21 0.11 0.30 1.00 2.67 2.64 1.84 2.38 2.03 0.52 0.38 0.95 1.38 0.22 0.08 0.24 1.10 2.67 2.67 0.59 2.12 2.46 0.57 0.41 1.00 1.57 0.26 0.09 0.26 1.25 2.67 2.67 0.51 1.20 2.73 1.31 0.55 0.96 1.42 0.28 0.11 0.19 0.90 2.67 2.68 0.31 0.69 1.29 2.02 1.73 2.37 1.91 0.42 0.14 0.22 1.15 2.67 2.67 0.29 0.41 0.62 0.71 1.19 2.35 0.49 0.16 0.20 1.12 2.64 2.66 0.24 0.23 0.31 0.37 0.16 2.77

I got: 1.17 0.32 0.31 1.21 2.67 2.67 0.27 0.23 0.30 0.34 0.40 2.31 2.53 1.28 0.79 0.75 2.67 2.68 0.24 0.22 0.26 0.23 0.42 1.31 0.80 1.41 0.96 2.63 1.32 2.67 2.66 0.34 0.25 0.29 0.18 0.78 1.15 0.23 0.36 0.49 2.77 1.96 2.65 2.67 0.25 0.22 0.29 0.14 0.85 0.94 0.04 0.15 0.59 2.39 2.76 2.66 2.66 0.53 0.35 0.31 0.15 0.83 0.90 0.07 0.17 0.87 2.28 1.42 2.17 2.64 1.02 0.54 0.38 0.18 1.00 1.03 0.11 0.20 1.46 2.26 0.28 0.48 1.64 0.87 0.71 0.60 0.23 1.42 1.27 0.23 0.31 0.14 0.01 0.01 0.13 0.13 0.13 0.01 0.13 0.13 0.13 0.01 0.01 0.13 0.84 1.53 0.32 0.34 0.76 0.76 2.67 1.54 0.41 0.73 0.93 0.13 0.21 0.81 1.55 0.24 0.22 0.49 0.60 2.67 2.67 1.72 0.75 1.39 0.28 0.28 0.84 1.53 0.21 0.11 0.30 1.00 2.65 2.66 1.84 2.38 2.03 0.52 0.38 0.95 1.39 0.22 0.08 0.24 1.11 2.67 2.65 0.59 2.12 2.46 0.57 0.41 1.01 1.58 0.26 0.09 0.26 1.25 2.67 2.65 0.51 1.20 2.74 1.31 0.56 0.96 1.42 0.28 0.11 0.19 0.92 2.66 2.66 0.31 0.69 1.30 2.01 1.73 2.36 1.91 0.42 0.15 0.22 1.15 2.66 2.65 0.29 0.41 0.62 0.71 1.19 2.35 0.49 0.16 0.20 1.12 2.66 2.67 0.24 0.23 0.31 0.37 0.16 2.74

I got: 1.17 0.32 0.31 1.22 2.67 2.64 0.27 0.23 0.31 0.34 0.39 2.31 2.54 1.28 0.79 0.75 2.66 2.66 0.24 0.22 0.26 0.22 0.42 1.31 0.80 1.41 0.96 2.64 1.32 2.67 2.64 0.35 0.25 0.29 0.18 0.78 1.16 0.23 0.36 0.49 2.77 1.96 2.67 2.67 0.25 0.22 0.29 0.14 0.85 0.94 0.05 0.15 0.59 2.38 2.77 2.64 2.67 0.52 0.35 0.31 0.15 0.82 0.90 0.07 0.17 0.87 2.28 1.42 2.17 2.66 1.02 0.54 0.38 0.18 1.00 1.03 0.11 0.20 1.45 2.25 0.28 0.48 1.63 0.86 0.70 0.59 0.23 1.41 1.26 0.23 0.31 0.14 0.01 0.01 0.12 0.12 0.13 0.01 0.12 0.12 0.12 0.01 0.01 0.13 0.84 1.53 0.32 0.34 0.76 0.71 2.66 1.54 0.41 0.73 0.93 0.13 0.21 0.81 1.55 0.24 0.22 0.49 0.60 2.67 2.66 1.72 0.75 1.39 0.28 0.28 0.84 1.53 0.21 0.11 0.30 1.00 2.67 2.67 1.85 2.38 2.03 0.52 0.38 0.95 1.39 0.22 0.08 0.24 1.10 2.66 2.66 0.59 2.12 2.46 0.57 0.41 1.00 1.57 0.26 0.09 0.26 1.26 2.66 2.66 0.51 1.20 2.76 1.31 0.55 0.97 1.42 0.28 0.11 0.19 0.90 2.64 2.67 0.31 0.69 1.30 2.01 1.74 2.36 1.90 0.42 0.14 0.22 1.15 2.65 2.67 0.29 0.41 0.62 0.71 1.19 2.34 0.49 0.16 0.20 1.12 2.67 2.66 0.24 0.23 0.31 0.37 0.16 2.75

I got: 1.17 0.32 0.31 1.22 2.66 2.66 0.27 0.23 0.30 0.34 0.39 2.30 2.55 1.28 0.79 0.75 2.65 2.67 0.24 0.22 0.26 0.23 0.42 1.31 0.79 1.41 0.96 2.65 1.32 2.66 2.66 0.35 0.25 0.29 0.18 0.78 1.15 0.23 0.36 0.49 2.74 1.96 2.67 2.67 0.25 0.22 0.29 0.15 0.85 0.94 0.04 0.15 0.59 2.37 2.75 2.67 2.67 0.52 0.35 0.31 0.15 0.83 0.90 0.07 0.17 0.87 2.29 1.42 2.17 2.67 1.02 0.54 0.38 0.19 1.00 1.03 0.11 0.20 1.46 2.25 0.28 0.48 1.63 0.86 0.70 0.59 0.23 1.41 1.26 0.23 0.31 0.14 0.01 0.01 0.13 0.12 0.12 0.01 0.12 0.12 0.12 0.01 0.01 0.12 0.84 1.53 0.32 0.33 0.76 0.71 2.64 1.54 0.41 0.73 0.93 0.13 0.22 0.81 1.55 0.25 0.22 0.49 0.60 2.67 2.65 1.72 0.75 1.39 0.28 0.28 0.84 1.53 0.22 0.11 0.30 1.00 2.66 2.66 1.85 2.36 2.03 0.52 0.38 0.95 1.39 0.22 0.08 0.24 1.10 2.65 2.67 0.59 2.12 2.46 0.57 0.41 1.00 1.58 0.26 0.09 0.26 1.25 2.64 2.67 0.51 1.20 2.77 1.31 0.55 0.96 1.42 0.28 0.11 0.19 0.90 2.68 2.67 0.31 0.69 1.30 2.01 1.73 2.37 1.91 0.42 0.14 0.22 1.15 2.68 2.67 0.29 0.41 0.62 0.71 1.19 2.34 0.49 0.16 0.20 1.12 2.67 2.64 0.24 0.23 0.31 0.37 0.16 2.76

I got: 1.17 0.32 0.31 1.22 2.67 2.67 0.27 0.23 0.30 0.34 0.39 2.31 2.52 1.28 0.79 0.77 2.67 2.67 0.24 0.22 0.26 0.22 0.42 1.31 0.80 1.41 0.96 2.62 1.32 2.65 2.67 0.35 0.25 0.29 0.18 0.78 1.16 0.23 0.36 0.49 2.75 1.96 2.66 2.66 0.25 0.22 0.29 0.14 0.85 0.94 0.05 0.15 0.59 2.38 2.74 2.67 2.67 0.53 0.35 0.31 0.15 0.83 0.90 0.07 0.17 0.87 2.29 1.42 2.17 2.67 1.02 0.54 0.38 0.18 1.01 1.03 0.11 0.20 1.45 2.25 0.28 0.48 1.63 0.86 0.71 0.59 0.23 1.41 1.26 0.23 0.31 0.13 0.01 0.01 0.12 0.11 0.13 0.01 0.11 0.12 0.11 0.01 0.01 0.12 0.84 1.53 0.32 0.33 0.76 0.72 2.67 1.54 0.41 0.73 0.93 0.13 0.21 0.81 1.55 0.25 0.22 0.49 0.60 2.65 2.66 1.72 0.75 1.39 0.28 0.28 0.84 1.53 0.21 0.11 0.30 1.01 2.67 2.66 1.85 2.37 2.03 0.52 0.38 0.95 1.39 0.22 0.08 0.24 1.11 2.66 2.67 0.59 2.12 2.46 0.57 0.41 1.00 1.58 0.26 0.09 0.26 1.26 2.66 2.67 0.51 1.20 2.75 1.31 0.55 0.96 1.42 0.28 0.11 0.19 0.91 2.67 2.66 0.31 0.69 1.30 2.02 1.73 2.37 1.90 0.42 0.14 0.22 1.15 2.67 2.67 0.29 0.41 0.62 0.71 1.19 2.35 0.49 0.16 0.20 1.12 2.65 2.66 0.24 0.23 0.31 0.37 0.16 2.77

I got: 1.17 0.32 0.31 1.21 2.67 2.66 0.27 0.23 0.31 0.34 0.39 2.31 2.52 1.28 0.79 0.75 2.67 2.67 0.24 0.22 0.26 0.23 0.42 1.31 0.80 1.41 0.96 2.63 1.32 2.67 2.67 0.35 0.25 0.29 0.18 0.78 1.16 0.23 0.36 0.49 2.76 1.96 2.64 2.67 0.25 0.22 0.29 0.14 0.85 0.94 0.05 0.15 0.59 2.39 2.76 2.67 2.65 0.53 0.35 0.31 0.15 0.83 0.90 0.07 0.17 0.87 2.28 1.42 2.17 2.64 1.03 0.54 0.38 0.18 1.00 1.03 0.11 0.20 1.47 2.27 0.28 0.48 1.65 0.87 0.71 0.60 0.23 1.43 1.28 0.23 0.31 0.12 0.01 0.01 0.11 0.11 0.12 0.01 0.12 0.11 0.12 0.01 0.01 0.12 0.84 1.53 0.32 0.34 0.76 0.78 2.67 1.54 0.41 0.73 0.93 0.13 0.21 0.81 1.55 0.25 0.22 0.49 0.60 2.67 2.67 1.72 0.75 1.40 0.28 0.28 0.84 1.53 0.22 0.11 0.30 1.01 2.66 2.66 1.85 2.38 2.03 0.52 0.38 0.95 1.39 0.22 0.08 0.24 1.10 2.67 2.67 0.59 2.12 2.46 0.57 0.41 1.00 1.58 0.26 0.09 0.26 1.25 2.67 2.67 0.51 1.21 2.74 1.31 0.55 0.96 1.43 0.28 0.11 0.19 0.90 2.67 2.66 0.31 0.69 1.29 2.01 1.73 2.36 1.91 0.42 0.14 0.22 1.15 2.67 2.64 0.29 0.41 0.62 0.71 1.19 2.35 0.49 0.16 0.20 1.12 2.66 2.67 0.24 0.23 0.31 0.36 0.16 2.76

I got: 1.17 0.32 0.31 1.22 2.67 2.64 0.27 0.23 0.30 0.34 0.40 2.31 2.54 1.28 0.79 0.75 2.66 2.65 0.24 0.22 0.26 0.22 0.42 1.31 0.79 1.41 0.96 2.64 1.32 2.67 2.65 0.35 0.25 0.29 0.18 0.78 1.16 0.23 0.36 0.49 2.77 1.96 2.68 2.67 0.25 0.22 0.29 0.15 0.85 0.94 0.05 0.15 0.59 2.38 2.77 2.64 2.67 0.52 0.35 0.31 0.15 0.83 0.90 0.07 0.17 0.87 2.29 1.42 2.17 2.66 1.02 0.54 0.38 0.18 1.00 1.03 0.11 0.20 1.51 2.31 0.29 0.50 1.71 0.90 0.74 0.62 0.24 1.48 1.33 0.24 0.32 0.12 0.00 0.01 0.13 0.03 0.12 0.01 0.12 0.11 0.12 0.08 0.01 0.11 0.84 1.53 0.32 0.34 0.76 1.02 2.67 1.54 0.41 0.73 0.93 0.13 0.21 0.81 1.55 0.25 0.22 0.49 0.60 2.67 2.67 1.72 0.75 1.39 0.28 0.28 0.84 1.53 0.22 0.11 0.30 1.00 2.65 2.67 1.85 2.38 2.03 0.52 0.38 0.95 1.39 0.22 0.08 0.24 1.10 2.66 2.65 0.59 2.12 2.46 0.57 0.41 1.00 1.58 0.26 0.09 0.26 1.25 2.66 2.65 0.51 1.20 2.76 1.31 0.55 0.96 1.42 0.28 0.11 0.19 0.91 2.65 2.67 0.31 0.69 1.29 2.01 1.74 2.36 1.90 0.42 0.14 0.22 1.15 2.65 2.66 0.29 0.41 0.62 0.71 1.19 2.34 0.49 0.16 0.20 1.13 2.67 2.67 0.24 0.23 0.31 0.37 0.16 2.74

I got: 1.17 0.32 0.31 1.21 2.66 2.66 0.27 0.23 0.31 0.34 0.40 2.31 2.55 1.28 0.79 0.75 2.64 2.67 0.24 0.22 0.26 0.23 0.42 1.31 0.79 1.41 0.95 2.65 1.32 2.66 2.66 0.35 0.25 0.29 0.18 0.78 1.16 0.23 0.36 0.49 2.76 1.97 2.67 2.68 0.25 0.22 0.30 0.15 0.85 0.94 0.05 0.15 0.59 2.37 2.77 2.68 2.67 0.52 0.35 0.31 0.15 0.83 0.90 0.07 0.17 0.87 2.28 1.42 2.17 2.67 1.02 0.54 0.38 0.19 0.99 1.02 0.11 0.20 1.49 2.28 0.28 0.49 1.68 0.88 0.72 0.61 0.24 1.45 1.30 0.24 0.31 0.12 0.01 0.01 0.11 0.02 0.12 0.01 0.12 0.11 0.12 0.01 0.01 0.12 0.84 1.53 0.32 0.34 0.76 0.90 2.65 1.54 0.41 0.73 0.93 0.13 0.21 0.81 1.55 0.24 0.22 0.49 0.60 2.67 2.67 1.72 0.75 1.39 0.28 0.28 0.84 1.53 0.22 0.11 0.30 1.00 2.67 2.67 1.85 2.36 2.03 0.52 0.38 0.95 1.39 0.22 0.08 0.24 1.11 2.64 2.67 0.59 2.12 2.46 0.57 0.41 1.00 1.58 0.26 0.09 0.26 1.25 2.64 2.67 0.51 1.21 2.77 1.31 0.56 0.96 1.42 0.28 0.11 0.19 0.90 2.66 2.67 0.32 0.69 1.29 2.01 1.73 2.38 1.91 0.42 0.14 0.22 1.15 2.67 2.67 0.29 0.41 0.62 0.71 1.19 2.34 0.49 0.16 0.20 1.12 2.67 2.66 0.24 0.23 0.31 0.37 0.16 2.76

I got: 1.17 0.32 0.31 1.22 2.66 2.67 0.27 0.23 0.31 0.34 0.40 2.31 2.54 1.28 0.79 0.75 2.66 2.67 0.24 0.22 0.26 0.23 0.42 1.31 0.79 1.41 0.95 2.63 1.32 2.64 2.67 0.35 0.25 0.29 0.18 0.78 1.16 0.23 0.36 0.49 2.74 1.96 2.66 2.65 0.25 0.22 0.30 0.15 0.85 0.94 0.05 0.15 0.59 2.38 2.74 2.67 2.66 0.53 0.35 0.31 0.15 0.83 0.90 0.07 0.17 0.87 2.28 1.42 2.17 2.67 1.03 0.56 0.38 0.19 0.99 1.02 0.11 0.20 1.49 2.28 0.28 0.49 1.67 0.87 0.72 0.61 0.24 1.45 1.30 0.23 0.31 0.13 0.01 0.01 0.12 0.02 0.13 0.01 0.13 0.12 0.13 0.01 0.01 0.14 0.83 1.53 0.32 0.34 0.76 0.72 2.68 1.54 0.41 0.73 0.93 0.13 0.21 0.81 1.55 0.25 0.22 0.49 0.59 2.66 2.65 1.72 0.75 1.39 0.28 0.28 0.84 1.53 0.22 0.11 0.30 1.01 2.67 2.68 1.85 2.37 2.03 0.52 0.38 0.95 1.39 0.23 0.08 0.24 1.10 2.67 2.67 0.59 2.12 2.45 0.57 0.41 1.00 1.58 0.26 0.09 0.26 1.25 2.66 2.67 0.51 1.20 2.75 1.31 0.55 0.96 1.42 0.28 0.11 0.19 0.90 2.67 2.66 0.32 0.69 1.29 2.02 1.73 2.37 1.91 0.42 0.14 0.22 1.15 2.67 2.66 0.29 0.41 0.62 0.71 1.19 2.35 0.50 0.16 0.20 1.12 2.66 2.66 0.25 0.23 0.31 0.37 0.16 2.77

I got: 1.17 0.32 0.31 1.22 2.67 2.66 0.27 0.23 0.31 0.34 0.40 2.31 2.53 1.28 0.79 0.76 2.67 2.67 0.24 0.22 0.26 0.23 0.42 1.32 0.79 1.41 0.95 2.63 1.32 2.67 2.67 0.35 0.25 0.29 0.18 0.79 1.16 0.23 0.36 0.49 2.76 1.96 2.65 2.67 0.25 0.22 0.30 0.15 0.85 0.94 0.05 0.15 0.59 2.39 2.76 2.67 2.65 0.53 0.35 0.31 0.15 0.83 0.90 0.07 0.17 0.87 2.28 1.42 2.17 2.65 1.02 0.56 0.39 0.18 0.99 1.03 0.11 0.20 1.49 2.28 0.28 0.49 1.67 0.87 0.72 0.61 0.23 1.45 1.29 0.23 0.31 0.14 0.01 0.01 0.13 0.04 0.14 0.01 0.14 0.13 0.14 0.11 0.01 0.14 0.84 1.53 0.32 0.34 0.76 0.72 2.67 1.54 0.41 0.73 0.93 0.13 0.21 0.81 1.55 0.25 0.22 0.49 0.60 2.65 2.67 1.72 0.75 1.40 0.28 0.28 0.84 1.53 0.22 0.11 0.30 1.02 2.66 2.65 1.85 2.38 2.03 0.52 0.38 0.95 1.39 0.23 0.08 0.24 1.11 2.67 2.67 0.59 2.12 2.46 0.57 0.41 1.00 1.58 0.26 0.09 0.26 1.26 2.67 2.67 0.51 1.21 2.74 1.30 0.56 0.96 1.42 0.28 0.11 0.19 0.90 2.67 2.66 0.32 0.69 1.29 2.02 1.73 2.36 1.91 0.42 0.14 0.22 1.15 2.67 2.65 0.29 0.41 0.62 0.71 1.19 2.36 0.49 0.16 0.20 1.12 2.65 2.67 0.25 0.23 0.31 0.37 0.16 2.77

I got: 1.17 0.32 0.31 1.21 2.67 2.66 0.27 0.23 0.31 0.34 0.40 2.31 2.54 1.28 0.79 0.76 2.66 2.65 0.24 0.22 0.26 0.22 0.42 1.32 0.80 1.41 0.95 2.64 1.32 2.67 2.66 0.35 0.25 0.29 0.18 0.79 1.16 0.23 0.36 0.49 2.77 1.96 2.68 2.67 0.25 0.22 0.30 0.15 0.85 0.95 0.05 0.15 0.59 2.39 2.77 2.65 2.67 0.53 0.35 0.31 0.15 0.83 0.90 0.07 0.17 0.87 2.29 1.42 2.18 2.66 1.05 0.55 0.39 0.18 1.00 1.03 0.11 0.20 1.49 2.28 0.28 0.49 1.67 0.87 0.72 0.61 0.24 1.45 1.30 0.23 0.31 0.15 0.01 0.01 0.13 0.01 0.14 0.01 0.14 0.13 0.14 0.14 0.01 0.14 0.84 1.53 0.32 0.34 0.76 0.89 2.67 1.54 0.41 0.73 0.93 0.13 0.21 0.81 1.55 0.25 0.22 0.49 0.60 2.67 2.67 1.72 0.75 1.40 0.28 0.28 0.84 1.53 0.22 0.11 0.30 1.02 2.64 2.67 1.85 2.38 2.03 0.52 0.38 0.95 1.39 0.22 0.08 0.24 1.11 2.67 2.65 0.59 2.12 2.46 0.57 0.41 1.00 1.58 0.26 0.09 0.26 1.25 2.67 2.65 0.51 1.20 2.75 1.31 0.55 0.96 1.42 0.28 0.11 0.19 0.90 2.65 2.67 0.31 0.69 1.29 2.02 1.73 2.36 1.91 0.42 0.14 0.22 1.15 2.66 2.66 0.29 0.41 0.62 0.71 1.19 2.34 0.50 0.16 0.20 1.12 2.67 2.67 0.25 0.23 0.31 0.36 0.16 2.74

I got: 1.17 0.32 0.31 1.22 2.66 2.66 0.27 0.23 0.30 0.34 0.40 2.31 2.55 1.28 0.79 0.76 2.65 2.67 0.24 0.22 0.26 0.23 0.42 1.32 0.79 1.41 0.95 2.65 1.32 2.66 2.66 0.35 0.25 0.29 0.18 0.79 1.16 0.23 0.36 0.49 2.75 1.96 2.67 2.68 0.25 0.22 0.30 0.15 0.85 0.95 0.04 0.15 0.59 2.37 2.77 2.68 2.67 0.52 0.35 0.31 0.15 0.83 0.90 0.07 0.17 0.87 2.28 1.42 2.17 2.67 1.03 0.54 0.38 0.19 1.01 1.04 0.11 0.20 1.48 2.28 0.28 0.49 1.67 0.87 0.71 0.61 0.24 1.45 1.30 0.23 0.31 0.14 0.01 0.01 0.13 0.01 0.14 0.01 0.12 0.13 0.13 0.12 0.01 0.14 0.84 1.53 0.32 0.34 0.76 0.72 2.65 1.54 0.41 0.73 0.93 0.13 0.22 0.81 1.55 0.25 0.22 0.49 0.61 2.67 2.67 1.72 0.75 1.39 0.28 0.28 0.84 1.53 0.22 0.11 0.30 1.01 2.67 2.67 1.86 2.37 2.03 0.52 0.38 0.95 1.39 0.23 0.08 0.24 1.11 2.64 2.67 0.59 2.12 2.47 0.57 0.41 1.00 1.58 0.26 0.09 0.26 1.25 2.65 2.67 0.51 1.21 2.76 1.30 0.55 0.96 1.42 0.28 0.11 0.19 0.90 2.66 2.67 0.32 0.69 1.29 2.01 1.73 2.37 1.91 0.42 0.14 0.22 1.15 2.65 2.67 0.29 0.41 0.62 0.71 1.19 2.34 0.50 0.16 0.20 1.12 2.67 2.66 0.25 0.23 0.31 0.37 0.16 2.76

I got: 1.17 0.32 0.31 1.21 2.65 2.67 0.27 0.23 0.31 0.34 0.40 2.31 2.54 1.28 0.79 0.75 2.66 2.67 0.24 0.22 0.26 0.22 0.42 1.32 0.79 1.41 0.95 2.63 1.32 2.64 2.67 0.35 0.25 0.29 0.18 0.79 1.16 0.23 0.36 0.49 2.75 1.96 2.67 2.65 0.25 0.22 0.30 0.15 0.85 0.95 0.04 0.15 0.59 2.38 2.74 2.67 2.67 0.53 0.35 0.31 0.15 0.83 0.90 0.07 0.17 0.87 2.29 1.42 2.17 2.67 1.02 0.54 0.38 0.18 1.00 1.04 0.11 0.20 1.46 2.26 0.28 0.48 1.64 0.86 0.71 0.60 0.23 1.43 1.28 0.23 0.31 0.14 0.01 0.01 0.13 0.01 0.14 0.01 0.13 0.13 0.13 0.12 0.01 0.13 0.83 1.53 0.32 0.33 0.76 0.72 2.67 1.54 0.41 0.73 0.93 0.13 0.21 0.81 1.55 0.25 0.22 0.49 0.60 2.66 2.66 1.72 0.75 1.40 0.28 0.28 0.84 1.53 0.22 0.11 0.30 1.00 2.67 2.67 1.85 2.37 2.04 0.52 0.38 0.95 1.39 0.23 0.08 0.24 1.11 2.67 2.67 0.60 2.12 2.46 0.57 0.41 1.00 1.58 0.26 0.09 0.26 1.25 2.66 2.67 0.51 1.20 2.75 1.30 0.55 0.96 1.42 0.28 0.11 0.19 0.91 2.67 2.66 0.31 0.69 1.29 2.02 1.73 2.37 1.91 0.42 0.14 0.22 1.15 2.67 2.67 0.29 0.41 0.62 0.71 1.19 2.35 0.50 0.16 0.20 1.13 2.65 2.66 0.25 0.23 0.31 0.37 0.16 2.77

I got: 1.17 0.32 0.31 1.22 2.67 2.67 0.27 0.23 0.31 0.34 0.40 2.32 2.53 1.28 0.79 0.75 2.67 2.67 0.24 0.22 0.26 0.22 0.42 1.32 0.79 1.41 0.95 2.63 1.33 2.67 2.67 0.35 0.25 0.29 0.18 0.79 1.16 0.23 0.36 0.49 2.76 1.96 2.65 2.67 0.26 0.22 0.30 0.15 0.85 0.95 0.04 0.15 0.59 2.39 2.76 2.67 2.65 0.53 0.35 0.31 0.15 0.83 0.90 0.07 0.17 0.87 2.28 1.42 2.17 2.66 1.03 0.54 0.38 0.19 1.01 1.04 0.11 0.20 1.46 2.26 0.27 0.48 1.64 0.86 0.70 0.59 0.23 1.42 1.27 0.23 0.31 0.14 0.01 0.01 0.13 0.01 0.13 0.01 0.12 0.12 0.13 0.12 0.01 0.12 0.84 1.53 0.32 0.34 0.76 0.73 2.67 1.54 0.41 0.73 0.93 0.13 0.21 0.81 1.55 0.25 0.22 0.49 0.61 2.66 2.67 1.72 0.75 1.40 0.28 0.28 0.84 1.53 0.22 0.11 0.30 1.00 2.66 2.66 1.85 2.38 2.03 0.52 0.38 0.95 1.39 0.23 0.08 0.24 1.11 2.67 2.67 0.59 2.12 2.46 0.57 0.41 1.00 1.58 0.26 0.09 0.26 1.26 2.67 2.67 0.51 1.21 2.74 1.31 0.55 0.96 1.42 0.28 0.11 0.19 0.91 2.67 2.66 0.31 0.69 1.29 2.01 1.73 2.36 1.91 0.42 0.14 0.22 1.16 2.67 2.64 0.29 0.41 0.62 0.71 1.19 2.36 0.50 0.16 0.20 1.13 2.65 2.67 0.25 0.23 0.31 0.37 0.16 2.76

