I got: 1.09 0.13 0.35 1.47 2.67 2.65 0.38 0.48 0.41 0.39 0.36 2.32 2.51 0.18 0.28 0.98 2.67 2.66 0.45 0.57 0.45 0.31 0.34 1.40 0.82 1.42 1.01 0.37 1.45 2.67 2.67 0.31 0.42 0.36 0.23 0.66 1.18 0.27 0.37 0.77 2.19 1.76 2.65 2.67 0.14 0.30 0.33 0.13 0.89 0.93 0.08 0.09 0.78 2.26 0.89 2.67 2.66 0.34 0.39 0.37 0.17 0.93 1.05 0.04 0.11 0.72 2.47 1.01 0.21 2.66 1.11 0.72 0.46 0.24 0.95 1.23 0.05 0.15 1.32 2.54 1.00 0.17 0.43 0.92 0.90 0.70 0.25 1.43 1.31 0.19 0.22 0.13 0.01 0.01 0.11 0.01 0.12 0.01 0.11 0.11 0.12 0.12 0.01 0.11 0.63 2.00 0.64 0.11 0.29 0.79 2.67 1.58 0.47 0.72 1.06 0.20 0.24 0.65 2.06 0.62 0.11 0.25 0.67 2.67 2.67 1.65 0.80 1.45 0.40 0.36 0.83 1.82 0.48 0.11 0.25 1.02 2.65 2.67 1.95 2.32 1.93 0.55 0.42 1.01 1.50 0.35 0.11 0.27 1.20 2.66 2.65 0.74 2.14 2.41 0.60 0.44 1.10 1.66 0.37 0.12 0.30 1.37 2.67 2.65 0.67 1.35 2.74 1.27 0.57 0.98 1.47 0.32 0.09 0.23 1.00 2.65 2.67 0.45 0.83 1.27 1.97 1.69 2.34 1.91 0.35 0.11 0.30 1.33 2.65 2.67 0.41 0.60 0.67 0.71 1.14 2.33 0.35 0.11 0.30 1.33 2.67 2.67 0.31 0.40 0.37 0.38 0.14 2.74

I got: 1.09 0.13 0.35 1.47 2.66 2.66 0.38 0.48 0.41 0.38 0.36 2.31 2.52 0.18 0.28 0.98 2.65 2.67 0.44 0.57 0.45 0.31 0.34 1.40 0.82 1.42 1.01 0.36 1.45 2.66 2.66 0.31 0.42 0.36 0.23 0.66 1.18 0.27 0.37 0.77 2.19 1.76 2.67 2.67 0.14 0.30 0.33 0.13 0.89 0.93 0.08 0.09 0.78 2.26 0.89 2.65 2.67 0.34 0.39 0.37 0.17 0.93 1.05 0.04 0.11 0.72 2.48 1.01 0.21 2.67 1.11 0.72 0.46 0.24 0.95 1.23 0.05 0.15 1.33 2.51 1.01 0.17 0.43 0.92 0.90 0.70 0.25 1.43 1.31 0.19 0.22 0.13 0.01 0.01 0.11 0.01 0.12 0.01 0.12 0.11 0.12 0.12 0.01 0.12 0.63 2.00 0.64 0.11 0.29 0.80 2.65 1.58 0.47 0.72 1.06 0.20 0.24 0.65 2.06 0.62 0.11 0.25 0.67 2.67 2.67 1.66 0.80 1.45 0.40 0.35 0.83 1.82 0.48 0.11 0.25 1.03 2.67 2.67 1.95 2.32 1.94 0.55 0.42 1.01 1.50 0.35 0.11 0.27 1.20 2.64 2.67 0.74 2.15 2.41 0.60 0.44 1.10 1.66 0.38 0.12 0.30 1.38 2.64 2.67 0.67 1.34 2.75 1.27 0.57 0.98 1.47 0.32 0.09 0.23 1.00 2.66 2.67 0.45 0.83 1.27 1.97 1.68 2.35 1.92 0.35 0.11 0.30 1.33 2.67 2.67 0.41 0.60 0.67 0.71 1.14 2.34 0.35 0.11 0.30 1.33 2.67 2.66 0.31 0.39 0.37 0.38 0.14 2.76

I got: 1.09 0.13 0.35 1.47 2.66 2.67 0.38 0.48 0.41 0.38 0.36 2.32 2.51 0.18 0.27 0.98 2.66 2.67 0.44 0.57 0.45 0.31 0.34 1.40 0.82 1.42 1.02 0.36 1.45 2.64 2.67 0.31 0.42 0.36 0.23 0.66 1.18 0.27 0.37 0.77 2.19 1.77 2.67 2.66 0.13 0.31 0.33 0.13 0.90 0.93 0.08 0.09 0.78 2.25 0.90 2.66 2.67 0.35 0.39 0.37 0.17 0.93 1.05 0.04 0.11 0.72 2.48 1.02 0.21 2.67 1.11 0.72 0.46 0.24 0.95 1.23 0.05 0.15 1.33 2.52 1.02 0.17 0.43 0.93 0.91 0.70 0.25 1.44 1.31 0.19 0.22 0.12 0.01 0.01 0.11 0.01 0.11 0.01 0.11 0.12 0.12 0.11 0.01 0.12 0.63 1.99 0.64 0.11 0.29 0.80 2.68 1.58 0.47 0.72 1.06 0.20 0.24 0.65 2.06 0.63 0.11 0.25 0.68 2.66 2.65 1.66 0.80 1.45 0.40 0.35 0.83 1.82 0.49 0.11 0.25 1.02 2.67 2.67 1.96 2.32 1.93 0.55 0.42 1.01 1.49 0.36 0.11 0.27 1.20 2.68 2.67 0.74 2.14 2.42 0.60 0.44 1.10 1.65 0.38 0.12 0.30 1.38 2.66 2.67 0.67 1.35 2.74 1.27 0.57 0.98 1.47 0.32 0.09 0.23 1.00 2.67 2.66 0.45 0.83 1.27 1.97 1.69 2.33 1.91 0.35 0.11 0.30 1.33 2.67 2.67 0.41 0.60 0.67 0.71 1.13 2.35 0.35 0.11 0.30 1.33 2.66 2.66 0.31 0.40 0.37 0.38 0.14 2.77

I got: 1.10 0.13 0.35 1.47 2.67 2.67 0.38 0.48 0.41 0.39 0.36 2.32 2.51 0.18 0.28 0.99 2.68 2.66 0.44 0.57 0.45 0.31 0.34 1.40 0.82 1.41 1.02 0.36 1.44 2.67 2.67 0.31 0.42 0.36 0.23 0.66 1.18 0.27 0.37 0.77 2.19 1.76 2.66 2.66 0.14 0.31 0.33 0.13 0.90 0.93 0.08 0.09 0.78 2.25 0.90 2.67 2.68 0.34 0.39 0.37 0.17 0.93 1.05 0.04 0.11 0.72 2.46 1.02 0.21 2.67 1.12 0.72 0.46 0.24 0.94 1.22 0.05 0.15 1.36 2.56 1.04 0.17 0.44 0.94 0.93 0.71 0.26 1.47 1.34 0.19 0.22 0.13 0.01 0.00 0.12 0.01 0.12 0.01 0.11 0.12 0.12 0.14 0.01 0.14 0.63 1.99 0.64 0.11 0.29 0.81 2.67 1.58 0.47 0.72 1.06 0.20 0.24 0.65 2.06 0.63 0.11 0.25 0.67 2.65 2.67 1.66 0.80 1.45 0.40 0.35 0.83 1.81 0.49 0.11 0.25 1.02 2.66 2.66 1.95 2.32 1.93 0.55 0.42 1.01 1.49 0.36 0.11 0.27 1.20 2.67 2.68 0.74 2.13 2.42 0.60 0.44 1.09 1.65 0.38 0.12 0.30 1.38 2.67 2.67 0.67 1.34 2.73 1.27 0.57 0.98 1.47 0.32 0.09 0.23 1.00 2.67 2.66 0.45 0.83 1.27 1.97 1.68 2.33 1.91 0.35 0.11 0.30 1.33 2.67 2.65 0.41 0.60 0.67 0.71 1.13 2.34 0.36 0.11 0.30 1.33 2.66 2.67 0.31 0.39 0.37 0.38 0.14 2.77

I got: 1.10 0.13 0.35 1.48 2.67 2.65 0.38 0.48 0.41 0.38 0.36 2.33 2.52 0.18 0.28 0.99 2.67 2.66 0.44 0.57 0.45 0.31 0.35 1.40 0.82 1.42 1.02 0.37 1.44 2.67 2.68 0.31 0.42 0.36 0.23 0.66 1.18 0.27 0.37 0.77 2.18 1.76 2.64 2.67 0.13 0.31 0.33 0.13 0.90 0.93 0.08 0.09 0.78 2.25 0.90 2.67 2.65 0.34 0.39 0.37 0.17 0.93 1.05 0.04 0.11 0.72 2.46 1.02 0.21 2.65 1.11 0.72 0.46 0.24 0.95 1.23 0.05 0.15 1.32 2.52 1.02 0.17 0.43 0.92 0.91 0.70 0.25 1.43 1.31 0.19 0.21 0.14 0.01 0.01 0.14 0.01 0.14 0.01 0.14 0.14 0.14 0.14 0.01 0.14 0.63 1.99 0.64 0.11 0.29 0.80 2.67 1.58 0.47 0.72 1.06 0.20 0.24 0.65 2.05 0.63 0.11 0.25 0.67 2.67 2.67 1.65 0.80 1.45 0.40 0.36 0.83 1.81 0.49 0.11 0.25 1.03 2.65 2.67 1.95 2.32 1.93 0.55 0.42 1.01 1.49 0.36 0.11 0.27 1.20 2.67 2.65 0.74 2.15 2.41 0.60 0.44 1.09 1.65 0.38 0.12 0.30 1.38 2.67 2.65 0.67 1.34 2.74 1.27 0.57 0.98 1.47 0.32 0.09 0.23 0.99 2.65 2.67 0.45 0.83 1.27 1.97 1.69 2.34 1.91 0.36 0.11 0.31 1.32 2.65 2.67 0.41 0.60 0.67 0.71 1.13 2.33 0.35 0.11 0.30 1.32 2.67 2.67 0.31 0.39 0.37 0.38 0.14 2.74

I got: 1.10 0.13 0.35 1.47 2.66 2.66 0.38 0.48 0.41 0.39 0.36 2.32 2.53 0.18 0.28 0.98 2.65 2.67 0.44 0.57 0.45 0.31 0.34 1.40 0.82 1.41 1.02 0.37 1.44 2.66 2.66 0.31 0.42 0.36 0.23 0.66 1.18 0.28 0.37 0.77 2.18 1.76 2.66 2.67 0.13 0.31 0.33 0.13 0.90 0.93 0.08 0.09 0.78 2.25 0.90 2.65 2.67 0.34 0.39 0.37 0.17 0.93 1.05 0.04 0.11 0.72 2.47 1.01 0.21 2.66 1.18 0.77 0.48 0.24 0.93 1.21 0.06 0.16 1.37 2.56 1.05 0.18 0.44 0.95 0.94 0.72 0.26 1.48 1.35 0.19 0.22 0.15 0.01 0.01 0.13 0.01 0.14 0.01 0.13 0.14 0.14 0.15 0.01 0.14 0.62 1.99 0.64 0.11 0.29 1.07 2.65 1.58 0.47 0.73 1.06 0.20 0.24 0.65 2.06 0.63 0.11 0.25 0.68 2.67 2.67 1.66 0.80 1.45 0.40 0.35 0.83 1.81 0.49 0.11 0.26 1.01 2.67 2.67 1.95 2.32 1.94 0.55 0.42 1.01 1.49 0.36 0.11 0.27 1.20 2.65 2.67 0.74 2.15 2.42 0.60 0.44 1.09 1.65 0.38 0.12 0.31 1.37 2.64 2.67 0.67 1.34 2.75 1.27 0.57 0.98 1.47 0.32 0.09 0.24 1.00 2.66 2.67 0.45 0.83 1.27 1.97 1.68 2.34 1.91 0.35 0.11 0.31 1.33 2.66 2.67 0.41 0.60 0.67 0.71 1.13 2.34 0.35 0.11 0.31 1.32 2.67 2.65 0.31 0.39 0.37 0.38 0.14 2.76

I got: 1.10 0.13 0.35 1.47 2.65 2.67 0.38 0.48 0.42 0.39 0.36 2.32 2.51 0.18 0.28 0.98 2.66 2.67 0.44 0.57 0.45 0.31 0.35 1.40 0.82 1.41 1.02 0.37 1.44 2.64 2.67 0.31 0.42 0.36 0.23 0.66 1.18 0.28 0.37 0.77 2.18 1.76 2.67 2.65 0.13 0.31 0.33 0.13 0.90 0.93 0.08 0.09 0.78 2.24 0.90 2.67 2.67 0.34 0.39 0.37 0.17 0.93 1.05 0.04 0.11 0.72 2.47 1.02 0.21 2.67 1.12 0.73 0.46 0.24 0.95 1.23 0.05 0.15 1.32 2.51 1.02 0.17 0.43 0.92 0.91 0.70 0.25 1.43 1.31 0.18 0.22 0.14 0.01 0.01 0.13 0.01 0.14 0.01 0.13 0.14 0.14 0.14 0.01 0.14 0.62 1.99 0.64 0.11 0.29 0.81 2.68 1.58 0.47 0.72 1.06 0.20 0.24 0.64 2.05 0.63 0.11 0.25 0.67 2.66 2.66 1.66 0.80 1.45 0.40 0.35 0.82 1.81 0.49 0.11 0.26 1.02 2.67 2.67 1.96 2.32 1.93 0.55 0.42 1.00 1.49 0.36 0.11 0.27 1.20 2.67 2.67 0.74 2.14 2.42 0.60 0.44 1.09 1.65 0.38 0.12 0.31 1.37 2.66 2.67 0.68 1.34 2.74 1.27 0.57 0.98 1.47 0.32 0.09 0.24 0.99 2.67 2.67 0.45 0.83 1.27 1.97 1.68 2.33 1.91 0.35 0.11 0.31 1.32 2.67 2.67 0.41 0.60 0.67 0.71 1.13 2.34 0.35 0.11 0.31 1.32 2.66 2.66 0.31 0.39 0.37 0.38 0.14 2.77

I got: 1.10 0.13 0.35 1.47 2.67 2.67 0.38 0.48 0.41 0.39 0.36 2.32 2.51 0.18 0.28 0.98 2.68 2.66 0.45 0.57 0.45 0.31 0.34 1.40 0.82 1.42 1.02 0.37 1.44 2.68 2.67 0.31 0.43 0.36 0.23 0.66 1.18 0.28 0.37 0.77 2.19 1.75 2.66 2.66 0.13 0.31 0.33 0.13 0.90 0.93 0.08 0.09 0.78 2.25 0.90 2.67 2.67 0.34 0.39 0.37 0.17 0.93 1.05 0.04 0.11 0.72 2.46 1.02 0.21 2.67 1.12 0.72 0.46 0.24 0.95 1.23 0.05 0.15 1.32 2.53 1.01 0.17 0.42 0.92 0.91 0.70 0.25 1.43 1.31 0.18 0.22 0.14 0.01 0.01 0.13 0.01 0.13 0.01 0.13 0.14 0.13 0.14 0.01 0.14 0.62 1.99 0.64 0.11 0.29 0.80 2.67 1.58 0.47 0.73 1.06 0.20 0.24 0.65 2.05 0.63 0.12 0.26 0.67 2.65 2.67 1.66 0.80 1.45 0.40 0.36 0.82 1.81 0.49 0.12 0.26 1.01 2.66 2.66 1.95 2.32 1.94 0.55 0.42 1.01 1.49 0.36 0.11 0.27 1.19 2.67 2.68 0.74 2.14 2.42 0.60 0.44 1.09 1.65 0.38 0.12 0.31 1.37 2.67 2.67 0.67 1.34 2.73 1.27 0.57 0.98 1.47 0.32 0.09 0.24 1.00 2.67 2.67 0.45 0.83 1.27 1.97 1.68 2.33 1.91 0.35 0.11 0.31 1.33 2.67 2.66 0.41 0.60 0.67 0.71 1.13 2.34 0.35 0.11 0.31 1.33 2.65 2.67 0.31 0.39 0.37 0.38 0.14 2.77

I got: 1.10 0.14 0.35 1.47 2.67 2.65 0.38 0.48 0.42 0.39 0.36 2.33 2.52 0.18 0.28 0.98 2.67 2.66 0.44 0.57 0.45 0.31 0.34 1.40 0.82 1.41 1.02 0.37 1.44 2.67 2.68 0.31 0.43 0.36 0.23 0.66 1.18 0.28 0.37 0.77 2.18 1.75 2.64 2.67 0.14 0.31 0.33 0.13 0.90 0.93 0.08 0.09 0.78 2.25 0.90 2.67 2.65 0.34 0.39 0.37 0.17 0.93 1.05 0.04 0.11 0.72 2.47 1.02 0.22 2.65 1.12 0.72 0.46 0.24 0.95 1.23 0.05 0.15 1.32 2.52 1.01 0.18 0.42 0.92 0.91 0.70 0.25 1.43 1.31 0.18 0.22 0.13 0.01 0.01 0.12 0.01 0.13 0.01 0.13 0.12 0.13 0.14 0.01 0.13 0.62 1.99 0.64 0.11 0.29 0.80 2.67 1.59 0.47 0.73 1.06 0.20 0.24 0.65 2.05 0.63 0.12 0.26 0.67 2.67 2.67 1.66 0.81 1.45 0.40 0.35 0.82 1.81 0.49 0.12 0.26 1.02 2.65 2.67 1.95 2.31 1.93 0.55 0.42 1.01 1.49 0.36 0.11 0.28 1.20 2.66 2.65 0.74 2.14 2.41 0.60 0.44 1.09 1.65 0.38 0.12 0.31 1.38 2.67 2.65 0.67 1.34 2.75 1.27 0.57 0.98 1.47 0.32 0.09 0.24 1.00 2.65 2.67 0.45 0.83 1.27 1.96 1.68 2.34 1.91 0.35 0.11 0.31 1.32 2.66 2.66 0.41 0.60 0.67 0.71 1.13 2.33 0.35 0.11 0.31 1.33 2.67 2.67 0.31 0.39 0.37 0.39 0.14 2.74

I got: 1.10 0.14 0.36 1.47 2.67 2.66 0.38 0.48 0.42 0.39 0.36 2.32 2.53 0.18 0.28 0.99 2.66 2.66 0.44 0.57 0.45 0.31 0.34 1.40 0.82 1.41 1.02 0.37 1.44 2.67 2.66 0.31 0.43 0.36 0.23 0.66 1.18 0.28 0.37 0.77 2.18 1.76 2.67 2.67 0.13 0.31 0.33 0.13 0.90 0.93 0.08 0.09 0.78 2.26 0.90 2.65 2.67 0.35 0.39 0.37 0.17 0.94 1.05 0.04 0.11 0.72 2.47 1.02 0.22 2.67 1.12 0.72 0.46 0.24 0.95 1.23 0.05 0.15 1.32 2.51 1.01 0.18 0.42 0.92 0.91 0.70 0.25 1.44 1.31 0.18 0.22 0.13 0.01 0.01 0.12 0.01 0.12 0.01 0.12 0.12 0.12 0.13 0.01 0.13 0.62 1.99 0.64 0.12 0.29 0.80 2.65 1.59 0.47 0.73 1.06 0.20 0.24 0.65 2.06 0.62 0.12 0.26 0.67 2.67 2.68 1.66 0.80 1.45 0.40 0.35 0.83 1.81 0.48 0.12 0.26 1.02 2.67 2.67 1.96 2.32 1.94 0.55 0.42 1.01 1.49 0.35 0.11 0.28 1.20 2.64 2.67 0.74 2.15 2.42 0.60 0.44 1.09 1.66 0.38 0.13 0.31 1.38 2.64 2.67 0.67 1.34 2.75 1.27 0.57 0.98 1.47 0.32 0.09 0.24 1.00 2.66 2.67 0.45 0.83 1.27 1.97 1.68 2.34 1.91 0.35 0.11 0.31 1.33 2.65 2.67 0.41 0.60 0.67 0.71 1.13 2.34 0.35 0.12 0.31 1.33 2.67 2.66 0.31 0.39 0.37 0.38 0.14 2.75

I got: 1.10 0.14 0.36 1.48 2.65 2.67 0.38 0.48 0.42 0.39 0.36 2.32 2.52 0.18 0.28 0.98 2.66 2.67 0.44 0.57 0.45 0.31 0.34 1.40 0.82 1.41 1.03 0.37 1.45 2.64 2.67 0.31 0.43 0.36 0.23 0.66 1.18 0.28 0.37 0.77 2.18 1.76 2.67 2.67 0.13 0.31 0.33 0.13 0.90 0.93 0.08 0.09 0.78 2.25 0.90 2.67 2.67 0.35 0.39 0.37 0.17 0.94 1.05 0.04 0.11 0.72 2.48 1.02 0.22 2.67 1.11 0.72 0.46 0.24 0.95 1.23 0.05 0.15 1.32 2.51 1.01 0.18 0.42 0.92 0.91 0.70 0.25 1.43 1.31 0.18 0.22 0.13 0.01 0.01 0.12 0.01 0.12 0.01 0.11 0.11 0.12 0.14 0.01 0.12 0.63 1.99 0.64 0.12 0.29 0.80 2.68 1.59 0.47 0.73 1.06 0.20 0.24 0.65 2.06 0.62 0.12 0.26 0.68 2.66 2.66 1.66 0.81 1.45 0.40 0.36 0.83 1.82 0.48 0.12 0.27 1.03 2.67 2.66 1.96 2.32 1.93 0.55 0.42 1.01 1.50 0.35 0.12 0.28 1.21 2.68 2.67 0.74 2.14 2.42 0.60 0.44 1.09 1.66 0.38 0.13 0.32 1.38 2.67 2.67 0.67 1.34 2.75 1.27 0.57 0.98 1.47 0.32 0.09 0.24 1.00 2.67 2.66 0.45 0.83 1.27 1.97 1.68 2.33 1.91 0.35 0.12 0.32 1.33 2.67 2.67 0.41 0.60 0.67 0.71 1.13 2.34 0.35 0.12 0.32 1.33 2.66 2.66 0.31 0.39 0.37 0.39 0.14 2.77

I got: 1.10 0.14 0.36 1.48 2.67 2.67 0.38 0.48 0.42 0.39 0.36 2.33 2.51 0.19 0.28 0.98 2.68 2.66 0.44 0.57 0.45 0.31 0.35 1.40 0.82 1.41 1.02 0.38 1.45 2.68 2.67 0.31 0.43 0.36 0.23 0.66 1.18 0.28 0.37 0.77 2.19 1.76 2.67 2.65 0.14 0.31 0.33 0.13 0.90 0.93 0.08 0.09 0.79 2.26 0.90 2.67 2.67 0.35 0.39 0.37 0.17 0.94 1.05 0.04 0.11 0.72 2.47 1.01 0.22 2.67 1.11 0.72 0.46 0.24 0.95 1.23 0.05 0.15 1.32 2.53 1.01 0.18 0.41 0.92 0.91 0.70 0.25 1.44 1.31 0.18 0.22 0.14 0.01 0.01 0.11 0.01 0.12 0.01 0.11 0.11 0.12 0.13 0.01 0.12 0.63 2.00 0.64 0.12 0.29 0.80 2.67 1.59 0.47 0.73 1.06 0.20 0.24 0.65 2.06 0.62 0.12 0.26 0.68 2.65 2.67 1.66 0.81 1.45 0.40 0.35 0.83 1.82 0.48 0.12 0.27 1.03 2.66 2.65 1.95 2.31 1.94 0.55 0.42 1.01 1.50 0.35 0.12 0.28 1.21 2.67 2.67 0.74 2.14 2.42 0.60 0.44 1.10 1.66 0.38 0.13 0.32 1.39 2.67 2.67 0.68 1.34 2.72 1.27 0.57 0.98 1.48 0.32 0.10 0.24 1.01 2.67 2.67 0.45 0.83 1.28 1.97 1.68 2.33 1.91 0.35 0.12 0.32 1.33 2.67 2.65 0.41 0.60 0.67 0.71 1.13 2.34 0.35 0.12 0.32 1.34 2.65 2.67 0.31 0.39 0.37 0.39 0.14 2.77

I got: 1.10 0.15 0.36 1.48 2.67 2.65 0.38 0.48 0.42 0.39 0.36 2.33 2.52 0.19 0.29 0.99 2.67 2.68 0.44 0.57 0.45 0.31 0.35 1.40 0.82 1.41 1.03 0.38 1.45 2.67 2.68 0.31 0.43 0.36 0.23 0.66 1.18 0.28 0.38 0.77 2.19 1.76 2.65 2.67 0.14 0.31 0.33 0.13 0.90 0.93 0.08 0.09 0.79 2.27 0.90 2.67 2.65 0.35 0.40 0.37 0.17 0.94 1.05 0.04 0.11 0.72 2.47 1.01 0.22 2.65 1.11 0.72 0.46 0.24 0.95 1.23 0.05 0.15 1.33 2.54 1.01 0.19 0.41 0.92 0.91 0.70 0.25 1.44 1.31 0.18 0.22 0.12 0.01 0.01 0.11 0.01 0.11 0.01 0.11 0.11 0.12 0.12 0.01 0.12 0.63 2.00 0.64 0.12 0.29 0.81 2.67 1.59 0.47 0.73 1.06 0.20 0.24 0.65 2.07 0.62 0.13 0.26 0.67 2.67 2.67 1.66 0.81 1.45 0.40 0.35 0.83 1.82 0.48 0.12 0.27 1.03 2.65 2.67 1.96 2.31 1.93 0.55 0.42 1.01 1.50 0.35 0.12 0.28 1.21 2.67 2.65 0.74 2.14 2.42 0.60 0.44 1.10 1.66 0.38 0.13 0.32 1.39 2.67 2.65 0.67 1.34 2.74 1.27 0.57 0.98 1.48 0.32 0.10 0.25 1.00 2.66 2.66 0.45 0.83 1.27 1.96 1.68 2.34 1.91 0.35 0.12 0.32 1.33 2.66 2.66 0.41 0.60 0.67 0.71 1.13 2.33 0.35 0.12 0.32 1.34 2.67 2.67 51.53 0.39 0.38 0.38 0.15 2.74

I got: 1.10 0.14 0.37 1.48 2.66 2.66 0.38 0.48 0.42 0.39 0.36 2.32 2.53 0.19 0.29 0.99 2.66 2.67 0.44 0.57 0.45 0.31 0.35 1.40 0.82 1.41 1.03 0.38 1.45 2.66 2.66 0.31 0.43 0.36 0.23 0.66 1.18 0.28 0.37 0.78 2.18 1.76 2.68 2.67 0.14 0.31 0.33 0.13 0.90 0.93 0.08 0.09 0.79 2.27 0.90 2.65 2.67 0.35 0.40 0.37 0.17 0.94 1.06 0.04 0.11 0.73 2.47 1.01 0.22 2.67 1.11 0.72 0.46 0.24 0.95 1.23 0.05 0.15 1.33 2.51 1.01 0.19 0.41 0.92 0.91 0.70 0.25 1.44 1.31 0.18 0.22 0.12 0.01 0.01 0.12 0.01 0.12 0.01 0.11 0.12 0.11 0.12 0.01 0.12 0.63 2.00 0.64 0.12 0.30 0.80 2.65 1.59 0.47 0.73 1.06 0.20 0.24 0.65 2.07 0.62 0.13 0.26 0.68 2.67 2.67 1.66 0.81 1.45 0.40 0.35 0.83 1.82 0.48 0.13 0.27 1.03 2.67 2.67 1.96 2.32 1.94 0.55 0.42 1.01 1.50 0.35 0.12 0.28 1.21 2.65 2.67 0.74 2.15 2.41 0.60 0.44 1.10 1.67 0.38 0.13 0.32 1.39 2.64 2.67 0.67 1.34 2.75 1.27 0.57 0.98 1.48 0.32 0.10 0.25 1.00 2.66 2.67 0.45 0.82 1.28 1.97 1.68 2.34 1.92 0.35 0.12 0.32 1.34 2.65 2.67 0.41 0.60 0.67 0.71 1.13 2.34 0.35 0.12 0.32 1.34 2.67 2.67 0.31 0.39 0.37 0.39 0.14 2.76

I got: 1.11 0.15 0.37 1.48 2.64 2.67 0.38 0.48 0.42 0.39 0.37 2.32 2.52 0.19 0.29 0.99 2.66 2.67 0.44 0.57 0.45 0.31 0.35 1.40 0.82 1.41 1.03 0.38 1.46 2.64 2.67 0.31 0.43 0.36 0.23 0.66 1.18 0.28 0.37 0.77 2.19 1.76 2.67 51.53 0.14 0.31 0.33 0.13 0.90 0.92 0.08 0.09 0.79 2.26 0.90 2.67 2.67 0.35 0.40 0.37 0.17 0.94 1.05 0.04 0.11 0.73 2.48 1.02 0.22 2.67 1.11 0.72 0.46 0.24 0.96 1.23 0.05 0.15 1.33 2.52 1.01 0.19 0.41 0.92 0.91 0.70 0.25 1.44 1.31 0.18 0.22 0.13 0.01 0.01 0.11 0.01 0.12 0.01 0.12 0.12 0.12 0.13 0.01 0.14 0.63 2.00 0.64 0.12 0.29 0.80 2.67 1.59 0.47 0.73 1.06 0.20 0.24 0.65 2.06 0.63 0.13 0.26 0.68 2.67 2.65 1.66 0.81 1.45 0.40 0.36 0.83 1.82 0.48 0.13 0.27 1.03 2.67 2.68 1.96 2.32 1.94 0.55 0.42 1.01 1.50 0.35 0.12 0.29 1.21 2.68 2.67 0.74 2.14 2.42 0.59 0.44 1.10 1.66 0.38 0.13 0.32 1.39 2.67 2.67 0.68 1.34 2.75 1.27 0.57 0.98 1.47 0.32 0.10 0.25 1.01 2.68 2.67 0.45 0.83 1.27 1.96 1.68 2.33 1.92 0.35 0.12 0.32 1.33 2.67 2.67 0.41 0.60 0.67 0.71 1.13 2.35 0.35 0.12 0.32 1.33 2.66 2.66 0.31 0.39 0.37 0.39 0.15 2.77

I got: 1.10 0.15 0.37 1.48 2.66 2.67 0.38 0.48 0.42 0.39 0.37 2.32 2.51 0.19 0.29 0.99 2.69 2.67 0.44 0.57 0.45 0.31 0.35 1.40 0.82 1.41 1.03 0.38 1.45 2.68 2.67 0.31 0.43 0.36 0.23 0.66 1.18 0.28 0.37 0.78 2.19 1.76 2.67 2.66 0.13 0.31 0.33 0.13 0.90 0.92 0.08 0.09 0.79 2.26 0.90 2.67 2.67 0.35 0.40 0.37 0.17 0.94 1.06 0.04 0.11 0.73 2.47 1.02 0.23 2.66 1.11 0.72 0.46 0.24 0.96 1.23 0.04 0.15 1.33 2.53 1.01 0.19 0.41 0.92 0.91 0.70 0.25 1.44 1.31 0.18 0.22 0.13 0.01 0.01 0.13 0.01 0.13 0.01 0.13 0.13 0.13 0.14 0.01 0.13 0.63 2.00 0.64 0.12 0.29 0.80 2.67 1.59 0.47 0.73 1.06 0.19 0.24 0.65 2.07 0.63 0.13 0.27 0.68 2.65 2.67 1.66 0.81 1.45 0.40 0.36 0.83 1.82 0.48 0.13 0.27 1.03 2.67 2.65 1.95 2.32 1.94 0.55 0.42 1.01 1.50 0.36 0.12 0.29 1.20 2.67 2.68 0.74 2.14 2.42 0.60 0.44 1.10 1.67 0.38 0.13 0.32 1.38 2.67 2.67 0.68 1.34 2.73 1.27 0.57 0.98 1.48 0.32 0.10 0.25 1.00 2.67 2.67 0.46 0.83 1.28 1.97 1.68 2.33 1.92 0.35 0.12 0.32 1.33 2.67 2.65 0.41 0.60 0.67 0.71 1.13 2.35 0.35 0.12 0.32 1.33 2.65 2.67 0.31 0.39 0.37 0.39 0.15 2.77

