I got: 1.11 0.26 0.12 1.31 2.64 2.66 0.29 0.39 0.39 0.37 0.32 2.30 2.67 0.33 0.10 0.95 2.64 2.66 0.08 0.06 0.12 0.09 0.52 0.83 0.21 0.62 0.47 2.77 1.48 2.66 2.64 0.46 0.44 0.32 0.21 0.85 1.34 0.15 0.11 0.52 1.80 1.99 2.66 2.65 0.34 0.35 0.29 0.17 0.75 1.08 0.09 0.08 0.46 1.57 2.77 2.66 2.66 0.61 0.53 0.36 0.20 0.71 1.06 0.09 0.10 0.58 1.79 1.07 2.21 2.67 1.03 0.69 0.44 0.23 0.88 1.21 0.07 0.11 0.98 2.20 0.71 0.49 1.72 0.99 0.92 0.69 0.24 1.38 1.33 0.13 0.13 0.13 0.01 0.01 0.11 0.08 0.13 0.11 0.11 0.01 0.01 0.01 0.01 0.11 0.38 1.44 0.71 0.41 0.85 0.71 2.64 1.59 0.48 0.69 1.08 0.19 0.20 0.26 1.49 0.81 0.35 0.66 0.51 2.66 2.63 1.68 0.81 1.49 0.42 0.34 0.36 1.50 0.88 0.22 0.38 0.85 2.66 2.66 1.97 2.34 1.98 0.57 0.42 0.53 1.45 0.92 0.16 0.22 1.04 2.64 2.66 0.73 2.14 2.41 0.60 0.42 0.53 1.61 1.04 0.18 0.22 1.20 2.64 2.66 0.66 1.35 2.74 1.32 0.57 0.80 1.20 0.78 0.18 0.17 0.86 2.68 2.66 0.45 0.85 1.31 1.99 1.77 2.42 1.52 1.01 0.22 0.15 1.16 2.67 2.66 0.39 0.61 0.70 0.73 1.20 1.83 1.01 0.23 0.11 1.17 2.66 2.63 0.28 0.38 0.39 0.40 0.15 2.76

I got: 1.11 0.25 0.12 1.29 2.66 2.66 0.29 0.39 0.39 0.37 0.32 2.31 2.64 0.33 0.10 0.95 2.66 2.66 0.08 0.06 0.12 0.09 0.52 0.83 0.21 0.62 0.47 2.74 1.48 2.65 2.66 0.46 0.44 0.33 0.21 0.85 1.34 0.15 0.11 0.51 1.80 1.98 2.66 2.65 0.34 0.35 0.29 0.17 0.75 1.08 0.09 0.08 0.46 1.57 2.75 2.66 2.67 0.60 0.53 0.36 0.20 0.72 1.06 0.09 0.11 0.59 1.79 1.07 2.21 2.66 1.02 0.69 0.44 0.23 0.88 1.21 0.07 0.11 0.98 2.21 0.71 0.49 1.72 0.99 0.92 0.69 0.24 1.38 1.32 0.13 0.13 0.12 0.01 0.01 0.11 0.03 0.12 0.12 0.12 0.01 0.01 0.01 0.01 0.11 0.38 1.44 0.70 0.41 0.85 0.71 2.66 1.60 0.48 0.69 1.08 0.18 0.21 0.26 1.48 0.81 0.36 0.66 0.50 2.65 2.65 1.67 0.81 1.49 0.42 0.35 0.36 1.50 0.88 0.22 0.38 0.84 2.66 2.65 51.53 2.34 1.97 0.57 0.42 0.53 1.45 0.92 0.16 0.22 1.03 2.66 2.66 0.73 2.14 2.42 0.60 0.42 0.53 1.61 1.03 0.18 0.22 1.19 2.66 2.66 0.66 1.35 2.74 1.32 0.57 0.80 1.20 0.79 0.18 0.18 0.86 2.67 2.66 0.45 0.85 1.31 1.99 1.77 2.42 1.53 1.01 0.23 0.15 1.16 2.66 2.66 0.39 0.60 0.70 0.73 1.20 1.83 1.01 0.23 0.11 1.17 2.65 2.65 0.28 0.38 0.39 0.39 0.15 2.76

I got: 1.12 0.26 0.12 1.30 2.66 2.66 0.29 0.40 0.39 0.37 0.32 2.31 2.64 0.33 0.10 0.95 2.68 2.66 0.08 0.06 0.12 0.09 0.52 0.83 0.21 0.62 0.47 2.75 1.48 2.64 2.67 0.46 0.44 0.33 0.21 0.85 1.34 0.15 0.11 0.52 1.80 1.99 2.64 2.66 0.34 0.35 0.29 0.17 0.75 1.08 0.09 0.08 0.46 1.57 2.73 2.66 2.64 0.60 0.53 0.36 0.20 0.71 1.06 0.09 0.11 0.59 1.79 1.07 2.20 2.65 1.03 0.70 0.44 0.23 0.87 1.21 0.07 0.11 0.98 2.22 0.72 0.49 1.73 0.99 0.92 0.69 0.24 1.39 1.33 0.13 0.13 0.13 0.01 0.01 0.11 0.04 0.12 0.02 0.13 0.01 0.01 0.01 0.01 0.13 0.38 1.44 0.70 0.41 0.85 0.72 2.66 1.60 0.48 0.69 1.08 0.19 0.20 0.26 1.49 0.81 0.36 0.66 0.51 2.64 2.66 1.68 0.81 1.49 0.42 0.34 0.36 1.50 0.88 0.22 0.38 0.84 2.65 2.64 1.96 2.34 1.98 0.57 0.42 0.53 1.45 0.92 0.16 0.22 1.03 2.67 2.67 0.73 2.13 2.42 0.60 0.42 0.53 1.61 1.04 0.18 0.22 1.19 2.66 2.67 0.66 1.35 2.72 1.32 0.57 0.80 1.20 0.79 0.18 0.17 0.86 2.66 2.64 0.45 0.85 1.31 1.99 1.77 2.42 1.52 1.01 0.23 0.15 1.16 2.66 2.65 0.39 0.61 0.70 0.73 1.20 1.83 1.01 0.23 0.11 1.17 2.64 2.66 0.28 0.38 0.39 0.39 0.15 2.76

I got: 1.11 0.26 0.12 1.29 2.66 2.65 0.29 0.39 0.39 0.37 0.32 2.31 2.66 0.33 0.10 0.95 2.67 2.68 0.08 0.06 0.12 0.09 0.52 0.83 0.21 0.62 0.47 2.76 1.48 2.65 2.66 0.46 0.44 0.32 0.21 0.85 1.34 0.15 0.11 0.52 1.80 1.98 2.66 2.66 0.33 0.35 0.29 0.17 0.76 1.08 0.09 0.08 0.47 1.57 2.75 2.65 2.66 0.60 0.54 0.36 0.20 0.71 1.06 0.09 0.11 0.59 1.79 1.07 2.20 2.65 1.03 0.69 0.44 0.23 0.88 1.21 0.07 0.11 0.98 2.21 0.72 0.49 1.72 0.99 0.92 0.69 0.24 1.38 1.33 0.13 0.13 0.14 0.01 0.01 0.13 0.10 0.13 0.06 0.13 0.01 0.01 0.01 0.01 0.13 0.38 1.45 0.70 0.41 0.85 0.71 2.66 1.60 0.48 0.69 1.08 0.19 0.21 0.26 1.49 0.81 0.36 0.66 0.50 2.66 2.66 1.68 0.81 1.49 0.42 0.35 0.36 1.50 0.89 0.22 0.38 0.84 2.64 2.66 1.96 2.34 1.97 0.57 0.41 0.53 1.45 0.92 0.16 0.22 1.03 2.66 2.63 0.73 2.13 2.42 0.60 0.42 0.53 1.61 1.03 0.18 0.22 1.19 2.66 2.64 0.66 1.35 2.74 1.32 0.57 0.80 1.20 0.79 0.18 0.18 0.86 2.65 2.65 0.45 0.85 1.31 1.99 1.78 2.41 1.52 1.01 0.23 0.15 1.16 2.65 2.65 0.39 0.61 0.70 0.73 1.21 1.83 1.01 0.23 0.11 1.18 2.67 2.66 0.28 0.38 0.39 0.40 0.15 2.73

I got: 1.11 0.26 0.12 1.29 2.66 2.65 0.29 0.40 0.39 0.37 0.32 2.30 2.66 0.33 0.10 0.96 2.65 2.65 0.08 0.06 0.12 0.09 0.52 0.83 0.21 0.62 0.47 2.77 1.48 2.66 2.66 0.46 0.44 0.33 0.21 0.85 1.34 0.15 0.11 0.52 1.80 1.99 2.66 2.66 0.34 0.35 0.29 0.17 0.75 1.08 0.09 0.08 0.47 1.57 2.76 2.64 2.66 0.61 0.54 0.36 0.20 0.71 1.06 0.09 0.10 0.59 1.79 1.07 2.21 2.66 1.03 0.69 0.44 0.23 0.88 1.21 0.07 0.11 0.98 2.20 0.71 0.49 1.72 0.99 0.92 0.69 0.24 1.38 1.33 0.13 0.13 0.15 0.01 0.01 0.14 0.14 0.15 0.08 0.14 0.01 0.01 0.01 0.01 0.14 0.38 1.44 0.70 0.41 0.85 0.71 2.65 1.60 0.48 0.69 1.08 0.18 0.21 0.26 1.49 0.81 0.36 0.66 0.50 2.67 2.66 1.68 0.81 1.49 0.42 0.34 0.36 1.50 0.89 0.22 0.38 0.85 2.67 2.66 1.96 2.33 1.98 0.57 0.42 0.53 1.45 0.92 0.16 0.22 1.03 2.65 2.65 0.73 2.14 2.42 0.60 0.42 0.53 1.61 1.03 0.18 0.22 1.19 2.65 2.66 0.66 1.35 2.74 1.32 0.57 0.80 1.20 0.78 0.18 0.18 0.86 2.65 2.67 0.45 0.85 1.31 1.99 1.78 2.42 1.52 1.01 0.22 0.15 1.16 2.63 2.66 0.39 0.61 0.70 0.73 1.20 1.83 1.01 0.23 0.11 1.18 2.66 2.67 0.28 0.38 0.39 0.39 0.15 2.75

I got: 1.11 0.26 0.12 1.29 2.65 2.66 0.29 0.39 0.39 0.37 0.32 2.30 2.66 0.33 0.10 0.95 2.64 2.66 0.08 0.06 0.12 0.09 0.52 0.83 0.21 0.62 0.47 2.76 1.48 2.66 2.64 0.46 0.44 0.33 0.22 0.85 1.35 0.15 0.11 0.52 1.80 1.98 2.66 2.64 0.34 0.35 0.29 0.17 0.75 1.08 0.09 0.08 0.47 1.57 2.76 2.67 2.66 0.60 0.53 0.36 0.20 0.71 1.06 0.09 0.10 0.59 1.79 1.07 2.21 2.66 1.03 0.69 0.44 0.23 0.87 1.20 0.07 0.11 1.00 2.23 0.73 0.50 1.76 1.01 0.94 0.70 0.25 1.41 1.35 0.14 0.14 0.14 0.01 0.01 0.14 0.11 0.15 0.01 0.14 0.01 0.01 0.01 0.01 0.13 0.38 1.44 0.70 0.41 0.85 0.71 2.64 1.59 0.48 0.69 1.08 0.18 0.21 0.26 1.49 0.81 0.36 0.66 0.50 2.66 2.64 1.68 0.81 1.49 0.42 0.34 0.36 1.50 0.88 0.22 0.38 0.85 2.66 2.66 1.97 2.34 1.98 0.57 0.41 0.53 1.45 0.92 0.16 0.22 1.03 2.65 2.67 0.73 2.14 2.42 0.60 0.42 0.53 1.61 1.03 0.18 0.22 1.19 2.66 2.67 0.66 1.35 2.75 1.32 0.57 0.80 1.20 0.79 0.18 0.17 0.86 2.68 2.66 0.45 0.85 1.31 1.99 1.77 2.42 1.52 1.01 0.23 0.15 1.16 2.67 2.66 0.39 0.61 0.70 0.73 1.20 1.83 1.01 0.23 0.11 1.18 2.66 2.64 0.28 0.38 0.39 0.40 0.15 2.76

I got: 1.11 0.26 0.12 1.29 2.66 2.66 0.29 0.39 0.39 0.37 0.32 2.31 2.64 0.33 0.10 0.95 2.66 2.67 0.08 0.06 0.12 0.09 0.52 0.83 0.21 0.62 0.47 2.73 1.48 2.65 2.66 0.46 0.44 0.32 0.21 0.85 1.34 0.15 0.11 0.52 1.80 1.99 2.66 2.65 0.34 0.35 0.29 0.17 0.75 1.08 0.09 0.08 0.47 1.57 2.76 2.67 2.67 0.60 0.54 0.36 0.20 0.71 1.06 0.09 0.10 0.59 1.79 1.07 2.21 2.66 1.03 0.69 0.44 0.23 0.88 1.21 0.07 0.11 0.98 2.21 0.71 0.49 1.73 0.99 0.92 0.69 0.24 1.38 1.33 0.13 0.13 0.14 0.01 0.01 0.13 0.06 0.14 0.02 0.14 0.01 0.01 0.01 0.01 0.14 0.38 1.44 0.70 0.41 0.85 0.71 2.66 1.60 0.48 0.69 1.08 0.18 0.21 0.26 1.49 0.81 0.36 0.66 0.50 2.65 2.65 1.68 0.81 1.49 0.42 0.34 0.36 1.50 0.88 0.22 0.38 0.84 2.66 2.64 1.97 2.35 1.98 0.57 0.42 0.53 1.45 0.92 0.16 0.22 1.03 2.66 2.66 0.73 2.14 2.42 0.60 0.42 0.53 1.61 1.04 0.18 0.22 1.19 2.66 2.66 0.66 1.35 2.74 1.32 0.57 0.80 1.20 0.79 0.18 0.18 0.86 2.67 2.67 0.45 0.85 1.31 1.99 1.78 2.42 1.53 1.01 0.23 0.16 1.17 2.66 2.66 0.39 0.61 0.70 0.73 1.20 1.83 1.01 0.23 0.11 1.18 2.65 2.65 0.28 0.38 0.39 0.39 0.15 2.77

I got: 1.11 0.26 0.12 1.29 2.66 2.66 0.29 0.39 0.39 0.38 0.32 2.31 2.65 0.33 0.10 0.95 2.68 2.66 0.08 0.06 0.12 0.09 0.52 0.83 0.21 0.62 0.47 2.74 1.48 2.65 2.66 0.46 0.44 0.32 0.21 0.85 1.35 0.15 0.11 0.52 1.80 1.98 2.64 2.66 0.34 0.35 0.29 0.17 0.76 1.08 0.09 0.08 0.47 1.57 2.73 2.66 2.65 0.61 0.53 0.37 0.20 0.71 1.06 0.09 0.10 0.59 1.79 1.07 2.20 2.65 1.03 0.69 0.44 0.23 0.88 1.21 0.07 0.11 0.98 2.21 0.71 0.49 1.72 0.99 0.92 0.69 0.24 1.38 1.33 0.13 0.13 0.14 0.01 0.01 0.14 0.02 0.13 0.03 0.13 0.01 0.07 0.01 0.01 0.13 0.38 1.44 0.70 0.41 0.85 0.71 2.66 1.59 0.48 0.69 1.08 0.18 0.21 0.26 1.49 0.81 0.36 0.66 0.50 2.66 2.66 1.68 0.81 1.49 0.42 0.34 0.36 1.50 0.88 0.22 0.38 0.84 2.65 2.65 1.96 2.35 1.98 0.57 0.42 0.53 1.45 0.92 0.16 0.22 1.04 2.67 2.67 0.73 2.13 2.42 0.60 0.42 0.53 1.61 1.04 0.18 0.22 1.19 2.67 2.67 0.66 1.35 2.73 1.32 0.57 0.80 1.20 0.78 0.18 0.17 0.86 2.66 2.64 0.45 0.85 1.31 1.99 1.77 2.42 1.52 1.01 0.23 0.15 1.17 2.66 2.64 0.39 0.61 0.70 0.73 1.20 1.83 1.01 0.23 0.11 1.18 2.64 2.66 0.28 0.38 0.39 0.40 0.15 2.76

I got: 1.11 0.26 0.12 1.29 2.67 2.65 0.29 0.39 0.39 0.37 0.32 2.30 2.66 0.33 0.10 0.95 2.67 2.67 0.08 0.06 0.12 0.09 0.52 0.83 0.21 0.62 0.47 2.76 1.48 2.66 2.66 0.46 0.44 0.32 0.21 0.85 1.34 0.15 0.11 0.52 1.80 1.99 2.67 2.66 0.34 0.35 0.29 0.17 0.76 1.08 0.09 0.07 0.47 1.57 2.75 2.65 2.66 0.60 0.53 0.36 0.20 0.71 1.06 0.09 0.10 0.59 1.79 1.07 2.20 2.65 1.03 0.69 0.44 0.23 0.88 1.21 0.07 0.11 0.98 2.21 0.71 0.49 1.72 0.99 0.92 0.69 0.24 1.38 1.33 0.13 0.13 0.14 0.01 0.01 0.13 0.03 0.13 0.03 0.13 0.01 0.09 0.01 0.01 0.12 0.38 1.44 0.70 0.41 0.85 0.71 2.66 1.60 0.48 0.69 1.08 0.18 0.20 0.26 1.49 0.81 0.36 0.66 0.51 2.66 2.66 1.68 0.81 1.49 0.42 0.34 0.36 1.50 0.89 0.22 0.38 0.84 2.64 2.66 1.96 2.33 1.97 0.57 0.41 0.53 1.45 0.92 0.16 0.22 1.04 2.66 2.64 0.73 2.13 2.42 0.60 0.42 0.53 1.61 1.03 0.18 0.22 1.19 2.66 2.64 0.66 1.35 2.74 1.32 0.57 0.80 1.20 0.78 0.18 0.18 0.86 2.65 2.66 0.45 0.85 1.31 1.99 1.78 2.41 1.53 1.01 0.23 0.15 1.16 2.65 2.65 0.39 0.61 0.70 0.73 1.21 1.83 1.01 0.23 0.11 1.18 2.67 2.66 0.28 0.38 0.39 0.39 0.15 2.74

I got: 1.11 0.26 0.12 1.29 2.66 2.65 0.29 0.39 0.39 0.37 0.32 2.30 2.67 0.33 0.10 0.95 2.65 2.65 0.08 0.06 0.12 0.09 0.52 0.83 0.21 0.62 0.47 2.77 1.48 2.67 2.65 0.46 0.44 0.33 0.21 0.85 1.35 0.15 0.11 0.52 1.80 1.99 2.66 2.66 0.34 0.35 0.29 0.17 0.76 1.08 0.09 0.08 0.47 1.57 2.76 2.66 2.67 0.60 0.53 0.36 0.20 0.72 1.06 0.09 0.10 0.59 1.79 1.07 2.21 2.66 1.03 0.69 0.44 0.23 0.88 1.21 0.07 0.11 0.99 2.21 0.72 0.49 1.73 0.99 0.92 0.69 0.24 1.39 1.33 0.13 0.13 0.13 0.01 0.01 0.11 0.02 0.12 0.02 0.12 0.01 0.11 0.01 0.01 0.13 0.38 1.44 0.70 0.41 0.85 0.73 2.65 1.60 0.48 0.69 1.08 0.18 0.21 0.26 1.49 0.81 0.35 0.66 0.50 2.66 2.67 1.68 0.81 1.49 0.42 0.35 0.36 1.50 0.88 0.22 0.38 0.84 2.67 2.67 1.96 2.33 1.98 0.57 0.41 0.53 1.45 0.92 0.16 0.22 1.03 2.64 2.66 0.73 2.14 2.41 0.60 0.42 0.53 1.61 1.03 0.18 0.22 1.19 2.65 2.66 0.66 1.35 2.74 1.32 0.57 0.80 1.20 0.78 0.18 0.17 0.86 2.65 2.66 0.45 0.85 1.31 1.99 1.78 2.42 1.52 1.01 0.23 0.15 1.16 2.64 2.66 0.39 0.61 0.70 0.73 1.20 1.83 1.02 0.22 0.11 1.17 2.67 2.67 0.28 0.38 0.39 0.39 0.15 2.75

I got: 1.11 0.26 0.12 1.29 2.64 2.66 0.29 0.39 0.39 0.37 0.33 2.31 2.66 0.33 0.10 0.95 2.65 2.66 0.08 0.06 0.12 0.09 0.52 0.83 0.21 0.62 0.47 2.76 1.48 2.66 2.64 0.46 0.44 0.33 0.21 0.85 1.34 0.15 0.11 0.52 1.80 1.99 2.67 2.64 0.33 0.35 0.29 0.17 0.76 1.08 0.09 0.08 0.47 1.57 2.77 2.66 2.66 0.61 0.53 0.37 0.20 0.72 1.06 0.09 0.10 0.59 1.79 1.07 2.21 2.67 1.03 0.69 0.44 0.24 0.87 1.20 0.07 0.11 1.01 2.25 0.74 0.50 1.78 1.02 0.95 0.71 0.25 1.43 1.37 0.14 0.14 0.13 0.01 0.01 0.12 0.02 0.11 0.01 0.12 0.01 0.11 0.01 0.01 0.12 0.38 1.45 0.70 0.41 0.85 0.72 2.64 1.59 0.48 0.69 1.08 0.18 0.20 0.26 1.49 0.81 0.36 0.66 0.51 2.66 2.64 1.68 0.81 1.49 0.42 0.34 0.36 1.50 0.88 0.22 0.38 0.84 2.66 2.66 1.97 2.34 1.98 0.57 0.42 0.53 1.45 0.92 0.16 0.22 1.04 2.65 2.66 0.73 2.14 2.42 0.60 0.42 0.53 1.62 1.03 0.18 0.22 1.19 2.66 2.66 0.66 1.35 2.75 1.32 0.57 0.80 1.20 0.79 0.18 0.17 0.86 2.68 2.66 0.45 0.85 1.31 1.99 1.77 2.42 1.53 1.01 0.22 0.15 1.16 2.67 2.66 0.39 0.61 0.70 0.73 1.20 1.83 1.01 0.23 0.11 1.18 2.66 2.64 0.28 0.38 0.39 0.40 0.15 2.76

I got: 1.11 0.26 0.12 1.29 2.67 2.66 0.29 0.39 0.39 0.37 0.32 2.31 2.64 0.33 0.10 0.95 2.66 2.66 0.08 0.06 0.12 0.09 0.52 0.83 0.21 0.62 0.47 2.74 1.48 2.65 2.66 0.46 0.44 0.33 0.21 0.85 1.34 0.15 0.11 0.52 1.80 1.99 2.66 2.66 0.33 0.35 0.29 0.17 0.76 1.08 0.09 0.08 0.47 1.57 2.74 2.66 2.67 0.61 0.54 0.36 0.20 0.72 1.06 0.09 0.11 0.59 1.80 1.07 2.21 2.66 1.03 0.69 0.44 0.23 0.88 1.22 0.07 0.11 0.98 2.21 0.71 0.49 1.72 0.99 0.92 0.69 0.24 1.38 1.33 0.13 0.13 0.12 0.01 0.01 0.12 0.12 0.11 0.02 0.11 0.01 0.09 0.01 0.01 0.12 0.38 1.44 0.70 0.41 0.85 0.71 2.66 1.60 0.48 0.69 1.08 0.19 0.21 0.26 1.49 0.81 0.36 0.66 0.51 2.64 2.66 1.68 0.81 1.49 0.42 0.34 0.36 1.51 0.89 0.22 0.38 0.85 2.66 2.64 1.96 2.35 1.98 0.57 0.42 0.53 1.45 0.92 0.16 0.22 1.03 2.66 2.66 0.73 2.14 2.43 0.60 0.42 0.53 1.61 1.04 0.18 0.22 1.19 2.66 2.66 0.66 1.35 2.74 1.32 0.57 0.80 1.20 0.78 0.18 0.18 0.86 2.67 2.68 0.45 0.85 1.31 1.99 1.78 2.42 1.53 1.01 0.23 0.15 1.16 2.67 2.67 0.39 0.61 0.70 0.73 1.20 1.83 1.01 0.23 0.11 1.18 2.64 2.66 0.28 0.38 0.39 0.40 0.15 2.77

I got: 1.11 0.25 0.12 1.29 2.66 2.66 0.29 0.39 0.39 0.37 0.32 2.31 2.65 0.33 0.10 0.95 2.67 2.66 0.08 0.06 0.12 0.09 0.52 0.83 0.21 0.62 0.47 2.76 1.48 2.66 2.67 0.46 0.44 0.33 0.21 0.85 1.35 0.15 0.11 0.52 1.80 1.99 2.64 2.67 0.34 0.35 0.29 0.17 0.76 1.08 0.09 0.08 0.47 1.57 2.74 2.66 2.65 0.60 0.54 0.36 0.20 0.72 1.06 0.09 0.11 0.59 1.79 1.07 2.20 2.64 1.03 0.69 0.44 0.23 0.88 1.21 0.07 0.11 0.98 2.21 0.71 0.49 1.72 0.99 0.92 0.69 0.24 1.38 1.33 0.13 0.13 0.13 0.01 0.01 0.11 0.05 0.12 0.01 0.11 0.01 0.08 0.01 0.01 0.11 0.38 1.45 0.70 0.41 0.85 0.71 2.67 1.59 0.48 0.69 1.08 0.18 0.20 0.26 1.49 0.81 0.36 0.66 0.50 2.67 2.67 1.68 0.81 1.49 0.42 0.35 0.36 1.50 0.89 0.22 0.38 0.84 2.65 2.66 1.96 2.34 1.98 0.57 0.42 0.53 1.46 0.92 0.16 0.22 1.04 2.67 2.66 0.73 2.13 2.42 0.60 0.42 0.54 1.62 1.04 0.18 0.22 1.19 2.67 2.65 0.66 1.35 2.73 1.32 0.57 0.80 1.20 0.78 0.18 0.17 0.86 2.66 2.65 0.45 0.85 1.31 1.99 1.77 2.41 1.53 1.01 0.23 0.15 1.16 2.66 2.64 0.39 0.61 0.70 0.73 1.20 1.83 1.01 0.23 0.11 1.17 2.65 2.67 0.28 0.38 0.39 0.39 0.15 2.75

I got: 1.11 0.26 0.12 1.29 2.67 2.64 0.29 0.39 0.39 0.37 0.32 2.31 2.66 0.33 0.10 0.95 2.66 2.67 0.08 0.06 0.12 0.09 0.52 0.83 0.21 0.62 0.47 2.76 1.48 2.66 2.66 0.46 0.44 0.33 0.21 0.85 1.34 0.15 0.11 0.52 1.81 1.99 2.67 2.67 0.33 0.35 0.29 0.17 0.76 1.08 0.09 0.08 0.47 1.57 2.75 2.64 2.66 0.61 0.53 0.36 0.20 0.71 1.06 0.09 0.11 0.59 1.80 1.07 2.21 2.65 1.03 0.69 0.44 0.23 0.88 1.22 0.07 0.11 0.98 2.21 0.71 0.49 1.72 0.99 0.92 0.69 0.24 1.38 1.33 0.13 0.13 0.13 0.01 0.01 0.11 0.04 0.12 0.01 0.12 0.01 0.09 0.01 0.01 0.12 0.38 1.44 0.71 0.41 0.85 0.71 2.66 1.60 0.48 0.69 1.08 0.19 0.20 0.26 1.48 0.81 0.36 0.66 0.50 2.66 2.66 1.67 0.81 1.49 0.42 0.34 0.36 1.51 0.89 0.22 0.38 0.84 2.64 2.67 1.96 2.33 1.98 0.57 0.42 0.53 1.46 0.92 0.16 0.22 1.03 2.66 2.65 0.73 2.13 2.42 0.60 0.42 0.53 1.62 1.03 0.18 0.22 1.19 2.66 2.65 0.66 1.35 2.74 1.31 0.57 0.80 1.20 0.79 0.18 0.18 0.86 2.64 2.66 0.45 0.85 1.31 1.99 1.78 2.42 1.53 1.01 0.22 0.15 1.16 2.65 2.66 0.39 0.61 0.70 0.73 1.20 1.83 1.01 0.23 0.11 1.18 2.66 2.66 0.28 0.38 0.39 0.39 0.15 2.74

I got: 1.11 0.25 0.12 1.29 2.65 2.66 0.29 0.40 0.39 0.37 0.32 2.30 2.67 0.33 0.10 0.95 2.65 2.66 0.08 0.06 0.12 0.09 0.52 0.83 0.21 0.62 0.47 2.77 1.49 2.67 2.64 0.46 0.44 0.33 0.21 0.85 1.35 0.15 0.11 0.52 1.80 1.99 2.67 2.67 0.34 0.35 0.29 0.17 0.76 1.08 0.09 0.08 0.47 1.57 2.76 2.67 2.67 0.60 0.53 0.37 0.20 0.71 1.06 0.09 0.11 0.59 1.79 1.07 2.21 2.67 1.03 0.69 0.44 0.23 0.88 1.21 0.07 0.11 1.01 2.24 0.73 0.50 1.76 1.01 0.94 0.70 0.25 1.42 1.36 0.14 0.14 0.13 0.01 0.01 0.12 0.05 0.13 0.01 0.14 0.01 0.13 0.01 0.01 0.15 0.38 1.44 0.70 0.41 0.85 0.71 2.64 1.60 0.48 0.69 1.08 0.18 0.21 0.26 1.49 0.81 0.36 0.66 0.50 2.67 2.65 1.68 0.81 1.49 0.42 0.34 0.36 1.50 0.88 0.22 0.38 0.84 2.66 2.66 1.97 2.34 1.98 0.57 0.42 0.53 1.45 0.92 0.16 0.22 1.04 2.64 2.66 0.73 2.14 2.42 0.60 0.42 0.53 1.62 1.03 0.18 0.22 1.19 2.64 2.66 0.66 1.35 2.74 1.32 0.57 0.80 1.20 0.78 0.18 0.18 0.87 2.66 2.67 0.45 0.85 1.31 1.99 1.77 2.42 1.52 1.01 0.23 0.15 1.17 2.66 2.67 0.39 0.61 0.70 0.73 1.20 1.83 1.01 0.23 0.11 1.17 2.66 2.65 0.28 0.38 0.39 0.39 0.15 2.76

I got: 1.11 0.25 0.12 1.30 2.64 2.67 0.29 0.39 0.39 0.38 0.32 2.31 2.66 0.33 0.10 0.96 2.66 2.67 0.08 0.06 0.12 0.09 0.52 0.83 0.21 0.62 0.47 2.75 1.48 2.66 2.65 0.46 0.44 0.32 0.21 0.85 1.35 0.15 0.11 0.52 1.80 1.98 2.66 2.64 0.34 0.35 0.29 0.17 0.76 1.08 0.09 0.08 0.47 1.57 2.76 2.66 2.66 0.60 0.53 0.36 0.20 0.72 1.06 0.09 0.11 0.59 1.80 1.07 2.21 2.66 1.02 0.69 0.44 0.23 0.88 1.22 0.07 0.11 0.99 2.21 0.71 0.49 1.72 0.99 0.92 0.69 0.24 1.38 1.33 0.13 0.14 0.14 0.01 0.01 0.14 0.06 0.14 0.02 0.14 0.01 0.13 0.01 0.01 0.14 0.38 1.44 0.71 0.41 0.85 0.71 2.67 1.60 0.48 0.69 1.08 0.19 0.21 0.26 1.49 0.81 0.36 0.66 0.50 2.66 2.65 1.68 0.81 1.49 0.42 0.34 0.36 1.50 0.89 0.22 0.38 0.85 2.67 2.67 1.97 2.35 1.98 0.57 0.42 0.53 1.45 0.92 0.16 0.22 1.03 2.67 2.67 0.73 2.14 2.43 0.60 0.42 0.53 1.62 1.03 0.18 0.22 1.19 2.66 2.67 0.66 1.35 2.75 1.32 0.57 0.79 1.20 0.78 0.18 0.17 0.87 2.67 2.66 0.45 0.85 1.31 1.99 1.78 2.42 1.53 1.01 0.23 0.15 1.16 2.66 2.66 0.39 0.61 0.70 0.73 1.20 1.83 1.01 0.23 0.11 1.18 2.65 2.65 0.28 0.38 0.39 0.39 0.15 2.77

