I got: 1.19 0.36 0.82 0.70 2.64 2.67 0.33 0.48 0.42 0.39 0.37 2.36 2.49 1.34 0.82 0.48 2.66 2.67 0.40 0.56 0.44 0.31 0.36 1.43 0.78 1.39 0.95 2.64 0.65 2.65 2.67 0.40 0.55 0.44 0.27 0.70 1.36 0.30 0.41 0.43 2.76 0.68 2.67 2.65 0.25 0.40 0.37 0.18 0.82 1.06 0.10 0.15 0.51 2.24 2.76 2.67 2.67 0.24 0.38 0.35 0.16 0.74 0.89 0.10 0.14 1.03 2.08 0.45 0.82 2.66 0.38 0.54 0.50 0.19 1.10 1.09 0.20 0.17 1.50 2.52 0.53 0.55 1.51 0.58 0.80 0.72 0.26 1.57 1.52 0.30 0.25 0.13 0.01 0.01 0.12 0.01 0.12 0.01 0.12 0.05 0.01 0.13 0.01 0.12 0.65 1.94 0.49 0.38 0.89 0.52 2.68 1.64 0.49 0.72 1.14 0.24 0.24 0.65 2.02 0.54 0.38 0.89 0.60 2.66 2.66 1.67 0.81 1.51 0.43 0.36 0.83 1.78 0.34 0.28 0.84 0.64 2.67 2.66 1.99 2.32 1.97 0.58 0.42 1.01 1.46 0.20 0.19 0.78 0.63 2.68 2.67 0.72 2.14 2.43 0.64 0.44 1.10 1.63 0.22 0.20 0.86 0.70 2.67 2.67 51.53 1.35 2.74 1.28 0.57 0.97 1.45 0.33 0.18 0.61 0.50 2.68 2.66 0.44 0.84 1.29 1.99 1.70 2.35 1.92 0.46 0.20 0.75 0.65 2.67 2.66 0.38 0.61 0.69 0.73 1.15 2.33 0.52 0.18 0.70 0.62 2.66 2.66 0.27 0.39 0.38 0.39 0.15 2.77

I got: 1.19 0.36 0.82 0.71 2.67 2.66 0.34 0.48 0.42 0.39 0.37 2.36 2.49 1.34 0.82 0.48 2.69 2.66 0.40 0.56 0.44 0.31 0.36 1.43 0.78 1.39 0.95 2.65 0.65 2.67 2.67 0.40 0.55 0.44 0.27 0.70 1.36 0.30 0.40 0.43 2.77 0.69 2.66 2.67 0.25 0.40 0.37 0.18 0.82 1.06 0.10 0.15 0.51 2.24 2.77 2.67 2.66 0.24 0.38 0.35 0.16 0.74 0.89 0.10 0.14 1.03 2.08 0.45 0.81 2.67 0.38 0.54 0.50 0.19 1.10 1.09 0.20 0.17 1.50 2.53 0.53 0.54 1.51 0.58 0.80 0.72 0.26 1.57 1.52 0.30 0.25 0.13 0.01 0.01 0.12 0.01 0.12 0.01 0.12 0.01 0.01 0.13 0.01 0.12 0.64 1.94 0.49 0.38 0.89 0.53 2.67 1.64 0.49 0.72 1.14 0.24 0.24 0.65 2.02 0.54 0.38 0.89 0.60 2.64 2.67 51.53 0.81 1.51 0.43 0.36 0.83 1.78 0.35 0.28 0.84 0.64 2.67 2.66 1.98 2.31 1.97 0.58 0.42 1.01 1.46 0.20 0.19 0.78 0.63 2.67 2.67 0.72 2.14 2.43 0.64 0.44 1.10 1.63 0.23 0.20 0.86 0.70 2.67 2.66 0.64 1.35 2.73 1.28 0.56 0.96 1.45 0.34 0.18 0.61 0.50 2.67 2.65 0.43 0.84 1.29 1.99 1.70 2.35 1.92 0.46 0.20 0.75 0.65 2.67 2.65 0.38 0.61 0.69 0.73 1.15 2.32 0.52 0.18 0.70 0.62 2.65 2.67 0.27 0.39 0.38 0.39 0.15 2.77

I got: 1.19 0.36 0.82 0.70 2.67 2.64 0.34 0.48 0.42 0.39 0.37 2.37 2.50 1.34 0.82 0.48 2.67 2.66 0.40 0.56 0.44 0.31 0.36 1.43 0.78 1.39 0.95 2.66 0.65 2.67 2.65 0.40 0.55 0.44 0.27 0.70 1.36 0.30 0.40 0.44 2.77 0.69 2.67 2.67 0.25 0.40 0.37 0.18 0.82 1.06 0.10 0.15 0.51 2.24 2.77 2.65 2.67 0.24 0.38 0.35 0.16 0.74 0.89 0.10 0.14 1.04 2.08 0.45 0.81 2.67 0.38 0.54 0.50 0.19 1.10 1.09 0.20 0.17 1.50 2.55 0.53 0.55 1.51 0.58 0.80 0.72 0.26 1.57 1.52 0.30 0.25 0.13 0.01 0.01 0.11 0.01 0.11 0.01 0.11 0.05 0.02 0.13 0.01 0.11 0.64 1.94 0.49 0.38 0.89 0.53 2.67 1.63 0.49 0.72 1.14 0.23 0.24 0.65 2.03 0.54 0.38 0.89 0.60 2.67 2.67 1.66 0.81 1.51 0.43 0.36 0.83 1.78 0.35 0.28 0.84 0.64 2.64 2.67 1.98 2.31 1.97 0.58 0.42 1.01 1.46 0.20 0.19 0.78 0.63 2.66 2.66 0.72 2.14 2.43 0.64 0.44 1.10 1.63 0.22 0.20 0.86 0.70 2.67 2.66 0.64 1.35 2.74 1.28 0.56 0.97 1.44 0.34 0.18 0.61 0.50 2.66 2.67 0.44 0.84 1.29 1.99 1.70 2.36 1.92 0.46 0.20 0.75 0.65 2.66 2.67 0.38 0.61 0.69 0.73 1.15 2.33 0.52 0.18 0.70 0.62 2.67 2.67 0.27 0.39 0.38 0.39 0.15 2.74

I got: 1.19 0.36 0.82 0.71 2.66 2.66 0.34 0.48 0.42 0.39 0.37 2.37 2.50 1.34 0.82 0.48 2.65 2.67 0.40 0.56 0.44 0.31 0.36 1.44 0.78 1.39 0.95 2.64 0.65 2.66 2.66 0.40 0.55 0.44 0.27 0.70 1.36 0.30 0.41 0.43 2.74 0.69 2.67 2.68 0.25 0.40 0.37 0.18 0.82 1.06 0.10 0.15 0.51 2.24 2.75 2.67 2.67 0.24 0.38 0.35 0.16 0.74 0.89 0.11 0.14 1.03 2.08 0.45 0.81 2.65 0.38 0.54 0.50 0.19 1.10 1.09 0.20 0.17 1.50 2.52 0.53 0.54 1.51 0.58 0.80 0.72 0.26 1.57 1.52 0.30 0.25 0.12 0.01 0.01 0.11 0.01 0.12 0.01 0.11 0.10 0.10 0.12 0.01 0.12 0.64 1.94 0.49 0.38 0.89 0.53 2.64 1.64 0.49 0.72 1.14 0.23 0.24 0.65 2.02 0.54 0.38 0.89 0.60 2.67 2.65 1.67 0.80 1.51 0.43 0.36 0.83 1.78 0.34 0.28 0.84 0.64 2.67 2.67 1.99 2.32 1.97 0.58 0.42 1.01 1.46 0.20 0.19 0.78 0.63 2.65 2.67 0.72 2.15 2.42 0.64 0.44 1.10 1.63 0.23 0.20 0.86 0.71 2.64 2.67 0.64 1.35 2.75 1.28 0.56 0.96 1.44 0.34 0.18 0.61 0.50 2.66 2.67 0.44 0.84 1.29 1.99 1.70 2.36 1.92 0.46 0.20 0.75 0.66 2.66 2.67 0.38 0.61 0.69 0.73 1.15 2.33 0.52 0.18 0.70 0.62 2.67 2.65 0.27 0.39 0.38 0.39 0.15 2.76

I got: 1.19 0.36 0.82 0.71 2.66 2.67 0.34 0.48 0.42 0.39 0.37 2.36 2.49 1.35 0.82 0.48 2.66 2.67 0.40 0.56 0.44 0.31 0.36 1.43 0.78 1.39 0.95 2.64 0.65 2.65 2.67 0.40 0.55 0.44 0.27 0.70 1.36 0.30 0.40 0.43 2.76 0.69 2.67 2.66 0.25 0.40 0.37 0.18 0.82 1.06 0.10 0.15 0.51 2.24 2.77 2.67 2.67 0.24 0.38 0.35 0.16 0.74 0.89 0.11 0.14 1.03 2.08 0.45 0.81 2.67 0.38 0.54 0.50 0.19 1.10 1.10 0.20 0.18 1.50 2.52 0.53 0.54 1.51 0.58 0.80 0.72 0.26 1.57 1.52 0.30 0.25 0.12 0.01 0.01 0.12 0.01 0.11 0.01 0.11 0.10 0.05 0.12 0.01 0.11 0.64 1.94 0.49 0.38 0.89 0.53 2.67 1.63 0.49 0.72 1.14 0.23 0.24 0.65 2.02 0.54 0.38 0.89 0.60 2.66 2.66 1.66 0.80 1.51 0.43 0.36 0.83 1.78 0.35 0.28 0.84 0.64 2.67 2.65 1.98 2.32 1.97 0.58 0.42 1.01 1.46 0.20 0.19 0.78 0.64 2.67 2.67 0.72 2.14 2.43 0.64 0.44 1.10 1.63 0.22 0.20 0.86 0.71 2.67 2.67 0.64 1.35 2.73 1.28 0.57 0.96 1.45 0.34 0.18 0.61 0.50 2.67 2.67 0.44 0.84 1.29 1.99 1.70 2.35 1.92 0.46 0.19 0.75 0.66 2.67 2.66 0.38 0.61 0.69 0.73 1.15 2.33 0.52 0.18 0.70 0.62 2.66 2.66 0.27 0.39 0.38 0.39 0.15 2.77

I got: 1.19 0.36 0.82 0.71 2.67 2.67 0.34 0.48 0.42 0.39 0.37 2.36 2.50 1.34 0.82 0.48 2.68 2.67 0.40 0.56 0.44 0.31 0.36 1.44 0.78 1.39 0.95 2.66 0.65 2.67 2.67 0.40 0.55 0.44 0.27 0.69 1.36 0.30 0.41 0.43 2.77 0.69 2.65 2.67 0.25 0.40 0.37 0.18 51.85 1.06 0.10 0.15 0.51 2.24 2.77 2.67 2.66 0.24 0.38 0.35 0.16 0.74 0.89 0.10 0.14 1.04 2.08 0.45 0.81 2.67 0.38 0.54 0.50 0.19 1.10 1.10 0.20 0.18 1.50 2.54 0.53 0.54 1.51 0.58 0.80 0.72 0.26 1.56 1.52 0.30 0.25 0.12 0.01 0.01 0.11 0.01 0.12 0.01 0.11 0.10 0.01 0.13 0.01 0.12 0.64 1.94 0.49 0.38 0.89 0.53 2.67 1.63 0.49 0.72 1.14 0.24 0.24 0.65 2.02 0.54 0.38 0.89 0.60 2.67 2.67 1.67 0.80 1.51 0.43 0.36 0.83 1.78 0.35 0.28 0.84 0.64 2.66 2.66 1.99 2.31 1.97 0.58 0.42 1.01 1.46 0.20 0.19 0.78 0.64 2.67 2.67 0.72 2.14 2.43 0.64 0.44 1.10 1.62 0.22 0.20 0.86 0.71 2.67 2.65 0.64 1.35 2.73 1.28 0.57 0.96 1.44 0.33 0.18 0.60 0.50 2.67 2.66 0.43 0.84 1.29 1.99 1.70 2.35 1.92 0.46 0.19 0.75 0.66 2.67 2.65 0.38 0.61 0.69 0.72 1.15 2.32 0.52 0.18 0.70 0.62 2.65 2.67 0.27 0.39 0.38 0.39 0.15 2.77

I got: 1.19 0.36 0.82 0.71 2.67 2.65 0.34 0.48 0.42 0.39 0.37 2.38 2.51 1.34 0.82 0.49 2.67 2.65 0.40 0.56 0.44 0.31 0.36 1.43 0.78 1.39 0.95 2.66 0.65 2.67 2.65 0.40 0.55 0.44 0.27 0.69 1.36 0.30 0.41 0.43 2.77 0.69 2.68 2.67 0.25 0.40 0.37 0.18 0.82 1.06 0.10 0.15 0.51 2.23 2.77 2.65 2.67 0.24 0.38 0.35 0.16 0.74 0.89 0.10 0.14 1.04 2.08 0.45 0.81 2.67 0.38 0.54 0.50 0.19 1.10 1.10 0.20 0.18 1.50 2.54 0.53 0.54 1.51 0.58 0.80 0.72 0.27 1.57 1.52 0.30 0.25 0.13 0.01 0.01 0.12 0.01 0.13 0.01 0.13 0.08 0.02 0.14 0.01 0.14 0.64 1.94 0.49 0.38 0.89 0.53 2.67 1.63 0.49 0.72 1.14 0.24 0.24 0.65 2.03 0.54 0.38 0.89 0.60 2.67 2.67 1.67 0.80 1.51 0.43 0.36 0.83 1.78 0.35 0.28 0.84 0.64 2.65 2.67 1.98 2.32 1.97 0.58 0.42 1.01 1.46 0.20 0.19 0.78 0.64 2.66 2.66 0.72 2.15 2.43 0.64 0.44 1.09 1.62 0.22 0.20 0.86 0.71 2.67 2.66 0.64 1.35 2.74 1.28 0.56 0.96 1.45 0.33 0.18 0.61 0.50 2.65 2.67 0.44 0.84 1.29 1.99 1.70 2.36 1.92 0.46 0.19 0.75 0.66 2.66 2.67 51.53 0.61 0.69 0.72 1.15 2.33 0.52 0.18 0.70 0.63 2.67 2.66 0.27 0.39 0.38 0.38 0.15 2.74

I got: 1.19 0.36 0.82 0.71 2.66 2.67 0.34 0.48 0.42 0.39 0.37 2.38 2.50 1.34 0.82 0.49 2.65 2.67 0.40 0.56 0.44 0.31 0.36 1.44 0.78 1.39 0.95 2.65 0.65 2.66 2.66 0.40 0.55 0.44 0.27 0.69 1.36 0.30 0.40 0.43 2.74 0.69 2.67 2.67 0.25 0.40 0.37 0.18 0.81 1.06 0.10 0.15 0.51 2.24 2.75 2.67 2.67 0.24 0.38 0.35 0.16 0.74 0.89 0.10 0.14 1.03 2.08 0.45 0.81 2.65 0.38 0.54 0.50 0.19 1.10 1.10 0.20 0.18 1.50 2.52 0.53 0.54 1.51 0.57 0.80 0.72 0.27 1.56 1.52 0.30 0.25 0.14 0.01 0.01 0.13 0.01 0.13 0.01 0.13 0.12 0.12 0.15 0.01 0.14 0.64 1.94 0.49 0.38 0.89 0.53 2.65 1.64 0.49 0.72 1.14 0.24 0.24 0.65 2.02 0.54 0.38 0.89 0.61 2.67 2.66 1.67 0.80 1.51 0.43 0.36 0.83 1.79 0.35 0.28 0.84 0.65 2.67 2.67 1.99 2.32 1.97 0.58 0.42 1.01 1.46 0.20 0.19 0.78 0.64 2.65 2.67 0.72 2.15 2.42 0.64 0.44 1.10 1.62 0.22 0.20 0.86 0.71 2.65 2.67 0.64 1.35 2.74 1.28 0.57 0.96 1.44 0.33 0.18 0.61 0.51 2.66 2.67 0.44 0.84 1.29 1.98 1.70 2.36 1.92 0.46 0.19 0.75 0.66 2.68 2.67 0.38 0.61 0.69 0.72 1.15 2.33 0.52 0.18 0.70 0.63 2.67 2.65 0.27 0.39 0.38 0.39 0.15 2.76

I got: 1.19 0.36 0.82 0.71 2.68 2.67 0.34 0.48 0.42 0.39 0.37 2.36 2.49 1.34 0.82 0.49 2.66 2.67 0.40 0.56 0.44 0.31 0.36 1.43 0.78 1.39 0.95 2.64 0.66 2.65 2.67 0.40 0.55 0.44 0.27 0.69 1.36 0.30 0.41 0.43 2.76 0.69 2.67 2.66 0.25 0.40 0.37 0.18 0.82 1.06 0.10 0.15 0.51 2.24 2.76 2.67 2.68 0.24 0.38 0.35 0.16 0.74 0.89 0.11 0.14 1.04 2.08 0.45 0.81 2.67 0.38 0.54 0.50 0.19 1.10 1.10 0.20 0.18 1.50 2.52 0.53 0.54 1.51 0.57 0.80 0.72 0.27 1.57 1.52 0.30 0.25 0.14 0.01 0.01 0.13 0.01 0.13 0.01 0.14 0.13 0.09 0.14 0.01 0.14 0.64 1.94 0.49 0.38 0.89 0.53 2.67 1.63 0.49 0.72 1.14 0.23 0.24 0.65 2.02 0.54 0.38 0.89 0.61 2.66 2.66 1.67 0.80 1.51 0.43 0.36 0.83 1.78 0.35 0.28 0.84 0.64 2.67 2.65 1.98 2.32 1.97 0.58 0.42 1.01 1.47 0.20 0.19 0.78 0.64 2.67 2.67 0.72 2.15 2.43 0.64 0.44 1.10 1.62 0.22 51.85 0.86 0.71 2.66 2.67 0.64 1.35 2.73 1.28 0.56 0.96 1.44 0.33 0.18 0.61 0.51 2.67 2.66 0.44 0.84 1.29 1.99 1.70 2.34 1.92 0.46 0.19 0.76 0.66 2.67 2.66 0.38 0.62 0.69 0.72 1.15 2.33 0.52 0.18 0.70 0.63 2.66 2.67 0.27 0.39 0.38 0.39 0.15 2.77

I got: 1.19 0.36 0.82 0.72 2.67 2.67 0.34 0.48 0.42 0.39 0.37 2.36 2.49 1.34 0.82 0.49 51.85 2.68 0.40 0.56 0.44 0.31 0.36 1.44 0.78 1.39 0.95 2.66 0.65 2.67 2.66 0.40 0.55 0.44 0.27 0.69 1.36 0.30 0.41 0.44 2.77 0.69 2.65 2.67 0.25 0.40 0.37 0.18 0.81 1.06 0.10 0.15 0.51 2.24 2.78 2.67 2.66 0.24 0.38 0.35 0.16 0.74 0.89 0.10 0.14 1.04 2.08 0.46 0.81 2.67 0.38 0.54 0.50 0.19 1.10 1.10 0.20 0.17 1.50 2.53 0.53 0.54 1.51 0.57 0.80 0.72 0.27 1.56 1.52 0.30 0.25 0.14 0.01 0.01 0.14 0.01 0.13 0.01 0.14 0.11 0.01 0.14 0.01 0.13 0.64 1.94 0.49 0.38 0.89 0.53 2.67 1.63 0.49 0.72 1.14 0.23 0.24 0.65 2.02 0.54 0.38 0.89 0.61 2.66 2.67 1.67 0.80 1.51 0.43 0.36 0.83 1.78 0.35 0.27 0.85 0.65 2.66 2.66 1.99 2.31 1.97 0.58 0.42 1.01 1.46 0.19 0.19 0.78 0.64 2.67 2.66 0.72 2.14 2.43 0.64 0.44 1.10 1.62 0.22 0.19 0.87 0.71 2.67 2.65 0.64 1.35 2.74 1.28 0.56 0.96 1.44 0.33 0.18 0.61 0.51 2.67 2.66 0.44 0.84 1.29 1.99 1.70 2.35 1.92 0.46 0.19 0.75 0.66 2.67 2.65 0.38 0.62 0.69 0.72 1.15 2.32 0.52 0.18 0.70 0.63 2.65 2.67 0.27 0.40 0.38 0.39 0.15 2.77

I got: 1.19 0.36 0.82 0.72 2.67 2.65 0.34 0.48 0.42 0.39 0.37 2.37 2.50 1.34 0.82 0.49 2.67 2.65 0.40 0.56 0.44 0.31 0.36 1.44 0.78 1.39 0.95 2.66 0.66 2.67 2.65 0.40 0.55 0.44 0.27 0.69 1.36 0.30 0.40 0.44 2.77 0.69 2.67 2.67 0.25 0.40 0.37 0.18 0.82 1.07 0.10 0.15 0.51 2.23 2.77 2.65 2.67 0.24 0.38 0.35 0.16 0.74 0.89 0.10 0.14 1.04 2.08 0.46 0.80 2.67 0.38 0.54 0.50 0.19 1.10 1.10 0.20 0.17 1.50 2.54 0.53 0.54 1.51 0.57 0.79 0.72 0.26 1.57 1.52 0.30 0.25 0.14 0.01 0.01 0.13 0.01 0.13 0.01 0.13 0.01 0.01 0.14 0.01 0.13 0.64 1.94 0.49 0.38 0.89 0.53 2.67 1.63 0.49 0.72 1.14 0.23 0.24 0.65 2.03 0.54 0.38 0.89 0.61 2.67 2.67 1.67 0.81 1.51 0.43 0.36 0.83 1.78 0.35 0.27 0.85 0.65 2.65 2.67 1.98 2.31 1.97 0.58 0.42 1.01 1.46 0.20 0.19 0.79 0.64 2.66 2.66 0.72 2.15 2.43 0.64 0.44 1.10 1.62 0.22 0.20 0.86 0.72 2.66 2.66 0.64 1.36 2.74 1.28 0.57 0.96 1.45 0.33 0.18 0.61 0.51 2.65 2.67 0.44 0.84 1.29 1.99 1.71 2.36 1.93 0.46 0.19 0.76 0.66 2.66 2.67 0.38 0.62 0.69 0.72 1.15 2.33 0.52 0.18 0.70 0.63 2.67 2.67 0.27 0.39 0.38 0.39 0.15 2.74

I got: 1.19 0.36 0.82 0.72 2.66 2.67 0.34 0.48 0.42 0.39 0.37 2.38 2.50 1.34 0.82 0.49 2.65 2.67 0.40 0.56 0.44 0.31 0.36 1.44 0.78 1.39 0.95 2.64 0.66 2.66 2.66 0.40 0.55 0.44 0.27 0.69 1.36 0.30 0.41 0.44 2.74 0.69 2.67 2.68 0.25 0.40 0.37 0.18 0.82 1.06 0.10 0.15 0.51 2.23 2.75 2.67 2.67 0.24 0.38 0.35 0.16 0.74 0.89 0.10 0.14 1.04 2.08 0.46 0.80 2.65 0.38 0.54 0.50 0.19 1.10 1.10 0.20 0.17 1.50 2.51 0.54 0.54 1.51 0.57 0.79 0.72 0.27 1.56 1.52 0.30 0.25 0.14 0.01 0.01 0.12 0.01 0.13 0.01 0.12 0.02 0.03 0.14 0.01 0.12 0.64 1.94 0.49 0.38 0.89 0.54 2.65 1.64 0.49 0.72 1.14 0.23 0.24 0.65 2.02 0.55 0.38 0.89 0.61 2.67 2.65 1.67 0.80 1.51 0.43 0.36 0.83 1.78 0.35 0.27 0.85 0.65 2.67 2.67 1.99 2.32 1.97 0.58 0.42 1.01 1.46 0.19 0.19 0.79 0.65 2.64 2.67 0.72 2.15 2.42 0.64 0.44 1.10 1.62 0.22 0.19 0.87 0.72 2.64 2.67 0.64 1.35 2.75 1.28 0.56 0.96 1.44 0.33 0.17 0.61 0.51 2.66 2.67 0.44 0.84 1.29 1.99 1.70 2.36 1.92 0.46 0.19 0.76 0.67 2.67 2.67 0.38 0.62 0.69 0.72 1.15 2.33 0.52 0.18 0.70 0.63 2.67 2.65 0.27 0.40 0.38 0.39 0.15 2.76

I got: 1.19 0.36 0.82 0.72 2.66 2.67 0.34 0.48 0.42 0.39 0.37 2.36 2.49 1.34 0.82 0.49 2.66 2.67 0.40 0.56 0.44 0.31 0.36 1.44 0.78 1.39 0.95 2.64 0.66 2.65 2.67 0.40 0.55 0.44 0.27 0.69 1.36 0.30 0.40 0.44 2.76 0.70 2.67 2.66 0.25 0.40 0.37 0.18 0.82 1.06 0.10 0.15 0.51 2.24 2.76 2.67 2.68 0.24 0.38 0.35 0.16 0.74 0.89 0.10 0.14 1.04 2.08 0.46 0.80 2.67 0.38 0.54 0.50 0.19 1.10 1.10 0.20 0.18 1.50 2.52 0.54 0.54 1.52 0.58 0.80 0.72 0.26 1.57 1.52 0.30 0.25 0.13 0.01 0.01 0.11 0.01 0.11 0.01 0.13 0.08 0.02 0.12 0.01 0.12 0.64 1.94 0.50 0.38 0.90 0.54 2.67 1.63 0.49 0.72 1.14 0.23 0.24 0.65 2.02 0.54 0.38 0.89 0.61 2.66 2.66 1.67 0.81 1.51 0.43 0.36 0.83 1.78 0.35 0.27 0.85 0.65 2.67 2.64 1.99 2.32 1.97 0.58 0.42 1.01 1.46 0.19 0.19 0.79 0.65 2.67 2.67 0.72 2.15 2.43 0.64 0.44 1.10 1.62 0.22 0.19 0.87 0.72 2.66 2.67 0.64 1.36 2.74 1.28 0.56 0.96 1.44 0.33 0.18 0.61 0.51 2.67 2.68 0.43 0.84 1.29 1.99 1.70 2.34 1.92 0.46 0.19 0.76 0.67 2.67 2.66 0.38 0.62 0.69 0.72 1.15 2.33 0.52 0.18 0.71 0.63 2.66 2.66 0.27 0.40 0.38 0.39 0.15 2.77

I got: 1.19 0.36 0.82 0.72 2.67 2.66 0.34 0.48 0.42 0.39 0.37 2.36 2.49 1.34 0.82 0.49 2.67 2.68 0.40 0.56 0.44 0.31 0.36 1.44 0.78 1.39 0.95 2.66 0.66 2.67 2.66 0.40 0.55 0.44 0.27 0.69 1.36 0.30 0.41 0.44 2.77 0.70 2.65 2.67 0.25 0.40 0.37 0.18 0.82 1.06 0.10 0.15 0.51 2.24 2.78 2.67 2.66 0.24 0.38 0.35 0.16 0.74 0.89 0.10 0.14 1.04 2.08 0.46 0.80 2.67 0.38 0.54 0.50 0.19 1.10 1.10 0.20 0.17 1.50 2.53 0.54 0.53 1.52 0.58 0.80 0.72 0.27 1.57 1.52 0.30 0.25 0.13 0.01 0.01 0.11 0.01 0.11 0.01 0.11 0.03 0.01 0.12 0.01 0.11 0.64 1.93 0.50 0.38 0.90 0.54 2.67 1.63 0.49 0.72 1.14 0.24 0.24 0.65 2.02 0.54 0.38 0.89 0.62 2.68 2.67 1.67 0.81 1.52 0.43 0.36 0.83 1.78 0.35 0.27 0.85 0.65 2.66 2.66 1.99 2.31 1.97 0.58 0.42 1.01 1.46 0.19 0.19 0.79 0.65 2.67 2.65 0.72 2.14 2.43 0.64 0.43 1.10 1.62 0.22 0.20 0.87 0.72 2.67 2.65 0.64 1.36 2.73 1.28 0.57 0.96 1.44 0.33 0.17 0.61 0.51 2.67 2.66 0.44 0.84 1.29 1.99 1.70 2.35 1.92 0.45 0.19 0.76 0.67 2.67 2.65 0.38 0.62 0.69 0.72 1.15 2.32 0.52 0.18 0.70 0.64 2.65 2.67 0.27 0.40 0.38 0.39 0.15 2.77

I got: 1.19 0.36 0.82 0.72 2.67 2.65 0.34 0.48 0.42 0.39 0.37 2.38 2.51 1.34 0.82 0.49 2.67 2.65 0.40 0.56 0.44 0.31 0.36 1.44 0.78 1.39 0.95 2.67 0.66 2.67 2.65 0.40 0.55 0.44 0.27 0.69 1.36 0.30 0.41 0.44 2.77 0.70 2.68 2.67 0.25 0.40 0.37 0.18 0.82 1.07 0.10 0.15 0.51 2.23 2.77 2.65 2.67 0.24 0.38 0.35 0.16 0.74 0.89 0.10 0.14 1.04 2.08 0.46 0.80 2.67 0.38 0.54 0.50 0.19 1.10 1.10 0.20 0.17 1.50 2.53 0.54 0.54 1.52 0.58 0.79 0.72 0.26 1.57 1.53 0.30 0.25 0.12 0.01 0.01 0.11 0.01 0.12 0.01 0.12 0.01 0.01 0.13 0.01 0.11 0.65 1.94 0.50 0.38 0.90 0.54 2.66 1.63 0.49 0.72 1.14 0.24 0.24 0.65 2.02 0.55 0.38 0.89 0.62 2.67 2.66 1.67 0.81 1.51 0.43 0.36 0.83 1.78 0.35 0.27 0.85 0.65 2.65 2.67 1.99 2.31 1.97 0.58 0.42 1.01 1.46 0.19 0.19 0.79 0.65 2.66 2.66 0.72 2.15 2.43 0.64 0.44 1.10 1.62 0.22 0.19 0.87 0.72 2.67 2.66 0.64 1.36 2.74 1.28 0.56 0.96 1.44 0.33 0.17 0.61 0.51 2.65 2.67 0.44 0.84 1.29 1.99 1.70 2.36 1.92 0.46 0.19 0.76 0.67 2.66 2.67 0.38 0.62 0.69 0.72 1.15 2.33 0.51 0.18 0.70 0.64 2.67 2.67 0.27 0.40 0.38 0.39 0.15 2.74

I got: 1.19 0.36 0.82 0.72 2.66 2.67 0.34 0.48 0.42 0.39 0.37 2.38 2.50 1.34 0.82 0.49 2.65 2.67 0.40 0.56 0.44 0.31 0.36 1.44 0.78 1.39 0.95 2.64 0.66 2.66 2.67 0.40 0.55 0.44 0.27 0.69 1.36 0.30 0.40 0.44 2.74 0.70 2.67 2.68 0.25 0.40 0.37 0.18 0.82 1.07 0.10 0.15 0.51 2.24 2.75 2.68 2.67 0.24 0.38 0.35 0.16 0.74 0.89 0.11 0.14 1.04 2.08 0.46 0.80 2.65 0.38 0.54 0.50 0.19 1.10 1.10 0.20 0.17 1.50 2.51 0.54 0.53 1.52 0.57 0.80 0.71 0.26 1.57 1.52 0.30 0.25 0.13 0.01 0.01 0.11 0.01 0.11 0.01 0.11 0.01 0.01 0.12 0.01 0.11 0.64 1.93 0.50 0.38 0.90 0.54 2.64 1.63 0.49 0.72 1.14 0.23 0.24 0.65 2.02 0.54 0.38 0.90 0.62 2.67 2.65 1.67 0.81 1.52 0.43 0.36 0.83 1.78 0.35 0.27 0.85 0.66 2.67 2.67 1.99 2.32 1.97 0.58 0.42 1.01 1.46 0.19 0.19 0.79 0.65 2.65 2.67 0.72 2.15 2.42 0.64 0.44 1.10 1.62 0.22 0.19 0.87 0.72 2.65 2.67 0.64 1.36 2.74 1.28 0.56 0.96 1.44 0.33 0.17 0.61 0.51 2.67 2.67 0.44 0.85 1.29 1.98 1.70 2.35 1.92 0.45 0.19 0.76 0.67 2.66 2.67 0.38 0.62 0.69 0.72 1.15 2.34 0.51 0.18 0.70 0.64 2.67 2.65 0.27 0.40 0.38 0.39 0.15 2.76

