I got: 0.96 0.09 0.06 1.43 2.67 2.66 0.37 0.49 0.42 0.39 0.36 2.35 2.54 0.30 0.11 0.95 2.66 2.66 0.39 0.54 0.44 0.31 0.36 1.41 0.83 1.45 0.69 0.83 1.48 2.67 2.65 0.17 0.31 0.32 0.19 0.76 1.16 0.19 0.30 0.79 2.24 1.35 2.67 2.67 0.10 0.27 0.33 0.13 0.91 0.96 0.08 0.10 0.75 2.07 1.05 2.65 2.67 0.37 0.36 0.34 0.16 0.86 0.98 0.05 0.11 0.80 2.34 0.46 0.89 2.67 1.08 0.68 0.45 0.23 0.96 1.22 0.04 0.14 1.36 2.50 0.45 0.06 1.08 0.90 0.86 0.69 0.25 1.45 1.35 0.19 0.22 0.16 0.01 0.01 0.13 0.01 0.14 0.01 0.13 0.01 0.12 0.14 0.01 0.13 0.62 1.98 0.30 0.08 0.45 0.77 2.66 1.59 0.47 0.73 1.09 0.20 0.24 0.62 2.07 0.31 0.08 0.28 0.64 2.67 2.67 1.66 0.80 1.48 0.41 0.36 0.80 1.86 0.23 0.07 0.13 1.00 2.68 2.67 1.95 2.32 1.96 0.56 0.43 0.99 1.55 0.13 0.07 0.06 1.17 2.65 2.67 0.73 2.15 2.42 0.61 0.44 1.07 1.73 0.14 0.08 0.05 1.35 2.65 2.67 0.66 1.35 2.74 1.27 0.57 0.95 1.52 0.18 0.06 0.05 0.97 2.65 2.67 0.45 0.83 1.27 1.97 1.69 2.33 1.99 0.23 0.08 0.05 1.29 2.65 2.67 0.40 0.60 0.67 0.71 1.12 2.37 0.28 0.07 0.04 1.29 2.67 2.68 0.30 0.40 0.37 0.38 0.15 2.75

I got: 0.96 0.10 0.06 1.43 2.65 2.67 0.37 0.49 0.42 0.39 0.36 2.34 2.54 0.30 0.11 0.96 2.66 2.67 0.39 0.54 0.44 0.31 0.36 1.41 0.83 1.44 0.69 0.83 1.48 2.65 2.67 0.17 0.31 0.32 0.19 0.76 1.16 0.19 0.30 0.79 2.25 1.35 2.67 2.66 0.10 0.27 0.33 0.13 0.91 0.96 0.08 0.10 0.75 2.07 1.06 2.67 2.67 0.37 0.36 0.34 0.16 0.86 0.98 0.05 0.11 0.80 2.35 0.46 0.89 2.67 1.08 0.68 0.45 0.23 0.96 1.22 0.04 0.14 1.36 2.51 0.45 0.06 1.09 0.91 0.87 0.70 0.25 1.46 1.36 0.19 0.22 0.14 0.01 0.01 0.12 0.01 0.13 0.01 0.12 0.01 0.13 0.14 0.01 0.13 0.62 1.98 0.30 0.08 0.45 0.77 2.66 1.59 0.48 0.73 1.09 0.20 0.24 0.62 2.07 0.31 0.08 0.28 0.64 2.66 2.66 1.66 0.81 1.48 0.41 0.36 0.80 1.87 0.23 0.08 0.13 1.01 2.67 2.68 1.96 2.32 1.96 0.56 0.43 0.99 1.55 0.13 0.07 0.06 1.18 2.68 2.67 0.73 2.14 2.43 0.61 0.44 1.07 1.73 0.14 0.08 0.05 1.35 2.67 2.67 0.66 1.35 2.74 1.27 0.57 0.95 1.52 0.18 0.06 0.05 0.97 2.68 2.67 0.45 0.84 1.27 1.97 1.69 2.33 1.99 0.23 0.08 0.05 1.29 2.67 2.67 0.39 0.61 0.67 0.71 1.12 2.39 0.28 0.07 0.04 1.29 2.67 2.66 0.30 0.40 0.37 0.38 0.15 2.77

I got: 0.96 0.10 0.06 1.43 2.67 2.67 0.37 0.49 0.42 0.39 0.36 2.34 2.52 0.30 0.11 0.96 2.69 2.67 0.39 0.54 0.44 0.31 0.35 1.41 0.83 1.44 0.69 0.83 1.48 2.68 2.67 0.17 0.31 0.32 0.19 0.76 1.16 0.19 0.30 0.79 2.24 1.35 2.66 2.66 0.10 0.27 0.33 0.13 0.91 0.96 0.08 0.09 0.75 2.07 1.05 2.67 2.68 0.37 0.36 0.34 0.16 0.86 0.98 0.04 0.11 0.80 2.35 0.46 0.89 2.65 1.09 0.68 0.45 0.23 0.96 1.21 0.04 0.14 1.36 2.53 0.45 0.06 1.08 0.91 0.86 0.69 0.25 1.45 1.34 0.19 0.22 0.13 0.01 0.01 0.12 0.01 0.12 0.01 0.12 0.01 0.12 0.13 0.01 0.12 0.62 1.98 0.30 0.08 0.45 0.78 2.67 1.59 0.47 0.73 1.09 0.20 0.24 0.62 2.07 0.31 0.08 0.28 0.64 2.65 2.67 1.66 0.81 1.48 0.41 0.36 0.80 1.86 0.23 0.07 0.13 1.00 2.67 2.65 1.96 2.31 1.96 0.56 0.43 0.99 1.55 0.13 0.07 0.06 1.18 2.67 2.67 0.73 2.14 2.43 0.60 0.44 1.07 1.73 0.14 0.08 0.05 1.35 2.67 2.67 0.66 1.35 2.72 1.27 0.57 0.95 1.52 0.18 0.06 0.05 0.97 2.67 2.67 0.45 0.83 1.27 1.97 1.69 2.32 1.99 0.23 0.08 0.05 1.29 2.67 2.66 0.40 0.60 0.67 0.71 1.12 2.39 0.28 0.08 0.04 1.29 2.65 2.67 0.30 0.40 0.37 0.38 0.15 2.77

I got: 0.95 0.09 0.07 1.43 2.67 2.66 0.37 0.49 0.42 0.39 0.36 2.35 2.53 0.30 0.11 0.96 2.67 2.69 0.39 0.54 0.44 0.31 0.35 1.41 0.83 1.44 0.69 0.83 1.48 2.67 2.68 0.17 0.31 0.32 0.19 0.76 1.16 0.19 0.30 0.79 2.24 1.35 2.65 2.67 0.10 0.27 0.33 0.13 0.91 0.96 0.08 0.10 0.75 2.07 1.06 2.67 2.66 0.38 0.36 0.34 0.16 0.86 0.98 0.04 0.11 0.80 2.35 0.46 0.89 2.65 1.08 0.68 0.44 0.23 0.96 1.21 0.04 0.14 1.35 2.51 0.45 0.06 1.08 0.90 0.86 0.69 0.25 1.44 1.34 0.19 0.22 0.13 0.01 0.01 0.11 0.01 0.11 0.01 0.11 0.01 0.12 0.12 0.01 0.13 0.62 1.98 0.30 0.08 0.45 0.76 2.67 1.59 0.48 0.73 1.09 0.20 0.24 0.62 2.07 0.31 0.08 0.28 0.65 2.67 2.67 1.66 0.81 1.48 0.41 0.36 0.80 1.87 0.23 0.07 0.13 1.01 2.64 2.67 1.96 2.31 1.96 0.55 0.43 0.99 1.55 0.13 0.07 0.06 1.18 2.67 2.65 0.73 2.15 2.43 0.60 0.44 1.07 1.73 0.14 0.08 0.05 1.35 2.67 2.65 0.66 1.35 2.73 1.27 0.57 0.95 1.52 0.18 0.06 0.05 0.97 2.66 2.66 0.45 0.83 1.27 1.96 1.69 2.33 1.99 0.23 0.08 0.05 1.29 2.66 2.66 0.40 0.60 0.67 0.71 1.12 2.39 0.28 0.08 0.04 1.29 2.68 2.67 0.30 0.39 0.37 0.38 0.15 2.74

I got: 0.96 0.10 0.06 1.43 2.66 2.66 0.37 0.49 0.42 0.39 0.36 2.35 2.54 0.30 0.11 0.96 2.66 2.66 0.39 0.54 0.44 0.31 0.35 1.41 0.83 1.45 0.69 0.83 1.48 2.67 2.66 0.17 0.31 0.32 0.19 0.76 1.16 0.19 0.30 0.79 2.25 1.35 2.67 2.66 0.10 0.27 0.33 0.13 0.91 0.95 0.08 0.10 0.75 2.07 1.05 2.64 2.68 0.37 0.36 0.34 0.16 0.86 0.98 0.04 0.11 0.80 2.34 0.46 0.89 2.67 1.10 0.70 0.45 0.23 0.96 1.21 0.04 0.14 1.37 2.52 0.45 0.06 1.09 0.91 0.87 0.70 0.25 1.47 1.36 0.19 0.22 0.13 0.01 0.01 0.11 0.01 0.12 0.01 0.11 0.01 0.12 0.12 0.01 0.11 0.62 1.98 0.30 0.08 0.45 0.86 2.65 1.59 0.48 0.73 1.09 0.20 0.24 0.62 2.07 0.31 0.08 0.29 0.64 2.67 2.67 1.66 0.81 1.48 0.41 0.36 0.80 1.86 0.22 0.07 0.13 1.01 2.67 2.67 1.96 2.32 1.96 0.56 0.43 0.99 1.55 0.13 0.07 0.06 1.18 2.65 2.67 0.73 2.15 2.42 0.60 0.44 1.07 1.73 0.14 0.08 0.05 1.35 2.65 2.67 0.66 1.35 2.74 1.27 0.57 0.95 1.52 0.18 0.06 0.05 0.98 2.66 2.67 0.45 0.83 1.27 1.97 1.69 2.33 1.99 0.23 0.08 0.05 1.29 2.66 2.67 0.40 0.60 0.67 0.71 1.12 2.37 0.28 0.07 0.04 1.29 2.67 2.67 0.30 0.39 0.37 0.38 0.15 2.76

I got: 0.96 0.09 0.06 1.43 2.67 2.67 0.37 0.49 0.42 0.39 0.36 2.33 2.53 0.30 0.11 0.96 2.66 2.67 0.39 0.54 0.44 0.31 0.35 1.41 0.83 1.44 0.69 0.83 1.48 2.65 2.67 0.17 0.31 0.32 0.19 0.76 1.16 0.19 0.30 0.79 2.25 1.35 2.67 2.65 0.10 0.28 0.33 0.13 0.91 0.96 0.08 0.10 0.75 2.07 1.05 2.67 2.67 0.37 0.36 0.34 0.16 0.86 0.98 0.05 0.11 0.80 2.35 0.46 0.89 2.67 1.08 0.68 0.44 0.23 0.96 1.22 0.04 0.14 1.35 2.51 0.44 0.06 1.08 0.90 0.86 0.68 0.25 1.44 1.34 0.19 0.22 0.12 0.01 0.01 0.12 0.01 0.11 0.01 0.11 0.01 0.11 0.11 0.01 0.11 0.62 1.98 0.30 0.08 0.45 0.77 2.68 1.59 0.48 0.73 1.09 0.20 0.24 0.62 2.07 0.31 0.08 0.29 0.65 2.66 2.65 1.65 0.81 1.48 0.41 0.36 0.80 1.87 0.23 0.07 0.13 1.01 2.67 2.66 1.96 2.32 1.95 0.55 0.43 0.99 1.55 0.13 0.07 0.06 1.17 2.68 2.67 0.73 2.13 2.43 0.60 0.44 1.07 1.73 0.14 0.08 0.05 1.35 2.67 2.67 0.66 1.35 2.74 1.27 0.57 0.95 1.52 0.18 0.06 0.05 0.97 2.68 2.67 0.45 0.83 1.27 1.97 1.69 2.32 1.99 0.23 0.08 0.05 1.29 2.67 2.66 0.40 0.60 0.67 0.71 1.12 2.39 0.28 0.08 0.04 1.29 2.66 2.66 0.30 0.39 0.37 0.38 0.15 2.77

I got: 0.96 0.09 0.06 1.43 2.67 2.66 0.37 0.48 0.42 0.39 0.36 2.35 2.52 0.30 0.11 0.96 2.68 2.67 0.39 0.54 0.44 0.31 0.35 1.41 0.83 1.44 0.69 0.83 1.48 2.67 2.67 0.17 0.31 0.32 0.19 0.76 1.16 0.19 0.30 0.79 2.25 1.35 2.66 2.67 0.10 0.28 0.33 0.13 0.91 0.96 0.08 0.10 0.75 2.07 1.05 2.67 2.66 0.38 0.36 0.34 0.16 0.86 0.98 0.04 0.11 0.80 2.36 0.46 0.89 2.67 1.09 0.69 0.45 0.23 0.96 1.21 0.04 0.14 1.36 2.53 0.45 0.06 1.09 0.91 0.87 0.69 0.25 1.45 1.35 0.19 0.22 0.12 0.01 0.01 0.11 0.01 0.11 0.01 0.12 0.01 0.11 0.12 0.01 0.13 0.62 1.98 0.30 0.08 0.45 0.78 2.67 1.59 0.48 0.73 1.09 0.20 0.24 0.62 2.07 0.31 0.08 0.29 0.65 2.66 2.67 1.66 0.81 1.48 0.41 0.36 0.80 1.86 0.22 0.08 0.13 1.01 2.66 2.66 1.96 2.31 1.96 0.56 0.43 0.99 1.55 0.13 0.07 0.06 1.17 2.67 2.68 0.73 2.14 2.43 0.60 0.44 1.07 1.73 0.14 0.08 0.05 1.35 2.67 2.67 0.66 1.34 2.73 1.27 0.57 0.95 1.53 0.18 0.06 0.05 0.97 2.67 2.66 0.45 0.83 1.27 1.97 1.69 2.33 1.99 0.23 0.08 0.04 1.29 2.67 2.65 0.40 0.60 0.67 0.71 1.12 2.39 0.28 0.08 0.04 1.29 2.66 2.67 0.30 0.39 0.37 0.38 0.15 2.77

I got: 0.95 0.10 0.06 1.43 2.67 2.65 0.37 0.49 0.42 0.39 0.36 2.35 2.53 0.30 0.11 0.96 2.67 2.68 0.39 0.54 0.44 0.31 0.35 1.41 0.83 1.45 0.69 0.82 1.48 2.67 2.67 0.17 0.31 0.32 0.19 0.76 1.16 0.19 0.30 0.79 2.24 1.35 2.66 2.67 0.10 0.28 0.32 0.13 0.91 0.96 0.08 0.10 0.75 2.07 1.05 2.66 2.67 0.37 0.36 0.33 0.16 0.86 0.98 0.04 0.11 0.80 2.35 0.46 0.89 2.66 1.08 0.68 0.45 0.23 0.95 1.20 0.04 0.15 1.38 2.54 0.45 0.06 1.10 0.92 0.88 0.69 0.25 1.47 1.37 0.19 0.22 0.14 0.01 0.01 0.11 0.01 0.13 0.01 0.12 0.00 0.13 0.13 0.01 0.12 0.62 1.98 0.30 0.08 0.45 0.89 2.67 1.59 0.47 0.73 1.09 0.20 0.24 0.62 2.07 0.31 0.08 0.29 0.64 2.67 2.67 1.65 0.81 1.47 0.41 0.36 0.80 1.86 0.22 0.08 0.13 1.00 2.66 2.67 1.95 2.31 1.95 0.56 0.43 0.99 1.55 0.13 0.07 0.06 1.18 2.67 2.65 0.73 2.15 2.43 0.60 0.44 1.07 1.73 0.14 0.08 0.05 1.34 2.67 2.66 0.66 1.34 2.74 1.27 0.57 0.95 1.52 0.18 0.06 0.05 0.98 2.65 2.67 0.45 0.83 1.27 1.97 1.69 2.33 1.99 0.23 0.08 0.04 1.30 2.65 2.67 0.40 0.60 0.67 0.71 1.13 2.38 0.28 0.07 0.04 1.29 2.67 2.67 0.29 0.39 0.37 0.38 0.15 2.74

I got: 0.96 0.09 0.06 1.43 2.66 2.67 0.37 0.49 0.42 0.39 0.36 2.34 2.54 0.30 0.11 0.96 2.65 2.67 0.39 0.54 0.44 0.31 0.36 1.41 0.83 1.45 0.69 0.83 1.48 2.66 2.66 0.17 0.31 0.32 0.19 0.76 1.16 0.19 0.30 0.79 2.25 1.35 2.67 2.66 0.10 0.28 0.32 0.13 0.91 0.96 0.08 0.10 0.75 2.07 1.05 2.67 2.67 0.37 0.36 0.33 0.15 0.86 0.98 0.04 0.11 0.80 2.34 0.46 0.89 2.67 1.09 0.68 0.44 0.23 0.96 1.21 0.04 0.14 1.36 2.51 0.44 0.06 1.08 0.90 0.87 0.68 0.25 1.45 1.34 0.19 0.22 0.15 0.01 0.01 0.13 0.01 0.14 0.01 0.13 0.01 0.14 0.14 0.01 0.13 0.62 1.98 0.30 0.08 0.45 0.78 2.65 1.59 0.48 0.73 1.09 0.20 0.24 0.62 2.07 0.31 0.08 0.29 0.65 2.67 2.67 1.66 0.81 1.47 0.41 0.36 0.80 1.87 0.23 0.07 0.13 1.01 2.67 2.67 1.96 2.32 1.96 0.55 0.43 0.99 1.55 0.13 0.07 0.06 1.18 2.65 2.67 0.73 2.15 2.43 0.61 0.44 1.07 1.73 0.14 0.08 0.05 1.35 2.64 2.67 0.66 1.34 2.74 1.27 0.57 0.95 1.52 0.18 0.06 0.05 0.97 2.67 2.67 0.45 0.83 1.27 1.97 1.69 2.33 1.99 0.23 0.08 0.05 1.29 2.68 2.67 0.40 0.60 0.67 0.71 1.12 2.38 0.28 0.07 0.04 1.29 2.67 2.65 0.30 0.39 0.37 0.38 0.16 2.76

I got: 0.95 0.09 0.06 1.43 2.67 2.67 0.37 0.48 0.42 0.39 0.36 2.33 2.53 0.30 0.11 0.96 2.66 2.67 0.39 0.54 0.44 0.31 0.35 1.41 0.83 1.45 0.69 0.83 1.48 2.65 2.67 0.17 0.31 0.32 0.19 0.76 1.16 0.19 0.30 0.79 2.25 1.35 2.67 2.65 0.10 0.28 0.32 0.13 0.91 0.96 0.08 0.10 0.75 2.07 1.05 2.67 2.67 0.37 0.36 0.33 0.16 0.86 0.98 0.05 0.11 0.80 2.35 0.46 0.89 2.67 1.16 0.74 0.46 0.23 0.94 1.20 0.05 0.15 1.40 2.56 0.46 0.07 1.11 0.93 0.89 0.70 0.25 1.49 1.38 0.19 0.23 0.14 0.01 0.01 0.14 0.01 0.14 0.01 0.13 0.01 0.13 0.15 0.01 0.14 0.62 1.98 0.30 0.08 0.45 0.77 2.67 1.59 0.47 0.73 1.09 0.20 0.24 0.62 2.07 0.31 0.08 0.29 0.65 2.65 2.66 1.65 0.81 1.48 0.41 0.36 0.80 1.87 0.22 0.08 0.13 1.00 2.67 2.65 1.95 2.32 1.96 0.56 0.43 0.99 1.55 0.13 0.07 0.06 1.19 2.67 2.67 0.73 2.14 2.43 0.61 0.44 1.07 1.73 0.14 0.08 0.05 1.36 2.67 2.67 0.66 1.34 2.73 1.27 0.57 0.95 1.53 0.18 0.06 0.05 0.97 2.67 2.68 0.45 0.83 1.27 1.97 1.69 2.32 1.99 0.23 0.08 0.05 1.29 2.67 2.67 0.40 0.60 0.68 0.71 1.13 2.39 0.28 0.08 0.04 1.29 2.65 2.67 0.30 0.39 0.37 0.38 0.15 2.77

I got: 0.95 0.09 0.06 1.43 2.67 2.67 0.37 0.49 0.42 0.39 0.36 2.35 2.52 0.30 0.11 0.96 2.68 2.66 0.39 0.54 0.44 0.31 0.35 1.41 0.83 1.44 0.69 0.83 1.48 2.67 2.67 0.17 0.31 0.32 0.19 0.76 1.16 0.19 0.30 0.79 2.24 1.35 2.65 2.67 0.10 0.28 0.32 0.13 0.91 0.96 0.08 0.10 0.75 2.07 1.05 2.67 2.65 0.37 0.36 0.33 0.16 0.86 0.98 0.04 0.11 0.80 2.36 0.46 0.89 2.64 1.09 0.69 0.44 0.23 0.96 1.21 0.05 0.15 1.41 2.59 0.46 0.07 1.13 0.94 0.90 0.71 0.26 1.51 1.40 0.20 0.23 0.14 0.01 0.01 0.13 0.01 0.14 0.01 0.14 0.01 0.14 0.15 0.01 0.14 0.62 1.98 0.30 0.08 0.45 0.78 2.67 1.59 0.48 0.73 1.09 0.20 0.24 0.62 2.07 0.31 0.08 0.29 0.64 2.68 2.67 1.65 0.81 1.47 0.41 0.36 0.80 1.87 0.22 0.07 0.13 1.00 2.65 2.67 1.96 2.31 1.96 0.56 0.43 0.99 1.55 0.13 0.07 0.06 1.17 2.67 2.65 0.73 2.15 2.43 0.61 0.44 1.07 1.73 0.14 0.08 0.05 1.35 2.67 2.65 0.66 1.34 2.73 1.26 0.57 0.95 1.53 0.18 0.06 0.05 0.97 2.66 2.66 0.45 0.83 1.28 1.97 1.69 2.33 1.99 0.23 0.08 0.04 1.30 2.67 2.66 0.40 0.60 0.67 0.71 1.13 2.39 0.28 0.07 0.04 1.29 2.68 2.67 0.29 0.39 0.37 0.38 0.16 2.76

I got: 0.95 0.10 0.06 1.43 2.67 2.65 0.37 0.49 0.42 0.39 0.36 2.35 2.54 0.30 0.11 0.95 2.66 2.66 0.39 0.54 0.44 0.31 0.35 1.41 0.83 1.45 0.69 0.83 1.48 2.67 2.64 0.17 0.31 0.32 0.19 0.76 1.16 0.19 0.30 0.79 2.25 1.35 2.67 2.67 0.10 0.28 0.32 0.13 0.91 0.96 0.08 0.10 0.75 2.07 1.05 2.65 2.67 0.37 0.36 0.33 0.16 0.86 0.98 0.05 0.11 0.80 2.34 0.46 0.89 2.67 1.09 0.69 0.44 0.23 0.96 1.21 0.05 0.15 1.41 2.58 0.46 0.07 1.12 0.94 0.90 0.71 0.26 1.50 1.40 0.20 0.23 0.14 0.01 0.01 0.13 0.01 0.14 0.01 0.13 0.01 0.13 0.14 0.01 0.13 0.62 1.98 0.30 0.08 0.45 0.78 2.66 1.59 0.47 0.73 1.09 0.20 0.24 0.62 2.08 0.31 0.08 0.29 0.64 2.67 2.66 1.65 0.80 1.48 0.41 0.36 0.80 1.87 0.22 0.07 0.13 1.01 2.68 2.67 1.95 2.32 1.96 0.55 0.43 0.99 1.55 0.13 0.07 0.06 1.17 2.65 2.66 0.73 2.15 2.42 0.60 0.44 1.08 1.73 0.14 0.08 0.05 1.35 2.65 2.67 0.66 1.34 2.74 1.27 0.57 0.95 1.53 0.18 0.06 0.05 0.97 2.65 2.67 0.45 0.83 1.28 1.97 1.69 2.33 1.99 0.23 0.08 0.05 1.29 2.64 2.67 0.40 0.60 0.67 0.71 1.13 2.37 0.28 0.08 0.04 1.29 2.67 2.68 0.30 0.39 0.37 0.38 0.15 2.75

I got: 0.95 0.09 0.06 1.43 2.65 2.67 0.37 0.49 0.42 0.39 0.36 2.34 2.54 0.30 0.11 0.96 2.66 2.67 0.39 0.54 0.44 0.31 0.35 1.41 0.83 1.44 0.69 0.83 1.48 2.66 2.67 0.17 0.31 0.32 0.19 0.76 1.16 0.19 0.30 0.79 2.25 1.35 2.67 2.67 0.10 0.28 0.32 0.13 0.91 0.96 0.08 0.10 0.75 2.07 1.05 2.66 2.67 0.37 0.36 0.33 0.16 0.86 0.98 0.05 0.11 0.80 2.35 0.46 0.89 2.67 1.08 0.70 0.45 0.23 0.96 1.21 0.04 0.15 1.39 2.54 0.45 0.06 1.10 0.92 0.89 0.70 0.25 1.48 1.37 0.19 0.23 0.13 0.01 0.01 0.12 0.01 0.13 0.01 0.12 0.01 0.13 0.13 0.01 0.12 0.62 1.98 0.30 0.08 0.45 0.95 2.66 1.59 0.47 0.73 1.09 0.20 0.24 0.62 2.07 0.31 0.08 0.29 0.65 2.66 2.65 1.65 0.81 1.48 0.41 0.36 0.80 1.87 0.22 0.07 0.13 1.01 2.67 2.66 1.96 2.32 1.96 0.56 0.43 0.99 1.55 0.13 0.07 0.06 1.19 2.68 2.67 0.73 2.14 2.43 0.60 0.44 1.07 1.73 0.14 0.08 0.05 1.35 2.67 2.67 0.66 1.34 2.74 1.26 0.57 0.95 1.53 0.18 0.06 0.05 0.97 2.69 2.67 0.45 0.83 1.27 1.97 1.69 2.32 1.99 0.23 0.08 0.05 1.29 2.66 2.67 0.40 0.60 0.67 0.71 1.12 2.39 0.28 0.08 0.04 1.29 2.67 2.66 0.30 0.39 0.37 0.38 0.16 2.76

I got: 0.95 0.09 0.06 1.43 2.66 2.67 0.37 0.49 0.42 0.39 0.36 2.34 2.51 0.30 0.11 0.96 2.68 2.67 0.39 0.54 0.45 0.31 0.35 1.41 0.83 1.45 0.69 0.83 1.48 2.67 2.67 0.17 0.31 0.32 0.19 0.76 1.16 0.19 0.30 0.79 2.25 1.35 2.67 2.66 0.10 0.28 0.32 0.13 0.91 0.96 0.08 0.10 0.75 2.07 1.05 2.67 2.67 0.37 0.36 0.33 0.15 0.86 0.98 0.04 0.11 0.80 2.35 0.46 0.89 2.67 1.08 0.68 0.44 0.22 0.96 1.22 0.04 0.14 1.36 2.53 0.44 0.06 1.08 0.90 0.87 0.68 0.25 1.45 1.34 0.19 0.22 0.13 0.01 0.01 0.11 0.01 0.12 0.01 0.13 0.01 0.12 0.13 0.01 0.12 0.62 1.98 0.30 0.08 0.45 0.76 2.67 1.59 0.47 0.73 1.09 0.20 0.24 0.62 2.07 0.31 0.08 0.29 0.65 2.64 2.67 1.65 0.80 1.48 0.41 0.36 0.80 1.87 0.22 0.08 0.13 1.00 2.67 2.65 1.95 2.32 1.96 0.56 0.43 0.99 1.56 0.13 0.07 0.06 1.18 2.67 2.67 0.73 2.14 2.43 0.61 0.44 1.07 1.73 0.14 0.08 0.05 1.35 2.67 2.67 0.66 1.35 2.72 1.27 0.57 0.95 1.53 0.18 0.06 0.05 0.97 2.67 2.67 0.45 0.83 1.28 1.97 1.69 2.32 1.99 0.23 0.08 0.05 1.29 2.67 2.67 0.40 0.60 0.68 0.71 1.12 2.39 0.28 0.08 0.04 1.29 2.65 2.67 0.30 0.39 0.37 0.38 0.15 2.77

I got: 0.95 0.09 0.06 1.43 2.67 2.66 0.37 0.49 0.42 0.39 0.36 2.35 2.53 0.30 0.11 0.95 2.67 2.69 0.39 0.54 0.44 0.31 0.35 1.41 0.83 1.45 0.69 0.83 1.48 2.67 2.67 0.17 0.31 0.32 0.19 0.76 1.16 0.19 0.30 0.79 2.24 1.35 2.64 2.67 0.10 0.28 0.32 0.13 0.91 0.96 0.08 0.10 0.75 2.07 1.05 2.66 2.66 0.37 0.36 0.33 0.16 0.86 0.98 0.05 0.11 0.80 2.35 0.46 0.89 2.65 1.08 0.68 0.44 0.22 0.96 1.21 0.04 0.14 1.36 2.52 0.44 0.06 1.08 0.90 0.87 0.68 0.25 1.45 1.35 0.19 0.22 0.13 0.01 0.01 0.11 0.01 0.12 0.01 0.12 0.01 0.11 0.13 0.01 0.11 0.62 1.98 0.30 0.08 0.45 0.78 2.67 1.59 0.47 0.73 1.09 0.20 0.24 0.62 2.08 0.31 0.08 0.29 0.64 2.67 2.67 1.65 0.81 1.48 0.41 0.36 0.80 1.87 0.22 0.08 0.13 1.01 2.65 2.67 1.95 2.31 1.96 0.56 0.43 0.99 1.56 0.13 0.07 0.06 1.19 2.67 2.65 0.73 2.15 2.43 0.61 0.44 1.07 1.73 0.14 0.08 0.05 1.35 2.67 2.65 0.66 1.34 2.74 1.26 0.57 0.95 1.52 0.18 0.06 0.05 0.97 2.66 2.66 0.45 0.83 1.27 1.96 1.69 2.33 1.99 0.23 0.08 0.04 1.29 2.66 2.66 0.40 0.60 0.68 0.71 1.12 2.39 0.28 0.07 0.04 1.29 2.67 2.67 0.30 0.39 0.37 0.38 0.15 2.74

I got: 0.95 0.10 0.06 1.43 2.66 2.67 0.37 0.49 0.42 0.39 0.36 2.35 2.54 0.30 0.11 0.96 2.66 2.66 0.39 0.54 0.45 0.31 0.35 1.41 0.83 1.45 0.68 0.83 1.48 2.67 2.65 0.17 0.31 0.32 0.19 0.76 1.16 0.19 0.30 0.79 2.25 1.35 2.67 2.67 0.10 0.28 0.32 0.13 0.91 0.96 0.08 0.10 0.75 2.07 1.05 2.65 2