I got: 0.52 0.23 0.09 2.65 0.14 2.64 0.04 0.04 0.04 0.05 0.07 0.11 0.53 0.62 0.22 2.65 0.14 2.65 0.05 0.05 0.05 0.05 0.05 0.05 0.14 0.44 0.57 0.54 2.66 0.14 2.64 0.07 0.06 0.06 0.05 0.05 0.05 0.07 0.08 0.22 0.69 2.67 0.11 2.65 0.10 0.09 0.08 0.07 0.06 0.05 0.07 0.05 0.15 0.32 0.86 0.05 2.65 0.17 0.13 0.11 0.09 0.07 0.06 0.08 0.06 0.04 0.02 0.02 0.26 2.65 0.05 0.04 0.02 0.03 0.02 0.09 0.04 0.17 0.01 0.01 0.01 0.01 0.01 0.01 0.01 0.01 0.01 0.01 0.01 0.01 0.01 0.01 0.01 0.01 0.01 0.01 0.85 0.00 0.01 0.01 0.00 0.01 0.01 0.01 0.06 0.08 0.10 0.20 0.18 2.65 0.07 0.79 0.30 0.16 0.10 0.11 0.07 0.06 0.07 0.09 0.18 0.14 2.71 0.16 2.65 0.84 0.28 0.15 0.15 0.07 0.07 0.07 0.08 0.16 0.11 2.64 0.13 2.67 0.84 0.77 0.29 0.23 0.08 0.09 0.07 0.08 0.16 0.10 2.65 0.15 2.69 0.32 0.87 0.92 0.45 0.12 0.11 0.06 0.07 0.14 0.08 2.65 0.16 2.66 0.16 0.29 0.77 1.14 0.23 0.17 0.06 0.06 0.13 0.06 2.64 0.14 2.65 0.10 0.15 0.28 0.83 0.57 0.60 0.14 0.07 0.12 0.05 2.64 0.15 2.66 0.08 0.11 0.18 0.35 0.93 0.52 0.14 0.14 0.05 2.65 0.10 2.64 0.04 0.06 0.08 0.12 0.22 0.54

I got: 0.52 0.23 0.09 2.64 0.15 2.65 0.03 0.04 0.04 0.05 0.07 0.11 0.53 0.62 0.22 2.64 0.12 2.65 0.05 0.05 0.05 0.05 0.05 0.06 0.14 0.44 0.57 0.54 2.65 0.11 2.66 0.07 0.06 0.06 0.05 0.05 0.05 0.07 0.08 0.22 0.69 2.65 0.11 2.67 0.10 0.08 0.08 0.06 0.06 0.05 0.07 0.05 0.15 0.32 0.86 0.04 2.65 0.17 0.13 0.10 0.09 0.07 0.06 0.08 0.06 0.04 0.03 0.02 0.26 2.62 0.05 0.04 0.02 0.03 0.02 0.09 0.03 0.17 0.01 0.01 0.01 0.01 0.01 0.01 0.01 0.01 0.01 0.01 0.01 0.01 0.01 0.01 0.01 0.01 0.01 0.01 0.68 0.01 0.01 0.01 0.00 0.01 0.01 0.01 0.06 0.08 0.10 0.20 0.18 2.64 0.08 0.79 0.30 0.16 0.10 0.11 0.07 0.06 0.07 0.09 0.18 0.14 2.65 0.14 2.64 0.84 0.28 0.16 0.15 0.07 0.07 0.07 0.08 0.16 0.11 2.65 0.14 2.65 0.84 0.77 0.29 0.23 0.08 0.09 0.07 0.08 0.16 0.10 2.65 0.13 2.65 0.32 0.87 0.91 0.45 0.12 0.11 0.06 0.07 0.14 0.08 2.64 0.13 2.65 0.16 0.29 0.77 1.14 0.23 0.17 0.07 0.06 0.13 0.06 2.65 0.15 2.65 0.10 0.15 0.28 0.83 0.57 0.59 0.14 0.07 0.12 0.06 2.65 0.15 2.66 0.08 0.11 0.18 0.35 0.93 0.52 0.14 0.14 0.05 2.65 0.08 2.64 0.04 0.05 0.08 0.12 0.22 0.54

I got: 0.52 0.23 0.09 2.65 0.14 2.66 0.03 0.04 0.04 0.05 0.07 0.11 0.53 0.62 0.22 2.65 0.15 2.66 0.05 0.05 0.05 0.04 0.05 0.06 0.14 0.44 0.57 0.54 2.66 0.12 2.64 0.07 0.06 0.06 0.05 0.04 0.05 0.08 0.08 0.22 0.69 2.67 0.12 2.65 0.10 0.08 0.08 0.06 0.06 0.05 0.07 0.05 0.15 0.32 0.86 0.03 2.65 0.17 0.13 0.11 0.09 0.07 0.06 0.08 0.06 0.04 0.03 0.02 0.26 2.61 0.05 0.04 0.02 0.03 0.02 0.09 0.04 0.17 0.01 0.01 0.01 0.01 0.01 0.01 0.01 0.01 0.01 0.01 0.01 0.01 0.01 0.01 0.00 0.01 0.01 0.01 0.46 0.01 0.01 0.01 0.01 0.01 0.01 0.01 0.06 0.08 0.10 0.20 0.19 2.65 0.09 0.79 0.30 0.16 0.10 0.11 0.07 0.06 0.07 0.09 0.18 0.14 2.66 0.13 2.65 0.84 0.28 0.15 0.15 0.07 0.07 0.07 0.08 0.16 0.11 2.64 0.15 2.66 0.84 0.77 0.29 0.23 0.08 0.09 0.07 0.08 0.16 0.10 2.65 0.14 2.65 0.32 0.87 0.92 0.45 0.12 0.11 0.06 0.07 0.14 0.07 2.65 0.13 2.65 0.16 0.29 0.77 1.14 0.23 0.17 0.06 0.06 0.13 0.06 2.65 0.16 2.69 0.10 0.15 0.28 0.83 0.57 0.59 0.14 0.07 0.12 0.05 2.65 0.17 2.70 0.08 0.11 0.18 0.35 0.93 0.52 0.14 0.14 0.05 2.68 0.08 2.65 0.04 0.05 0.08 0.12 0.22 0.54

I got: 0.53 0.23 0.09 2.69 0.15 2.64 0.03 0.04 0.04 0.05 0.07 0.11 0.53 0.62 0.22 2.65 0.15 2.66 0.05 0.05 0.05 0.04 0.04 0.06 0.14 0.44 0.57 0.54 2.67 0.13 2.65 0.07 0.06 0.06 0.05 0.05 0.05 0.08 0.08 0.22 0.69 2.68 0.10 2.65 0.10 0.08 0.08 0.06 0.05 0.05 0.07 0.05 0.15 0.32 0.86 0.04 2.65 0.17 0.13 0.11 0.09 0.07 0.06 0.08 0.06 0.04 0.03 0.02 0.26 2.64 0.05 0.04 0.02 0.03 0.03 0.09 0.04 0.17 0.01 0.01 0.01 0.01 0.01 0.01 0.01 0.01 0.01 0.01 0.01 0.01 0.01 0.01 0.01 0.01 0.01 0.01 0.41 0.01 0.01 0.01 0.01 0.01 0.01 0.01 0.06 0.08 0.10 0.20 0.18 2.65 0.06 0.79 0.30 0.16 0.10 0.11 0.07 0.07 0.07 0.09 0.18 0.14 2.66 0.14 2.64 0.85 0.28 0.15 0.15 0.07 0.07 0.07 0.08 0.16 0.11 2.64 0.12 2.65 0.84 0.77 0.29 0.23 0.08 0.09 0.07 0.08 0.16 0.10 2.66 0.15 2.64 0.32 0.87 0.92 0.45 0.12 0.11 0.06 0.07 0.14 0.08 2.66 0.15 2.64 0.16 0.29 0.77 1.14 0.23 0.17 0.07 0.06 0.13 0.06 2.64 0.15 2.65 0.10 0.15 0.27 0.83 0.57 0.59 0.14 0.07 0.12 0.05 2.65 0.17 2.65 0.08 0.11 0.18 0.35 0.93 0.52 0.14 0.14 0.05 2.64 0.09 2.64 0.04 0.05 0.08 0.12 0.23 0.54

I got: 0.52 0.22 0.09 2.65 0.15 2.65 0.03 0.04 0.04 0.05 0.07 0.11 0.53 0.62 0.22 2.66 0.15 2.65 0.05 0.05 0.05 0.06 0.06 0.06 0.14 0.44 0.57 0.54 2.64 0.13 2.65 0.07 0.06 0.06 0.05 0.05 0.05 0.07 0.08 0.22 0.69 2.66 0.12 2.64 0.10 0.08 0.08 0.07 0.06 0.05 0.07 0.05 0.15 0.32 0.86 0.04 2.65 0.17 0.13 0.10 0.09 0.07 0.06 0.08 0.06 0.04 0.03 0.02 0.26 2.65 0.05 0.04 0.02 0.06 0.02 0.09 0.04 0.17 0.01 0.01 0.01 0.01 0.01 0.01 0.01 0.01 0.01 0.01 0.01 0.01 0.01 0.01 0.01 0.01 0.01 0.01 0.76 0.01 0.01 0.01 0.01 0.01 0.01 0.01 0.06 0.08 0.10 0.20 0.18 2.65 0.09 0.79 0.30 0.16 0.10 0.11 0.07 0.07 0.07 0.09 0.17 0.14 2.65 0.14 2.65 0.85 0.28 0.16 0.15 0.07 0.07 0.07 0.08 0.16 0.11 2.65 0.14 2.64 0.84 0.77 0.29 0.23 0.08 0.08 0.07 0.08 0.16 0.09 2.65 0.14 2.64 0.30 0.82 0.87 0.42 0.11 0.10 0.06 0.07 0.13 0.07 2.65 0.14 2.64 0.15 0.27 0.71 1.07 0.22 0.17 0.07 0.06 0.13 0.06 2.64 0.15 2.64 0.10 0.15 0.28 0.83 0.57 0.59 0.14 0.07 0.12 0.06 2.66 0.15 2.65 0.08 0.11 0.18 0.35 0.93 0.52 0.14 0.14 0.05 2.64 0.11 2.64 0.04 0.06 0.08 0.13 0.23 0.54

I got: 0.53 0.22 0.09 2.66 0.16 2.65 0.03 0.04 0.05 0.05 0.07 0.12 0.53 0.62 0.22 2.71 0.12 2.65 0.05 0.05 0.05 0.05 0.05 0.05 0.14 0.44 0.57 0.54 2.70 0.15 2.65 0.07 0.06 0.06 0.06 0.05 0.05 0.07 0.08 0.22 0.69 2.67 0.11 2.66 0.10 0.08 0.08 0.07 0.06 0.05 0.07 0.05 0.15 0.32 0.86 0.04 2.68 0.17 0.13 0.11 0.09 0.07 0.06 0.08 0.06 0.04 0.03 0.03 0.26 2.61 0.05 0.04 0.02 0.06 0.02 0.09 0.04 0.17 0.01 0.01 0.01 0.01 0.01 0.01 0.01 0.01 0.01 0.01 0.01 0.01 0.01 0.01 0.01 0.01 0.01 0.01 0.82 0.01 0.01 0.01 0.01 0.01 0.01 0.01 0.06 0.07 0.10 0.20 0.19 2.64 0.08 0.79 0.30 0.16 0.10 0.11 0.07 0.06 0.07 0.09 0.18 0.14 2.65 0.14 2.65 0.84 0.28 0.15 0.15 0.07 0.07 0.07 0.08 0.16 0.11 2.64 0.13 2.66 0.84 0.77 0.29 0.23 0.08 0.08 0.06 0.07 0.16 0.09 2.64 0.14 2.65 0.30 0.82 0.86 0.42 0.11 0.10 0.06 0.06 0.13 0.07 2.65 0.13 2.66 0.15 0.27 0.72 1.06 0.21 0.17 0.06 0.06 0.13 0.06 2.64 0.14 2.65 0.10 0.15 0.27 0.82 0.57 0.59 0.14 0.07 0.12 0.06 2.66 0.17 2.65 0.08 0.11 0.18 0.35 0.93 0.52 0.14 0.14 0.05 2.65 0.10 2.65 0.04 0.05 0.08 0.12 0.23 0.54

I got: 0.52 0.23 0.09 2.65 0.15 2.66 0.03 0.04 0.04 0.05 0.07 0.11 0.53 0.62 0.22 2.65 0.16 2.66 0.05 0.05 0.05 0.05 0.05 0.06 0.14 0.44 0.57 0.54 2.65 0.13 2.65 0.07 0.06 0.06 0.06 0.05 0.05 0.07 0.08 0.22 0.69 2.68 0.11 2.65 0.10 0.08 0.08 0.07 0.06 0.05 0.07 0.05 0.15 0.32 0.86 0.04 2.65 0.17 0.13 0.11 0.09 0.07 0.06 0.08 0.06 0.04 0.03 0.02 0.26 2.65 0.05 0.04 0.02 0.07 0.02 0.09 0.04 0.17 0.01 0.01 0.01 0.01 0.01 0.01 0.01 0.01 0.01 0.01 0.01 0.01 0.01 0.01 0.01 0.01 0.01 0.01 0.56 0.01 0.01 0.01 0.01 0.01 0.01 0.01 0.06 0.08 0.10 0.20 0.18 2.66 0.09 0.79 0.30 0.16 0.10 0.11 0.07 0.06 0.07 0.09 0.18 0.14 2.64 0.14 2.65 0.84 0.28 0.16 0.15 0.07 0.07 0.07 0.08 0.16 0.11 2.64 0.13 2.64 0.84 0.77 0.29 0.23 0.08 0.08 0.06 0.08 0.16 0.09 2.64 0.17 2.65 0.30 0.81 0.85 0.42 0.11 0.10 0.06 0.06 0.13 0.07 2.65 0.13 2.64 0.15 0.27 0.71 1.04 0.21 0.17 0.06 0.06 0.13 0.06 2.64 0.15 2.64 0.10 0.15 0.27 0.82 0.57 0.59 0.14 0.07 0.12 0.05 2.66 0.16 2.65 0.08 0.11 0.18 0.35 0.93 0.52 0.14 0.14 0.05 2.64 0.10 2.64 0.04 0.05 0.08 0.12 0.23 0.54

I got: 0.53 0.23 0.09 2.66 0.15 2.65 0.03 0.04 0.04 0.06 0.08 0.11 0.53 0.62 0.22 2.65 0.14 2.65 0.05 0.05 0.05 0.05 0.05 0.06 0.14 0.44 0.57 0.54 2.64 0.13 2.66 0.07 0.06 0.06 0.06 0.05 0.05 0.07 0.08 0.22 0.69 2.66 0.12 2.67 0.10 0.08 0.08 0.07 0.06 0.05 0.07 0.05 0.15 0.32 0.86 0.04 2.65 0.17 0.12 0.11 0.09 0.08 0.06 0.08 0.06 0.04 0.03 0.02 0.26 2.64 0.05 0.04 0.02 0.08 0.03 0.09 0.04 0.17 0.01 0.01 0.01 0.01 0.01 0.01 0.01 0.01 0.01 0.01 0.01 0.01 0.01 0.01 0.01 0.01 0.01 0.01 0.41 0.01 0.01 0.01 0.01 0.01 0.01 0.01 0.06 0.08 0.10 0.20 0.18 2.65 0.07 0.79 0.30 0.16 0.10 0.11 0.07 0.07 0.07 0.09 0.18 0.14 2.67 0.14 2.64 0.84 0.29 0.15 0.15 0.07 0.07 0.07 0.08 0.16 0.11 2.67 0.15 2.65 0.84 0.77 0.29 0.22 0.08 0.08 0.06 0.07 0.16 0.09 2.65 0.16 2.65 0.30 0.81 0.85 0.41 0.11 0.10 0.06 0.06 0.13 0.07 2.65 0.13 2.65 0.15 0.27 0.70 1.04 0.21 0.17 0.07 0.06 0.13 0.06 2.65 0.17 2.64 0.10 0.15 0.28 0.82 0.57 0.59 0.14 0.07 0.12 0.05 2.66 0.15 2.64 0.08 0.11 0.18 0.35 0.93 0.52 0.14 0.14 0.05 2.65 0.09 2.65 0.04 0.05 0.08 0.12 0.23 0.54

I got: 0.52 0.22 0.09 2.67 0.16 2.65 0.03 0.04 0.04 0.05 0.07 0.11 0.52 0.62 0.22 2.65 0.14 2.64 0.05 0.05 0.05 0.05 0.05 0.06 0.14 0.44 0.57 0.54 2.65 0.13 2.65 0.07 0.06 0.06 0.06 0.05 0.05 0.07 0.08 0.22 0.69 2.67 0.11 2.64 0.10 0.08 0.08 0.07 0.06 0.05 0.07 0.05 0.15 0.32 0.86 0.03 2.66 0.17 0.13 0.11 0.09 0.08 0.06 0.08 0.06 0.04 0.03 0.02 0.26 2.64 0.05 0.04 0.02 0.08 0.03 0.09 0.04 0.17 0.01 0.01 0.01 0.01 0.01 0.01 0.01 0.01 0.01 0.01 0.01 0.01 0.01 0.01 0.01 0.01 0.01 0.01 0.58 0.01 0.01 0.01 0.01 0.01 0.01 0.01 0.06 0.08 0.10 0.20 0.18 2.66 0.07 0.79 0.30 0.16 0.10 0.11 0.07 0.07 0.07 0.09 0.18 0.14 2.64 0.12 2.65 0.84 0.29 0.16 0.15 0.07 0.07 0.07 0.08 0.16 0.11 2.65 0.13 2.64 0.84 0.77 0.29 0.23 0.08 0.08 0.06 0.07 0.15 0.09 2.65 0.15 2.64 0.30 0.80 0.84 0.41 0.11 0.10 0.06 0.06 0.13 0.07 2.66 0.11 2.64 0.15 0.27 0.70 1.04 0.21 0.17 0.07 0.06 0.13 0.06 2.65 0.14 2.64 0.10 0.15 0.27 0.82 0.57 0.59 0.14 0.07 0.12 0.05 2.65 0.17 2.65 0.08 0.11 0.18 0.35 0.93 0.52 0.14 0.14 0.05 2.64 0.09 2.64 0.04 0.06 0.08 0.12 0.23 0.54

I got: 0.52 0.22 0.09 2.66 0.15 2.65 0.04 0.04 0.04 0.06 0.07 0.11 0.53 0.62 0.22 2.65 0.13 2.64 0.05 0.05 0.05 0.06 0.06 0.06 0.14 0.44 0.57 0.54 2.64 0.14 2.65 0.07 0.06 0.06 0.06 0.05 0.05 0.07 0.08 0.22 0.69 2.68 0.12 2.66 0.10 0.09 0.08 0.07 0.06 0.05 0.07 0.05 0.15 0.32 0.86 0.06 2.64 0.17 0.13 0.11 0.09 0.08 0.06 0.08 0.06 0.04 0.02 0.02 0.26 2.61 0.05 0.04 0.02 0.08 0.04 0.09 0.04 0.17 0.01 0.01 0.01 0.01 0.01 0.01 0.01 0.01 0.01 0.01 0.01 0.01 0.01 0.01 0.01 0.01 0.01 0.01 0.85 0.01 0.01 0.01 0.01 0.01 0.01 0.01 0.06 0.08 0.10 0.20 0.18 2.65 0.08 0.79 0.30 0.16 0.10 0.11 0.07 0.07 0.07 0.09 0.18 0.14 2.65 0.14 2.64 0.84 0.29 0.16 0.15 0.07 0.07 0.07 0.08 0.16 0.11 2.66 0.13 2.65 0.84 0.77 0.29 0.23 0.07 0.08 0.07 0.07 0.15 0.09 2.66 0.15 2.65 0.30 0.80 0.84 0.41 0.11 0.10 0.06 0.06 0.13 0.07 2.72 0.12 2.66 0.15 0.27 0.70 1.04 0.21 0.16 0.06 0.06 0.13 0.06 2.65 0.14 2.65 0.10 0.15 0.28 0.82 0.57 0.59 0.14 0.07 0.12 0.05 2.65 0.15 2.68 0.08 0.11 0.18 0.35 0.93 0.52 0.14 0.14 0.05 2.66 0.12 2.66 0.04 0.05 0.08 0.12 0.23 0.54

I got: 0.52 0.23 0.09 2.65 0.17 2.67 0.03 0.04 0.04 0.06 0.08 0.11 0.53 0.62 0.22 2.66 0.14 2.66 0.05 0.05 0.05 0.05 0.06 0.06 0.14 0.44 0.57 0.54 2.66 0.14 2.65 0.07 0.06 0.06 0.06 0.06 0.05 0.08 0.08 0.22 0.69 2.68 0.11 2.65 0.10 0.08 0.08 0.07 0.06 0.05 0.07 0.05 0.15 0.32 0.86 0.03 2.66 0.17 0.12 0.10 0.09 0.08 0.06 0.08 0.06 0.04 0.03 0.02 0.26 2.65 0.05 0.04 0.03 0.08 0.04 0.09 0.04 0.17 0.01 0.01 0.01 0.01 0.01 0.01 0.01 0.01 0.01 0.01 0.01 0.01 0.01 0.01 0.01 0.01 0.01 0.01 0.74 0.01 0.01 0.01 0.01 0.01 0.01 0.01 0.06 0.08 0.10 0.20 0.19 2.65 0.08 0.79 0.30 0.16 0.10 0.11 0.07 0.07 0.07 0.09 0.18 0.14 2.64 0.12 2.65 0.84 0.29 0.16 0.15 0.07 0.07 0.07 0.08 0.16 0.11 2.65 0.13 2.65 0.84 0.77 0.29 0.23 0.08 0.08 0.07 0.07 0.15 0.09 2.65 0.16 2.65 0.30 0.80 0.84 0.41 0.11 0.10 0.06 0.06 0.13 0.07 2.65 0.14 2.65 0.15 0.27 0.70 1.04 0.21 0.16 0.07 0.06 0.13 0.06 2.64 0.14 2.65 0.10 0.15 0.27 0.82 0.57 0.59 0.14 0.08 0.12 0.05 2.66 0.18 2.65 0.08 0.11 0.18 0.35 0.93 0.52 0.14 0.14 0.05 2.64 0.09 2.65 0.04 0.05 0.08 0.12 0.23 0.54

I got: 0.52 0.23 0.09 2.66 0.13 2.65 0.03 0.04 0.04 0.06 0.08 0.11 0.52 0.62 0.22 2.65 0.15 2.65 0.05 0.05 0.05 0.05 0.06 0.06 0.14 0.44 0.57 0.54 2.64 0.14 2.66 0.07 0.06 0.06 0.06 0.05 0.05 0.07 0.08 0.22 0.69 2.65 0.11 2.67 0.10 0.08 0.08 0.07 0.06 0.05 0.07 0.05 0.15 0.32 0.86 0.04 2.66 0.17 0.13 0.10 0.09 0.08 0.06 0.08 0.06 0.04 0.03 0.02 0.26 2.65 0.05 0.04 0.02 0.09 0.04 0.09 0.04 0.17 0.01 0.01 0.01 0.01 0.01 0.01 0.01 0.01 0.01 0.01 0.01 0.01 0.01 0.01 0.01 0.01 0.01 0.01 0.49 0.01 0.01 0.01 0.01 0.01 0.01 0.01 0.06 0.08 0.10 0.20 0.18 2.64 0.08 0.79 0.30 0.16 0.10 0.11 0.07 0.07 0.07 0.09 0.18 0.14 2.64 0.14 2.65 0.84 0.29 0.15 0.15 0.07 0.07 0.07 0.08 0.16 0.11 2.65 0.12 2.65 0.84 0.77 0.29 0.23 0.08 0.08 0.06 0.07 0.16 0.09 2.65 0.15 2.65 0.29 0.79 0.83 0.41 0.11 0.10 0.06 0.06 0.13 0.07 2.66 0.13 2.66 0.15 0.27 0.70 1.03 0.21 0.17 0.06 0.06 0.13 0.06 2.65 0.14 2.65 0.10 0.15 0.27 0.82 0.56 0.59 0.14 0.07 0.12 0.06 2.64 0.16 2.66 0.08 0.11 0.18 0.35 0.93 0.52 0.14 0.14 0.05 2.65 0.10 2.65 0.04 0.05 0.08 0.12 0.24 0.54

I got: 0.52 0.23 0.09 2.66 0.14 2.70 0.03 0.04 0.04 0.06 0.09 0.11 0.53 0.62 0.22 2.65 0.14 2.70 0.05 0.05 0.05 0.06 0.07 0.06 0.14 0.44 0.57 0.54 2.64 0.13 2.65 0.07 0.06 0.06 0.07 0.07 0.05 0.07 0.08 0.22 0.69 2.67 0.11 2.67 0.10 0.08 0.08 0.07 0.08 0.05 0.07 0.05 0.15 0.32 0.86 0.03 2.64 0.17 0.13 0.10 0.09 0.10 0.06 0.08 0.06 0.04 0.02 0.02 0.26 2.61 0.05 0.04 0.02 0.12 0.07 0.09 0.04 0.17 0.01 0.01 0.01 0.01 0.01 0.01 0.01 0.01 0.01 0.01 0.01 0.01 0.01 0.01 0.01 0.01 0.01 0.01 0.32 0.01 0.01 0.01 0.01 0.01 0.01 0.01 0.06 0.08 0.10 0.20 0.18 2.64 0.09 0.79 0.29 0.18 0.10 0.11 0.08 0.06 0.07 0.09 0.18 0.14 2.65 0.13 2.64 0.83 0.31 0.16 0.15 0.07 0.07 0.07 0.08 0.16 0.11 2.66 0.14 2.64 0.84 0.78 0.29 0.23 0.08 0.08 0.06 0.07 0.16 0.09 2.64 0.14 2.65 0.28 0.76 0.80 0.39 0.11 0.09 0.06 0.06 0.12 0.07 2.66 0.13 2.65 0.14 0.25 0.67 0.99 0.20 0.17 0.07 0.06 0.13 0.06 2.65 0.16 2.65 0.10 0.15 0.27 0.81 0.57 0.59 0.14 0.07 0.12 0.05 2.65 0.16 2.65 0.08 0.11 0.18 0.34 0.95 0.52 0.14 0.14 0.05 2.65 0.09 2.64 0.04 0.05 0.08 0.12 0.26 0.54

I got: 0.52 0.23 0.09 2.67 0.16 2.65 0.03 0.04 0.04 0.07 0.10 0.11 0.53 0.61 0.22 2.65 0.14 2.65 0.05 0.05 0.05 0.08 0.09 0.06 0.14 0.43 0.57 0.54 2.65 0.14 2.66 0.07 0.06 0.06 0.08 0.09 0.05 0.07 0.08 0.22 0.69 2.67 0.10 2.66 0.10 0.08 0.08 0.07 0.09 0.05 0.07 0.05 0.15 0.32 0.86 0.04 2.64 0.17 0.13 0.10 0.09 0.11 0.06 0.08 0.06 0.04 0.03 0.02 0.26 2.61 0.05 0.04 0.03 0.15 0.10 0.09 0.04 0.17 0.01 0.01 0.01 0.01 0.01 0.01 0.01 0.01 0.01 0.01 0.01 0.01 0.01 0.01 0.01 0.01 0.01 0.01 0.71 0.01 0.01 0.01 0.01 0.01 0.01 0.01 0.07 0.08 0.10 0.20 0.18 2.65 0.07 0.79 0.29 0.19 0.10 0.11 0.07 0.06 0.07 0.09 0.18 0.14 2.65 0.15 2.64 0.82 0.32 0.15 0.15 0.07 0.07 0.07 0.08 0.16 0.11 2.66 0.14 2.65 0.84 0.79 0.29 0.22 0.08 0.08 0.06 0.07 0.16 0.09 2.64 0.15 2.65 0.27 0.74 0.78 0.39 0.10 0.09 0.06 0.06 0.12 0.06 2.66 0.12 2.67 0.14 0.25 0.65 0.97 0.20 0.16 0.07 0.06 0.13 0.06 2.65 0.16 2.65 0.10 0.15 0.27 0.81 0.57 0.59 0.14 0.07 0.12 0.05 2.65 0.17 2.65 0.08 0.11 0.18 0.33 0.95 0.52 0.14 0.14 0.05 2.65 0.10 2.65 0.04 0.05 0.08 0.12 0.27 0.54

I got: 0.53 0.22 0.09 2.65 0.16 2.66 0.04 0.04 0.04 0.07 0.11 0.11 0.52 0.61 0.22 2.65 0.15 2.65 0.05 0.05 0.05 0.08 0.10 0.06 0.14 0.44 0.56 0.54 2.65 0.14 2.65 0.07 0.06 0.06 0.08 0.09 0.05 0.08 0.08 0.22 0.68 2.65 0.11 2.65 0.10 0.08 0.08 0.08 0.09 0.05 0.07 0.05 0.15 0.32 0.86 0.05 2.64 0.17 0.13 0.11 0.09 0.11 0.06 0.08 0.06 0.04 0.03 0.02 0.26 2.65 0.05 0.04 0.03 0.15 0.11 0.09 0.04 0.17 0.01 0.01 0.01 0.01 0.01 0.01 0.01 0.01 0.01 0.01 0.01 0.01 0.01 0.01 0.01 0.01 0.01 0.01 0.84 0.01 0.01 0.01 0.01 0.01 0.00 0.01 0.06 0.07 0.10 0.20 0.19 2.65 0.09 0.79 0.29 0.19 0.10 0.11 0.07 0.07 0.07 0.09 0.18 0.14 2.66 0.12 2.66 0.82 0.31 0.15 0.15 0.07 0.07 0.07 0.08 0.16 0.11 2.65 0.13 2.64 0.84 0.78 0.29 0.23 0.08 0.08 0.06 0.07 0.15 0.09 2.64 0.16 2.65 0.28 0.75 0.79 0.39 0.10 0.09 0.05 0.06 0.12 0.07 2.67 0.11 2.65 0.14 0.25 0.65 0.97 0.20 0.17 0.07 0.06 0.13 0.06 2.65 0.15 2.65 0.10 0.15 0.27 0.80 0.56 0.59 0.14 0.07 0.12 0.06 2.64 0.16 2.65 0.08 0.11 0.18 0.34 0.95 0.52 0.14 0.14 0.05 2.65 0.09 2.64 0.04 0.05 0.08 0.12 0.27 0.54

I got: 0.52 0.23 0.09 2.66 0.15 2.65 0.03 0.04 0.04 0.07 0.11 0.11 0.52 0.61 0.22 2.64 0.14 2.64 0.05 0.05 0.05 0.08 0.10 0.06 0.14 0.44 0.57 0.54 2.64 0.13 2.66 0.07 0.06 0.06 0.08 0.10 0.05 0.07 0.08 0.22 0.69 2.65 0.10 2.67 0.10 0.08 0.08 0.07 0.10 0.05 0.07 0.05 0.15 0.32 0.87 0.06 2.65 0.17 0.13 0.11 0.09 0.12 0.06 0.08 0.06 0.04 0.03 0.02 0.26 2.63 0.05 0.04 0.02 0.15 0.12 0.09 0.04 0.17 0.01 0.01 0.01 0.01 0.01 0.01 0.01 0.01 0.01 0.01 0.01 0.01 0.01 0.01 0.00 0.01 0.00 0.01 0.60 0.01 0.01 0.01 0.01 0.01 0.01 0.01 0.06 0.08 0.10 0.20 0.19 2.65 0.10 0.79 0.29 0.19 0.10 0.11 0.07 0.06 0.07 0.09 0.18 0.14 2.65 0.13 2.64 0.82 0.31 0.16 0.15 0.07 0.07 0.07 0.08 0.16 0.11 2.65 0.15 2.65 0.84 0.79 0.29 0.23 0.07 0.08 0.06 0.07 0.16 0.09 2.64 0.15 2.65 0.28 0.75 0.78 0.39 0.10 0.09 0.06 0.06 0.12 0.07 2.64 0.13 2.66 0.14 0.25 0.66 0.99 0.20 0.16 0.07 0.06 0.13 0.06 2.64 0.15 2.65 0.10 0.15 0.27 0.80 0.56 0.59 0.14 0.07 0.12 0.05 2.64 0.15 2.66 0.08 0.11 0.18 0.34 0.95 0.52 0.14 0.14 0.05 2.65 0.08 2.65 0.04 0.06 0.08 0.12 0.26 0.54

I got: 0.52 0.23 0.09 2.64 0.15 2.66 0.03 0.04 0.04 0.07 0.10 0.11 0.52 0.61 0.22 2.64 0.14 2.66 0.05 0.05 0.05 0.07 0.09 0.06 0.14 0.44 0.56 0.54 2.64 0.13 2.65 0.07 0.06 0.06 0.07 0.08 0.05 0.08 0.08 0.22 0.68 2.64 0.11 2.67 0.10 0.08 0.07 0.07 0.09 0.05 0.07 0.05 0.15 0.32 0.86 0.04 2.65 0.17 0.13 0.10 0.09 0.11 0.06 0.08 0.06 0.04 0.03 0.02 0.26 2.62 0.05 0.04 0.02 0.15 0.10 0.09 0.04 0.17 0.01 0.01 0.01 0.01 0.01 0.01 0.01 0.01 0.01 0.01 0.01 0.01 0.01 0.01 0.01 0.01 0.01 0.01 0.44 0.01 0.01 0.01 0.01 0.01 0.01 0.01 0.07 0.08 0.10 0.20 0.19 2.65 0.07 0.79 0.29 0.18 0.10 0.11 0.07 0.06 0.07 0.09 0.18 0.14 2.65 0.13 2.65 0.83 0.31 0.16 0.15 0.07 0.07 0.07 0.08 0.16 0.11 2.66 0.14 2.70 0.84 0.78 0.29 0.22 0.07 0.08 0.06 0.07 0.16 0.09 2.64 0.17 2.69 0.28 0.76 0.79 0.39 0.11 0.09 0.06 0.06 0.12 0.07 2.64 0.14 2.65 0.14 0.25 0.66 0.98 0.19 0.17 0.06 0.06 0.13 0.06 2.68 0.15 2.65 0.10 0.15 0.27 0.81 0.56 0.59 0.14 0.07 0.12 0.06 2.68 0.16 2.66 0.08 0.11 0.18 0.34 0.94 0.52 0.14 0.14 0.05 2.65 0.09 2.65 0.04 0.06 0.08 0.12 0.26 0.54

I got: 0.52 0.22 0.09 2.65 0.15 2.65 0.03 0.04 0.04 0.07 0.10 0.11 0.52 0.61 0.25 2.65 0.12 2.66 0.06 0.06 0.06 0.07 0.09 0.06 0.14 0.51 0.65 0.60 2.65 0.15 2.65 0.08 0.07 0.07 0.08 0.10 0.06 0.08 0.08 0.21 0.68 2.67 0.11 2.67 0.10 0.08 0.08 0.07 0.09 0.05 0.07 0.05 0.15 0.32 0.86 0.03 2.64 0.17 0.13 0.11 0.09 0.11 0.06 0.08 0.06 0.04 0.03 0.02 0.27 2.61 0.05 0.04 0.02 0.15 0.10 0.09 0.04 0.17 0.01 0.01 0.01 0.01 0.01 0.01 0.01 0.01 0.01 0.01 0.01 0.01 0.01 0.01 0.00 0.01 0.01 0.01 0.48 0.01 0.01 0.01 0.01 0.01 0.01 0.01 0.07 0.07 0.10 0.20 0.19 2.65 0.08 0.79 0.29 0.18 0.10 0.11 0.07 0.06 0.07 0.09 0.18 0.14 2.65 0.15 2.64 0.83 0.31 0.16 0.15 0.07 0.07 0.07 0.08 0.16 0.11 2.65 0.12 2.65 0.84 0.79 0.29 0.23 0.08 0.08 0.06 0.07 0.16 0.09 2.64 0.16 2.64 0.27 0.74 0.79 0.38 0.10 0.10 0.06 0.06 0.13 0.07 2.65 0.12 2.66 0.14 0.25 0.66 0.99 0.20 0.17 0.06 0.06 0.13 0.06 2.66 0.16 2.64 0.10 0.15 0.27 0.80 0.56 0.59 0.13 0.07 0.12 0.06 2.65 0.16 2.66 0.08 0.11 0.18 0.33 0.95 0.52 0.14 0.14 0.05 2.66 0.07 2.65 0.04 0.05 0.08 0.12 0.27 0.54

