I got: 0.58 0.29 0.13 2.63 0.16 2.64 0.04 0.05 0.07 0.07 0.22 0.16 0.65 0.68 0.23 2.64 0.13 2.63 0.04 0.04 0.06 0.07 0.18 0.07 0.27 0.57 0.61 0.64 2.63 0.15 2.64 0.06 0.04 0.05 0.09 0.17 0.05 0.17 0.19 0.26 0.75 2.66 0.11 2.65 0.08 0.06 0.05 0.07 0.13 0.04 0.11 0.09 0.17 0.39 0.77 0.04 2.64 0.15 0.10 0.08 0.08 0.15 0.04 0.11 0.06 0.02 0.15 0.11 0.23 2.62 0.04 0.03 0.03 0.21 0.19 0.11 0.06 0.14 0.01 0.01 0.01 0.01 0.01 0.01 0.01 0.01 0.01 0.01 0.01 0.01 0.01 0.01 0.01 0.01 0.01 0.01 0.73 0.01 0.01 0.01 0.01 0.00 0.01 0.01 0.05 0.13 0.04 0.18 0.17 2.63 0.07 0.81 0.23 0.23 0.06 0.11 0.06 0.06 0.13 0.05 0.15 0.11 2.64 0.14 2.63 0.77 0.37 0.12 0.16 0.06 0.08 0.14 0.05 0.13 0.08 2.64 0.12 2.64 0.86 0.86 0.26 0.24 0.09 0.10 0.15 0.06 0.14 0.05 2.63 0.16 2.62 0.26 0.69 0.67 0.37 0.12 0.14 0.15 0.04 0.10 0.04 2.65 0.12 2.66 0.12 0.24 0.64 0.94 0.23 0.24 0.21 0.06 0.14 0.05 2.62 0.17 2.63 0.08 0.14 0.28 0.76 0.61 0.71 0.33 0.10 0.15 0.07 2.65 0.15 2.65 0.07 0.10 0.18 0.30 1.00 0.72 0.17 0.20 0.09 2.63 0.09 2.64 0.05 0.06 0.10 0.10 0.35 0.54

I got: 0.53 0.29 0.13 2.64 0.16 2.65 0.04 0.05 0.07 0.06 0.21 0.17 0.65 0.68 0.24 2.64 0.15 2.64 0.04 0.04 0.06 0.07 0.17 0.08 0.26 0.57 0.61 0.57 2.64 0.14 2.64 0.05 0.04 0.05 0.09 0.15 0.05 0.15 0.17 0.26 0.73 2.66 0.11 2.65 0.08 0.06 0.05 0.07 0.13 0.04 0.11 0.09 0.17 0.36 0.79 0.06 2.64 0.15 0.10 0.08 0.08 0.14 0.04 0.10 0.06 0.02 0.09 0.06 0.23 2.63 0.04 0.03 0.03 0.20 0.18 0.11 0.06 0.14 0.01 0.01 0.01 0.01 0.01 0.01 0.01 0.01 0.01 0.01 0.01 0.01 0.01 0.01 0.01 0.01 0.01 0.01 0.49 0.01 0.01 0.01 0.00 0.01 0.01 0.01 0.05 0.10 0.04 0.18 0.17 2.64 0.08 0.81 0.23 0.23 0.07 0.11 0.06 0.06 0.07 0.05 0.15 0.11 2.63 0.13 2.63 0.77 0.37 0.12 0.16 0.06 0.09 0.08 0.05 0.13 0.08 2.63 0.16 2.63 0.86 0.85 0.26 0.24 0.09 0.10 0.09 0.04 0.14 0.05 2.63 0.17 2.63 0.26 0.70 0.68 0.37 0.12 0.14 0.10 0.05 0.10 0.04 2.66 0.12 2.66 0.12 0.24 0.64 0.94 0.23 0.24 0.15 0.07 0.14 0.05 2.62 0.17 2.64 0.08 0.14 0.28 0.77 0.61 0.71 0.28 0.13 0.15 0.07 2.64 0.15 2.69 0.07 0.11 0.18 0.30 0.99 0.66 0.22 0.20 0.09 2.62 0.09 2.68 0.05 0.06 0.10 0.11 0.35 0.54

I got: 0.58 0.28 0.13 2.64 0.15 2.64 0.04 0.05 0.07 0.07 0.21 0.17 0.65 0.68 0.23 2.66 0.16 2.65 0.04 0.04 0.06 0.07 0.16 0.08 0.26 0.57 0.61 0.57 2.64 0.14 2.64 0.05 0.04 0.05 0.08 0.15 0.05 0.16 0.18 0.26 0.74 2.67 0.12 2.65 0.08 0.06 0.05 0.07 0.12 0.04 0.11 0.09 0.17 0.38 0.78 0.04 2.64 0.15 0.10 0.08 0.08 0.14 0.04 0.10 0.06 0.02 0.13 0.10 0.23 2.62 0.04 0.03 0.03 0.20 0.17 0.11 0.05 0.14 0.01 0.01 0.01 0.01 0.01 0.01 0.01 0.01 0.01 0.01 0.01 0.01 0.01 0.01 0.01 0.01 0.01 0.01 0.37 0.01 0.01 0.01 0.01 0.01 0.01 0.01 0.06 0.12 0.04 0.17 0.17 2.64 0.10 0.81 0.24 0.23 0.07 0.11 0.06 0.06 0.12 0.04 0.15 0.11 2.64 0.15 2.63 0.79 0.36 0.12 0.15 0.07 0.09 0.13 0.04 0.13 0.08 2.64 0.14 2.64 0.86 0.84 0.26 0.24 0.09 0.10 0.15 0.06 0.13 0.05 2.64 0.17 2.63 0.26 0.70 0.70 0.37 0.12 0.15 0.14 0.04 0.10 0.04 2.65 0.12 2.65 0.12 0.24 0.64 0.94 0.23 0.25 0.20 0.05 0.13 0.05 2.64 0.17 2.63 0.08 0.14 0.28 0.78 0.61 0.72 0.32 0.10 0.15 0.07 2.65 0.17 2.65 0.07 0.11 0.18 0.31 0.99 0.72 0.18 0.20 0.08 2.63 0.08 2.64 0.05 0.06 0.10 0.11 0.34 0.54

I got: 0.54 0.28 0.13 2.64 0.15 2.64 0.04 0.05 0.07 0.07 0.20 0.17 0.65 0.74 0.26 2.65 0.12 2.63 0.05 0.05 0.06 0.07 0.17 0.09 0.28 0.64 0.67 0.62 2.64 0.14 2.63 0.05 0.04 0.05 0.08 0.15 0.05 0.16 0.18 0.27 0.74 2.66 0.12 2.66 0.08 0.06 0.05 0.07 0.10 0.04 0.11 0.09 0.17 0.38 0.78 0.05 2.64 0.15 0.10 0.07 0.07 0.13 0.04 0.10 0.06 0.02 0.12 0.09 0.23 2.60 0.04 0.03 0.03 0.19 0.17 0.10 0.05 0.14 0.01 0.01 0.00 0.01 0.01 0.01 0.01 0.01 0.01 0.01 0.01 0.01 0.01 0.01 0.01 0.01 0.01 0.01 0.76 0.00 0.01 0.01 0.01 0.01 0.00 0.01 0.06 0.07 0.06 0.17 0.17 2.65 0.08 0.81 0.24 0.22 0.07 0.11 0.06 0.07 0.07 0.05 0.15 0.11 2.63 0.13 2.63 0.79 0.36 0.13 0.15 0.07 0.09 0.08 0.05 0.13 0.08 2.65 0.13 2.62 0.86 0.84 0.27 0.24 0.09 0.10 0.09 0.05 0.13 0.05 2.64 0.16 2.64 0.26 0.71 0.70 0.37 0.12 0.15 0.10 0.05 0.10 0.04 2.66 0.12 2.66 0.12 0.24 0.64 0.94 0.23 0.25 0.15 0.07 0.14 0.05 2.63 0.17 2.62 0.09 0.14 0.28 0.78 0.61 0.72 0.28 0.14 0.15 0.07 2.65 0.16 2.63 0.07 0.11 0.18 0.31 0.99 0.66 0.22 0.20 0.09 2.64 0.10 2.63 0.05 0.07 0.10 0.11 0.34 0.55

I got: 0.59 0.28 0.13 2.65 0.15 2.63 0.04 0.05 0.07 0.07 0.20 0.17 0.65 0.67 0.23 2.64 0.14 2.63 0.04 0.04 0.06 0.07 0.16 0.08 0.26 0.57 0.61 0.57 2.63 0.13 2.63 0.05 0.04 0.05 0.08 0.13 0.05 0.14 0.17 0.26 0.70 2.72 0.12 2.63 0.08 0.06 0.05 0.06 0.12 0.04 0.11 0.09 0.18 0.33 0.83 0.05 2.64 0.15 0.10 0.07 0.07 0.13 0.04 0.10 0.06 0.02 0.03 0.02 0.23 2.66 0.04 0.03 0.03 0.19 0.16 0.10 0.05 0.14 0.01 0.01 0.01 0.01 0.01 0.01 0.01 0.01 0.01 0.01 0.01 0.01 0.01 0.01 0.01 0.01 0.01 0.01 0.86 0.01 0.01 0.01 0.01 0.01 0.01 0.01 0.06 0.07 0.06 0.17 0.17 2.64 0.08 0.81 0.24 0.22 0.07 0.11 0.06 0.07 0.07 0.05 0.15 0.11 2.65 0.13 2.64 0.78 0.36 0.12 0.15 0.06 0.09 0.08 0.05 0.13 0.08 2.64 0.15 2.65 0.86 0.84 0.27 0.24 0.09 0.10 0.09 0.05 0.13 0.05 2.63 0.15 2.62 0.26 0.70 0.69 0.37 0.12 0.15 0.10 0.05 0.10 0.04 2.65 0.10 2.65 0.12 0.24 0.63 0.93 0.23 0.25 0.14 0.07 0.13 0.05 2.63 0.14 2.64 0.08 0.14 0.28 0.78 0.61 0.72 0.28 0.13 0.15 0.07 2.65 0.16 2.65 0.07 0.10 0.18 0.31 0.99 0.66 0.22 0.20 0.08 2.63 0.09 2.65 0.05 0.07 0.10 0.12 0.34 0.55

I got: 0.59 0.28 0.12 2.65 0.14 2.65 0.04 0.05 0.07 0.07 0.20 0.17 0.65 0.67 0.23 2.63 0.14 2.65 0.04 0.04 0.06 0.07 0.16 0.10 0.30 0.68 0.70 0.65 2.63 0.15 2.64 0.06 0.05 0.05 0.09 0.15 0.06 0.17 0.19 0.26 0.74 2.66 0.11 2.66 0.08 0.06 0.05 0.06 0.11 0.04 0.11 0.09 0.18 0.39 0.77 0.05 2.65 0.15 0.10 0.07 0.07 0.13 0.04 0.10 0.06 0.02 0.15 0.12 0.23 2.61 0.04 0.03 0.03 0.18 0.16 0.10 0.05 0.14 0.01 0.01 0.01 0.01 0.01 0.01 0.01 0.01 0.01 0.01 0.01 0.01 0.01 0.01 0.01 0.01 0.01 0.01 0.61 0.01 0.01 0.01 0.01 0.00 0.01 0.01 0.06 0.13 0.06 0.17 0.17 2.65 0.09 0.81 0.24 0.22 0.07 0.11 0.06 0.07 0.13 0.06 0.15 0.11 2.63 0.13 2.65 0.79 0.36 0.13 0.15 0.06 0.09 0.14 0.06 0.13 0.08 2.64 0.12 2.64 0.86 0.83 0.27 0.23 0.09 0.11 0.15 0.08 0.13 0.05 2.63 0.15 2.63 0.26 0.70 0.70 0.37 0.12 0.15 0.14 0.05 0.10 0.04 2.66 0.12 2.66 0.12 0.24 0.64 0.93 0.23 0.25 0.20 0.08 0.13 0.05 2.63 0.14 2.64 0.08 0.14 0.28 0.79 0.61 0.72 0.33 0.11 0.15 0.07 2.64 0.13 2.64 0.07 0.11 0.18 0.31 0.99 0.72 0.18 0.20 0.08 2.64 0.09 2.63 0.05 0.06 0.10 0.11 0.34 0.55

I got: 0.54 0.28 0.12 2.65 0.14 2.63 0.04 0.05 0.07 0.07 0.20 0.17 0.65 0.77 0.27 2.65 0.13 2.64 0.05 0.05 0.06 0.06 0.16 0.10 0.30 0.68 0.70 0.66 2.62 0.16 2.64 0.06 0.05 0.05 0.09 0.14 0.06 0.16 0.19 0.27 0.74 2.66 0.11 2.63 0.08 0.06 0.05 0.06 0.11 0.04 0.11 0.09 0.18 0.38 0.77 0.04 2.63 0.16 0.10 0.07 0.07 0.13 0.04 0.10 0.06 0.03 0.15 0.12 0.23 2.63 0.04 0.03 0.03 0.18 0.16 0.10 0.05 0.14 0.01 0.01 0.01 0.01 0.01 0.01 0.01 0.01 0.01 0.01 0.01 0.01 0.01 0.01 0.01 0.01 0.01 0.01 0.43 0.01 0.01 0.01 0.01 0.01 0.01 0.01 0.06 0.13 0.06 0.17 0.17 2.64 0.07 0.81 0.25 0.22 0.07 0.11 0.06 0.07 0.13 0.06 0.15 0.11 2.63 0.14 2.68 0.80 0.35 0.13 0.15 0.07 0.09 0.14 0.07 0.13 0.08 2.68 0.15 2.64 0.86 0.84 0.27 0.23 0.09 0.11 0.15 0.08 0.13 0.05 2.64 0.16 2.64 0.26 0.70 0.70 0.37 0.12 0.15 0.14 0.05 0.11 0.04 2.67 0.12 2.64 0.12 0.24 0.64 0.94 0.23 0.25 0.20 0.08 0.14 0.05 2.64 0.14 2.63 0.08 0.14 0.28 0.79 0.61 0.72 0.32 0.11 0.15 0.06 2.64 0.15 2.64 0.07 0.11 0.18 0.31 0.99 0.72 0.18 0.19 0.08 2.64 0.11 2.63 0.05 0.07 0.10 0.11 0.34 0.55

I got: 0.54 0.28 0.12 2.66 0.15 2.63 0.04 0.05 0.07 0.07 0.20 0.17 0.65 0.77 0.27 2.67 0.15 2.65 0.05 0.05 0.06 0.07 0.16 0.10 0.29 0.68 0.71 0.66 2.63 0.15 2.63 0.06 0.05 0.05 0.09 0.15 0.06 0.16 0.19 0.27 0.74 2.66 0.13 2.65 0.08 0.06 0.05 0.07 0.11 0.04 0.11 0.09 0.18 0.38 0.77 0.05 2.63 0.16 0.10 0.07 0.07 0.13 0.05 0.10 0.06 0.03 0.15 0.12 0.23 2.62 0.04 0.03 0.03 0.19 0.16 0.10 0.05 0.14 0.01 0.01 0.01 0.01 0.01 0.01 0.01 0.01 0.01 0.01 0.01 0.01 0.01 0.01 0.01 0.01 0.01 0.01 0.55 0.01 0.01 0.01 0.01 0.00 0.01 0.01 0.06 0.13 0.06 0.17 0.17 2.64 0.07 0.81 0.25 0.22 0.08 0.10 0.06 0.07 0.13 0.07 0.15 0.11 2.64 0.14 2.64 0.80 0.35 0.13 0.15 0.07 0.09 0.13 0.07 0.13 0.08 2.64 0.16 2.63 0.86 0.84 0.27 0.23 0.09 0.11 0.15 0.08 0.13 0.05 2.62 0.17 2.63 0.26 0.70 0.70 0.37 0.12 0.15 0.14 0.05 0.10 0.04 2.66 0.10 2.66 0.12 0.24 0.63 0.93 0.23 0.26 0.20 0.08 0.13 0.05 2.64 0.17 2.63 0.08 0.14 0.28 0.79 0.62 0.72 0.32 0.11 0.15 0.06 2.64 0.15 2.64 0.07 0.11 0.18 0.31 0.99 0.71 0.18 0.20 0.08 2.65 0.10 2.63 0.05 0.07 0.10 0.12 0.33 0.55

I got: 0.54 0.28 0.12 2.65 0.16 2.64 0.04 0.05 0.07 0.07 0.20 0.18 0.64 0.76 0.27 2.65 0.13 2.65 0.05 0.05 0.06 0.07 0.16 0.10 0.29 0.67 0.64 0.59 2.65 0.14 2.63 0.05 0.04 0.05 0.08 0.13 0.06 0.15 0.17 0.27 0.70 2.67 0.11 2.64 0.08 0.06 0.05 0.06 0.11 0.04 0.10 0.09 0.18 0.34 0.82 0.04 2.63 0.16 0.10 0.07 0.07 0.13 0.04 0.09 0.06 0.03 0.05 0.02 0.23 2.63 0.04 0.03 0.03 0.18 0.16 0.10 0.04 0.14 0.01 0.01 0.01 0.01 0.01 0.01 0.01 0.01 0.01 0.01 0.01 0.01 0.01 0.01 0.01 0.01 0.01 0.01 0.86 0.01 0.01 0.01 0.01 0.01 0.01 0.01 0.06 0.08 0.05 0.17 0.17 2.64 0.07 0.81 0.25 0.21 0.08 0.10 0.06 0.07 0.08 0.04 0.14 0.11 2.65 0.14 2.63 0.81 0.35 0.13 0.15 0.07 0.09 0.09 0.04 0.13 0.08 2.64 0.14 2.64 0.86 0.83 0.27 0.23 0.09 0.11 0.09 0.04 0.13 0.05 2.64 0.17 2.63 0.26 0.70 0.70 0.37 0.12 0.15 0.11 0.05 0.10 0.04 2.67 0.12 2.65 0.13 0.24 0.64 0.94 0.24 0.26 0.15 0.07 0.13 0.05 2.69 0.15 2.63 0.09 0.14 0.28 0.80 0.62 0.72 0.29 0.13 0.15 0.06 2.65 0.15 2.64 0.07 0.11 0.18 0.32 0.98 0.66 0.22 0.19 0.08 2.64 0.07 2.66 0.05 0.07 0.10 0.12 0.33 0.55

I got: 0.57 0.28 0.12 2.64 0.16 2.65 0.04 0.05 0.07 0.08 0.19 0.18 0.64 0.69 0.24 2.64 0.12 2.64 0.05 0.04 0.06 0.07 0.15 0.09 0.27 0.60 0.64 0.59 2.64 0.12 2.64 0.05 0.04 0.05 0.08 0.13 0.05 0.15 0.17 0.27 0.71 2.67 0.11 2.67 0.08 0.06 0.05 0.06 0.11 0.04 0.10 0.09 0.18 0.34 0.81 0.03 2.64 0.15 0.10 0.07 0.07 0.12 0.04 0.09 0.06 0.03 0.05 0.03 0.23 2.62 0.04 0.03 0.03 0.17 0.15 0.10 0.04 0.14 0.01 0.01 0.01 0.01 0.01 0.01 0.01 0.01 0.01 0.01 0.01 0.01 0.01 0.01 0.01 0.01 0.01 0.01 0.79 0.01 0.01 0.01 0.01 0.01 0.01 0.01 0.06 0.08 0.06 0.17 0.17 2.63 0.07 0.80 0.26 0.21 0.07 0.10 0.06 0.07 0.08 0.05 0.14 0.11 2.64 0.15 2.65 0.81 0.34 0.13 0.15 0.07 0.10 0.09 0.04 0.13 0.08 2.64 0.16 2.64 0.86 0.83 0.27 0.23 0.09 0.11 0.09 0.03 0.13 0.05 2.63 0.16 2.64 0.26 0.71 0.71 0.37 0.12 0.15 0.11 0.05 0.10 0.04 2.63 0.11 2.64 0.13 0.24 0.64 0.94 0.23 0.26 0.15 0.07 0.14 0.05 2.64 0.16 2.63 0.09 0.14 0.28 0.80 0.61 0.72 0.28 0.13 0.15 0.06 2.63 0.17 2.64 0.07 0.11 0.18 0.32 0.98 0.66 0.22 0.19 0.08 2.63 0.11 2.64 0.05 0.06 0.10 0.12 0.33 0.55

I got: 0.57 0.28 0.12 2.64 0.14 2.64 0.04 0.05 0.07 0.08 0.19 0.18 0.64 0.68 0.24 2.64 0.12 2.64 0.04 0.04 0.06 0.07 0.15 0.09 0.27 0.66 0.70 0.65 2.64 0.13 2.64 0.06 0.05 0.05 0.09 0.14 0.06 0.16 0.18 0.27 0.73 2.64 0.12 2.64 0.08 0.06 0.05 0.06 0.11 0.04 0.10 0.09 0.18 0.38 0.78 0.05 2.64 0.16 0.10 0.07 0.07 0.13 0.04 0.09 0.06 0.03 0.13 0.11 0.23 2.64 0.04 0.03 0.03 0.18 0.15 0.10 0.04 0.15 0.01 0.01 0.01 0.01 0.01 0.01 0.01 0.01 0.01 0.01 0.01 0.01 0.01 0.01 0.01 0.01 0.01 0.01 0.51 0.01 0.01 0.01 0.01 0.01 0.01 0.01 0.06 0.12 0.05 0.17 0.17 2.63 0.09 0.81 0.25 0.21 0.08 0.10 0.06 0.07 0.12 0.05 0.14 0.11 2.64 0.16 2.64 0.81 0.34 0.13 0.15 0.07 0.10 0.13 0.06 0.13 0.08 2.63 0.15 2.65 0.86 0.83 0.27 0.23 0.09 0.11 0.14 0.07 0.13 0.05 2.63 0.17 2.63 0.26 0.71 0.71 0.37 0.12 0.15 0.14 0.05 0.10 0.04 2.64 0.13 2.65 0.13 0.24 0.64 0.94 0.23 0.26 0.20 0.07 0.13 0.05 2.64 0.16 2.64 0.09 0.14 0.28 0.80 0.61 0.72 0.32 0.11 0.15 0.07 2.65 0.16 2.64 0.07 0.11 0.18 0.32 0.98 0.70 0.18 0.19 0.08 2.63 0.10 2.64 0.05 0.06 0.10 0.12 0.33 0.55

I got: 0.54 0.28 0.12 2.63 0.15 2.65 0.04 0.05 0.07 0.08 0.20 0.18 0.64 0.74 0.26 2.65 0.14 2.69 0.05 0.05 0.06 0.07 0.15 0.10 0.28 0.62 0.71 0.65 2.63 0.15 2.67 0.06 0.05 0.05 0.09 0.15 0.06 0.16 0.19 0.27 0.74 2.63 0.09 2.66 0.08 0.06 0.05 0.06 0.11 0.05 0.10 0.09 0.18 0.38 0.78 0.03 2.65 0.16 0.10 0.07 0.07 0.13 0.05 0.09 0.06 0.03 0.15 0.12 0.24 2.60 0.04 0.03 0.03 0.18 0.15 0.10 0.04 0.15 0.01 0.01 0.01 0.01 0.01 0.01 0.01 0.01 0.01 0.01 0.01 0.01 0.01 0.01 0.01 0.01 0.01 0.01 0.35 0.01 0.01 0.01 0.01 0.01 0.01 0.01 0.07 0.12 0.06 0.17 0.17 2.64 0.08 0.81 0.26 0.21 0.08 0.10 0.06 0.08 0.12 0.07 0.14 0.11 2.64 0.15 2.64 0.81 0.35 0.13 0.15 0.07 0.10 0.13 0.07 0.13 0.08 2.64 0.16 2.65 0.86 0.83 0.28 0.23 0.09 0.12 0.15 0.09 0.13 0.05 2.64 0.17 2.63 0.26 0.70 0.71 0.37 0.12 0.15 0.14 0.06 0.10 0.04 2.65 0.11 2.64 0.12 0.24 0.64 0.93 0.23 0.26 0.20 0.08 0.13 0.05 2.63 0.17 2.64 0.09 0.14 0.28 0.80 0.61 0.72 0.32 0.11 0.15 0.06 2.65 0.15 2.65 0.07 0.11 0.18 0.32 0.97 0.70 0.18 0.19 0.08 2.64 0.09 2.64 0.05 0.06 0.10 0.12 0.33 0.55

I got: 0.54 0.27 0.12 2.63 0.14 2.64 0.04 0.05 0.07 0.08 0.20 0.18 0.64 0.76 0.27 2.64 0.13 2.64 0.05 0.05 0.06 0.07 0.15 0.11 0.29 0.67 0.71 0.65 2.63 0.14 2.64 0.06 0.05 0.05 0.09 0.14 0.06 0.16 0.19 0.27 0.74 2.64 0.10 2.64 0.08 0.06 0.05 0.07 0.11 0.05 0.10 0.09 0.18 0.38 0.78 0.05 2.64 0.15 0.10 0.08 0.07 0.12 0.05 0.09 0.06 0.03 0.14 0.12 0.24 2.61 0.04 0.03 0.03 0.18 0.15 0.10 0.04 0.15 0.01 0.01 0.01 0.01 0.01 0.01 0.01 0.01 0.01 0.01 0.01 0.01 0.01 0.01 0.01 0.01 0.01 0.01 0.72 0.01 0.01 0.01 0.01 0.00 0.01 0.01 0.07 0.12 0.06 0.17 0.17 2.65 0.08 0.81 0.26 0.21 0.08 0.10 0.07 0.08 0.12 0.05 0.14 0.11 2.64 0.12 2.63 0.80 0.34 0.13 0.15 0.07 0.10 0.08 0.05 0.13 0.07 2.64 0.13 2.63 0.86 0.83 0.28 0.23 0.09 0.12 0.08 0.04 0.13 0.05 2.64 0.19 2.63 0.26 0.71 0.71 0.37 0.13 0.15 0.10 0.06 0.10 0.04 2.64 0.11 2.65 0.12 0.24 0.63 0.93 0.23 0.26 0.15 0.07 0.13 0.05 2.63 0.15 2.63 0.09 0.14 0.28 0.80 0.62 0.72 0.27 0.13 0.15 0.06 2.66 0.15 2.63 0.07 0.11 0.18 0.32 0.98 0.65 0.22 0.19 0.08 2.64 0.10 2.63 0.05 0.07 0.10 0.12 0.33 0.55

I got: 0.58 0.28 0.12 2.63 0.15 2.64 0.04 0.05 0.07 0.08 0.19 0.18 0.64 0.68 0.24 2.65 0.13 2.65 0.05 0.05 0.06 0.07 0.15 0.11 0.29 0.66 0.69 0.64 2.64 0.15 2.63 0.06 0.05 0.05 0.09 0.14 0.06 0.15 0.18 0.27 0.73 2.64 0.11 2.66 0.08 0.06 0.05 0.06 0.11 0.05 0.10 0.09 0.19 0.37 0.79 0.04 2.63 0.16 0.10 0.07 0.07 0.12 0.05 0.09 0.06 0.04 0.03 0.02 0.24 2.64 0.04 0.03 0.03 0.18 0.15 0.10 0.04 0.15 0.01 0.01 0.01 0.01 0.01 0.01 0.01 0.01 0.01 0.01 0.01 0.01 0.01 0.01 0.01 0.01 0.01 0.01 0.88 0.01 0.01 0.01 0.01 0.01 0.00 0.01 0.07 0.07 0.06 0.17 0.17 2.68 0.08 0.81 0.27 0.21 0.08 0.10 0.06 0.08 0.06 0.05 0.14 0.11 2.64 0.13 2.67 0.80 0.34 0.13 0.15 0.07 0.10 0.08 0.05 0.13 0.08 2.65 0.13 2.64 0.86 0.83 0.28 0.23 0.09 0.12 0.08 0.05 0.13 0.05 2.64 0.18 2.64 0.26 0.71 0.71 0.37 0.12 0.15 0.09 0.06 0.10 0.04 2.66 0.12 2.66 0.12 0.24 0.64 0.93 0.23 0.26 0.14 0.08 0.13 0.05 2.64 0.16 2.63 0.09 0.14 0.28 0.80 0.62 0.73 0.27 0.13 0.15 0.06 2.64 0.15 2.65 0.07 0.11 0.18 0.31 0.97 0.65 0.21 0.19 0.08 2.63 0.10 2.64 0.05 0.07 0.10 0.12 0.33 0.55

I got: 0.57 0.27 0.12 2.65 0.16 2.64 0.04 0.05 0.07 0.08 0.19 0.18 0.64 0.68 0.24 2.65 0.14 2.64 0.05 0.04 0.06 0.08 0.15 0.09 0.26 0.58 0.71 0.65 2.64 0.14 2.64 0.06 0.05 0.05 0.09 0.15 0.07 0.16 0.19 0.27 0.73 2.64 0.11 2.64 0.08 0.06 0.05 0.06 0.11 0.05 0.10 0.09 0.19 0.38 0.78 0.05 2.64 0.16 0.10 0.07 0.07 0.12 0.05 0.09 0.06 0.03 0.14 0.12 0.24 2.62 0.04 0.03 0.03 0.18 0.15 0.10 0.04 0.15 0.01 0.01 0.01 0.01 0.01 0.01 0.01 0.01 0.01 0.01 0.01 0.01 0.01 0.01 0.01 0.01 0.01 0.01 0.66 0.01 0.01 0.01 0.01 0.01 0.01 0.01 0.07 0.12 0.06 0.17 0.17 2.64 0.07 0.81 0.25 0.21 0.08 0.10 0.07 0.08 0.12 0.06 0.15 0.11 2.64 0.13 2.64 0.81 0.34 0.13 0.15 0.07 0.10 0.13 0.06 0.13 0.08 2.64 0.16 2.64 0.86 0.83 0.28 0.23 0.09 0.12 0.14 0.08 0.13 0.05 2.63 0.16 2.63 0.26 0.71 0.72 0.37 0.13 0.16 0.14 0.06 0.10 0.04 2.65 0.11 2.65 0.13 0.24 0.64 0.93 0.23 0.26 0.20 0.08 0.13 0.05 2.63 0.16 2.64 0.09 0.14 0.28 0.80 0.62 0.72 0.32 0.11 0.15 0.06 2.65 0.15 2.64 0.07 0.11 0.18 0.32 0.98 0.70 0.18 0.19 0.08 2.64 0.09 2.64 0.05 0.07 0.10 0.12 0.33 0.55

