I got: 0.48 0.21 0.08 2.64 0.14 2.66 0.03 0.03 0.04 0.04 0.05 0.05 0.16 0.67 0.24 2.65 0.15 2.64 0.07 0.07 0.07 0.08 0.08 0.07 0.12 0.08 0.51 0.56 2.66 0.12 2.65 0.07 0.07 0.07 0.07 0.08 0.06 0.10 0.05 0.19 0.72 2.65 0.09 2.66 0.10 0.09 0.08 0.08 0.08 0.06 0.10 0.05 0.12 0.34 0.85 0.04 2.64 0.17 0.13 0.11 0.09 0.09 0.07 0.11 0.05 0.04 0.02 0.02 0.25 2.62 0.05 0.04 0.03 0.08 0.04 0.09 0.04 0.14 0.01 0.01 0.01 0.01 0.01 0.01 0.01 0.01 0.01 0.01 0.01 0.01 0.01 0.01 0.01 0.01 0.01 0.01 0.73 0.01 0.01 0.01 0.01 0.00 0.01 0.01 0.06 0.10 0.11 0.20 0.18 2.64 0.09 0.78 0.30 0.16 0.10 0.13 0.06 0.06 0.09 0.10 0.18 0.13 2.65 0.12 2.64 0.84 0.29 0.16 0.16 0.06 0.06 0.09 0.10 0.17 0.11 2.64 0.14 2.64 0.84 0.77 0.29 0.24 0.06 0.06 0.10 0.09 0.16 0.09 2.63 0.15 2.64 0.30 0.80 0.85 0.43 0.09 0.06 0.09 0.09 0.14 0.08 2.64 0.14 2.65 0.16 0.27 0.72 1.10 0.18 0.08 0.10 0.09 0.15 0.07 2.63 0.15 2.64 0.11 0.16 0.28 0.85 0.51 0.17 0.11 0.10 0.14 0.08 2.65 0.15 2.65 0.10 0.13 0.19 0.37 0.96 0.15 0.06 0.11 0.03 2.65 0.08 2.64 0.04 0.05 0.07 0.10 0.20 0.48

I got: 0.48 0.21 0.08 2.65 0.16 2.64 0.03 0.03 0.04 0.04 0.05 0.05 0.16 0.67 0.24 2.64 0.15 2.65 0.07 0.07 0.07 0.08 0.08 0.07 0.12 0.09 0.51 0.56 2.64 0.14 2.64 0.07 0.07 0.07 0.07 0.08 0.06 0.10 0.05 0.19 0.72 2.65 0.10 2.64 0.10 0.09 0.08 0.08 0.08 0.06 0.10 0.05 0.12 0.34 0.85 0.04 2.65 0.17 0.13 0.10 0.09 0.09 0.06 0.11 0.05 0.04 0.02 0.02 0.25 2.60 0.05 0.04 0.03 0.08 0.04 0.09 0.04 0.14 0.01 0.01 0.01 0.01 0.01 0.01 0.01 0.01 0.01 0.01 0.01 0.01 0.01 0.01 0.01 0.01 0.01 0.01 0.48 0.01 0.01 0.01 0.01 0.01 0.01 0.01 0.06 0.10 0.11 0.20 0.18 2.64 0.08 0.79 0.30 0.16 0.10 0.12 0.06 0.06 0.09 0.10 0.18 0.13 2.65 0.13 2.64 0.84 0.29 0.15 0.16 0.06 0.06 0.10 0.10 0.17 0.11 2.63 0.15 2.65 0.84 0.77 0.29 0.24 0.06 0.06 0.09 0.09 0.16 0.09 2.63 0.14 2.65 0.30 0.81 0.85 0.44 0.09 0.06 0.09 0.09 0.14 0.08 2.64 0.14 2.64 0.15 0.27 0.73 1.10 0.18 0.08 0.09 0.09 0.15 0.07 2.63 0.14 2.64 0.11 0.16 0.28 0.85 0.51 0.17 0.11 0.10 0.14 0.08 2.65 0.14 2.64 0.09 0.13 0.19 0.37 0.96 0.15 0.06 0.11 0.03 2.65 0.09 2.69 0.04 0.05 0.07 0.11 0.20 0.48

I got: 0.48 0.21 0.08 2.65 0.16 2.70 0.03 0.03 0.04 0.04 0.05 0.05 0.15 0.67 0.24 2.67 0.13 2.64 0.07 0.07 0.07 0.08 0.08 0.07 0.12 0.09 0.51 0.55 2.67 0.13 2.65 0.07 0.07 0.07 0.07 0.08 0.06 0.10 0.05 0.19 0.72 2.68 0.11 2.64 0.10 0.09 0.08 0.08 0.08 0.06 0.10 0.05 0.13 0.34 0.85 0.05 2.65 0.17 0.13 0.11 0.09 0.09 0.07 0.11 0.06 0.04 0.02 0.02 0.25 2.61 0.05 0.04 0.03 0.07 0.04 0.09 0.04 0.15 0.01 0.01 0.01 0.01 0.01 0.01 0.01 0.01 0.01 0.01 0.01 0.01 0.01 0.01 0.01 0.01 0.01 0.01 0.36 0.01 0.01 0.01 0.01 0.01 0.01 0.01 0.06 0.09 0.11 0.20 0.18 2.65 0.06 0.79 0.30 0.16 0.10 0.12 0.06 0.06 0.09 0.10 0.18 0.13 2.65 0.12 2.64 0.85 0.29 0.16 0.16 0.06 0.06 0.10 0.10 0.17 0.11 2.64 0.16 2.64 0.84 0.77 0.29 0.24 0.06 0.06 0.10 0.09 0.16 0.09 2.64 0.15 2.65 0.30 0.81 0.85 0.43 0.09 0.06 0.10 0.09 0.14 0.08 2.64 0.14 2.65 0.15 0.27 0.72 1.10 0.18 0.08 0.10 0.09 0.15 0.07 2.64 0.16 2.64 0.11 0.16 0.28 0.85 0.51 0.17 0.11 0.10 0.14 0.08 2.65 0.16 2.65 0.09 0.13 0.19 0.37 0.96 0.14 0.06 0.11 0.03 2.65 0.06 2.64 0.04 0.05 0.07 0.11 0.20 0.48

I got: 0.48 0.21 0.08 2.65 0.15 2.64 0.03 0.03 0.04 0.05 0.05 0.05 0.15 0.66 0.24 2.65 0.14 2.65 0.07 0.07 0.07 0.08 0.08 0.07 0.12 0.09 0.51 0.56 2.64 0.13 2.64 0.07 0.07 0.07 0.07 0.08 0.06 0.10 0.05 0.19 0.71 2.64 0.11 2.64 0.10 0.09 0.08 0.08 0.08 0.06 0.10 0.05 0.12 0.34 0.85 0.05 2.65 0.17 0.13 0.11 0.09 0.09 0.07 0.11 0.06 0.04 0.02 0.02 0.25 2.64 0.05 0.04 0.03 0.07 0.04 0.09 0.04 0.14 0.01 0.01 0.01 0.01 0.01 0.01 0.01 0.01 0.01 0.01 0.01 0.01 0.01 0.01 0.01 0.01 0.01 0.01 0.74 0.01 0.01 0.01 0.01 0.01 0.01 0.01 0.06 0.09 0.11 0.20 0.18 2.64 0.07 0.79 0.30 0.16 0.11 0.12 0.06 0.06 0.09 0.10 0.18 0.13 2.65 0.13 2.64 0.84 0.29 0.16 0.17 0.06 0.06 0.10 0.10 0.17 0.11 2.64 0.13 2.64 0.84 0.77 0.29 0.24 0.06 0.07 0.10 0.10 0.16 0.09 2.64 0.15 2.63 0.30 0.81 0.85 0.43 0.09 0.06 0.09 0.09 0.14 0.08 2.64 0.13 2.64 0.15 0.28 0.72 1.10 0.18 0.08 0.10 0.09 0.15 0.07 2.64 0.16 2.63 0.11 0.16 0.28 0.85 0.51 0.17 0.12 0.10 0.14 0.08 2.65 0.17 2.64 0.10 0.13 0.19 0.37 0.96 0.15 0.06 0.11 0.03 2.65 0.09 2.64 0.04 0.05 0.07 0.11 0.20 0.48

I got: 0.48 0.21 0.08 2.66 0.15 2.65 0.03 0.03 0.04 0.04 0.05 0.05 0.15 0.66 0.24 2.65 0.12 2.64 0.07 0.07 0.07 0.07 0.08 0.07 0.12 0.08 0.51 0.56 2.64 0.13 2.64 0.07 0.07 0.07 0.07 0.08 0.06 0.10 0.06 0.19 0.72 2.68 0.11 2.65 0.10 0.09 0.08 0.08 0.08 0.06 0.10 0.05 0.12 0.34 0.85 0.04 2.63 0.17 0.13 0.11 0.09 0.09 0.07 0.11 0.06 0.04 0.02 0.02 0.25 2.67 0.05 0.04 0.03 0.07 0.04 0.09 0.04 0.14 0.01 0.01 0.01 0.01 0.01 0.01 0.01 0.01 0.01 0.01 0.01 0.01 0.01 0.01 0.01 0.01 0.01 0.01 0.83 0.01 0.01 0.01 0.01 0.01 0.01 0.01 0.06 0.09 0.11 0.20 0.18 2.66 0.07 0.78 0.30 0.16 0.10 0.12 0.06 0.06 0.09 0.10 0.18 0.13 2.64 0.14 2.64 0.84 0.29 0.16 0.16 0.06 0.06 0.09 0.09 0.17 0.11 2.66 0.15 2.65 0.84 0.77 0.29 0.24 0.06 0.06 0.10 0.09 0.16 0.10 2.65 0.15 2.64 0.30 0.81 0.85 0.44 0.09 0.06 0.10 0.09 0.14 0.08 2.64 0.12 2.66 0.16 0.28 0.72 1.10 0.18 0.07 0.09 0.09 0.15 0.07 2.64 0.15 2.64 0.10 0.16 0.28 0.85 0.51 0.17 0.11 0.10 0.14 0.08 2.65 0.17 2.65 0.10 0.13 0.19 0.37 0.96 0.14 0.06 0.11 0.04 2.65 0.08 2.64 0.04 0.05 0.07 0.10 0.20 0.48

I got: 0.48 0.21 0.08 2.65 0.15 2.64 0.03 0.03 0.04 0.04 0.05 0.05 0.15 0.66 0.24 2.64 0.14 2.65 0.07 0.07 0.07 0.08 0.08 0.07 0.12 0.08 0.51 0.55 2.64 0.14 2.64 0.07 0.07 0.07 0.07 0.08 0.06 0.10 0.05 0.19 0.72 2.66 0.09 2.64 0.10 0.09 0.08 0.08 0.08 0.06 0.10 0.04 0.12 0.34 0.85 0.05 2.65 0.17 0.12 0.11 0.09 0.09 0.07 0.11 0.06 0.04 0.02 0.02 0.25 2.61 0.05 0.04 0.03 0.07 0.04 0.09 0.04 0.14 0.01 0.01 0.01 0.01 0.01 0.01 0.01 0.01 0.01 0.01 0.01 0.01 0.01 0.01 0.01 0.01 0.01 0.01 0.62 0.01 0.01 0.01 0.01 0.01 0.01 0.01 0.06 0.09 0.11 0.20 0.18 2.64 0.08 0.78 0.30 0.16 0.11 0.13 0.06 0.06 0.09 0.10 0.18 0.13 2.65 0.13 2.64 0.84 0.29 0.16 0.16 0.06 0.06 0.09 0.10 0.17 0.11 2.64 0.16 2.65 0.84 0.77 0.29 0.24 0.06 0.06 0.10 0.09 0.16 0.10 2.63 0.15 2.64 0.30 0.81 0.85 0.43 0.08 0.06 0.09 0.09 0.14 0.08 2.65 0.15 2.64 0.16 0.27 0.72 1.10 0.17 0.08 0.10 0.09 0.15 0.07 2.63 0.15 2.64 0.11 0.16 0.29 0.85 0.51 0.17 0.11 0.10 0.14 0.08 2.66 0.15 2.65 0.09 0.13 0.19 0.37 0.96 0.14 0.06 0.11 0.03 2.65 0.09 2.65 0.04 0.05 0.07 0.10 0.20 0.48

I got: 0.48 0.20 0.08 2.65 0.15 2.64 0.03 0.03 0.04 0.04 0.05 0.05 0.16 0.66 0.24 2.65 0.15 2.64 0.07 0.07 0.07 0.07 0.08 0.07 0.12 0.08 0.51 0.55 2.64 0.14 2.65 0.07 0.07 0.07 0.07 0.07 0.06 0.10 0.05 0.19 0.72 2.66 0.10 2.65 0.10 0.09 0.08 0.08 0.08 0.06 0.10 0.05 0.12 0.34 0.85 0.04 2.65 0.17 0.13 0.11 0.09 0.09 0.07 0.11 0.06 0.04 0.02 0.02 0.25 2.64 0.05 0.04 0.03 0.07 0.04 0.10 0.04 0.14 0.01 0.01 0.01 0.01 0.01 0.01 0.01 0.01 0.01 0.01 0.01 0.01 0.01 0.01 0.01 0.01 0.01 0.01 0.44 0.01 0.01 0.01 0.01 0.01 0.01 0.01 0.06 0.10 0.11 0.20 0.18 2.64 0.10 0.79 0.30 0.16 0.11 0.12 0.06 0.06 0.09 0.10 0.18 0.13 2.64 0.13 2.69 0.84 0.28 0.16 0.16 0.06 0.06 0.09 0.10 0.17 0.11 2.64 0.15 2.69 0.84 0.77 0.29 0.24 0.06 0.06 0.10 0.10 0.17 0.09 2.67 0.14 2.65 0.30 0.81 0.85 0.44 0.09 0.06 0.10 0.09 0.15 0.08 2.68 0.12 2.65 0.16 0.27 0.72 1.10 0.18 0.08 0.10 0.09 0.15 0.07 2.64 0.16 2.64 0.11 0.16 0.28 0.85 0.51 0.17 0.11 0.10 0.14 0.08 2.66 0.15 2.64 0.09 0.13 0.19 0.37 0.96 0.15 0.06 0.11 0.03 2.64 0.08 2.64 0.04 0.05 0.07 0.10 0.20 0.48

I got: 0.48 0.20 0.08 2.66 0.15 2.64 0.03 0.03 0.04 0.04 0.05 0.05 0.15 0.66 0.24 2.65 0.13 2.65 0.07 0.07 0.07 0.07 0.08 0.07 0.12 0.08 0.51 0.55 2.65 0.13 2.64 0.07 0.07 0.07 0.07 0.07 0.06 0.10 0.06 0.19 0.72 2.66 0.10 2.64 0.10 0.09 0.08 0.08 0.08 0.06 0.10 0.05 0.12 0.34 0.85 0.03 2.65 0.17 0.13 0.11 0.09 0.09 0.07 0.11 0.06 0.04 0.02 0.02 0.25 2.64 0.05 0.04 0.03 0.07 0.04 0.09 0.04 0.15 0.01 0.01 0.01 0.01 0.01 0.01 0.01 0.01 0.01 0.01 0.01 0.01 0.01 0.01 0.01 0.01 0.01 0.01 0.53 0.01 0.01 0.01 0.01 0.01 0.01 0.01 0.06 0.10 0.11 0.20 0.18 2.65 0.07 0.79 0.30 0.16 0.10 0.13 0.06 0.06 0.09 0.10 0.18 0.13 2.65 0.15 2.64 0.85 0.29 0.16 0.17 0.06 0.06 0.10 0.10 0.17 0.11 2.64 0.14 2.65 0.84 0.77 0.29 0.24 0.06 0.07 0.10 0.09 0.16 0.10 2.65 0.15 2.64 0.30 0.81 0.86 0.44 0.09 0.06 0.09 0.09 0.14 0.08 2.65 0.14 2.64 0.15 0.28 0.72 1.10 0.18 0.08 0.10 0.09 0.15 0.07 2.64 0.16 2.63 0.11 0.16 0.28 0.85 0.51 0.17 0.11 0.10 0.14 0.08 2.65 0.15 2.64 0.10 0.13 0.19 0.37 0.96 0.15 0.06 0.11 0.03 2.64 0.09 2.64 0.04 0.05 0.07 0.11 0.20 0.48

I got: 0.48 0.20 0.08 2.66 0.15 2.64 0.03 0.03 0.04 0.04 0.05 0.05 0.15 0.66 0.24 2.66 0.13 2.63 0.07 0.07 0.07 0.08 0.08 0.07 0.11 0.09 0.51 0.55 2.65 0.14 2.65 0.07 0.07 0.07 0.07 0.07 0.07 0.10 0.06 0.19 0.71 2.66 0.10 2.66 0.10 0.09 0.08 0.08 0.08 0.07 0.10 0.05 0.12 0.34 0.85 0.04 2.64 0.17 0.13 0.11 0.09 0.09 0.07 0.11 0.06 0.04 0.02 0.02 0.25 2.63 0.05 0.04 0.03 0.07 0.04 0.09 0.04 0.15 0.01 0.01 0.01 0.01 0.01 0.01 0.01 0.01 0.01 0.01 0.01 0.01 0.01 0.01 0.01 0.01 0.01 0.01 0.83 0.01 0.01 0.01 0.01 0.01 0.01 0.01 0.06 0.10 0.11 0.20 0.18 2.65 0.08 0.79 0.30 0.16 0.11 0.12 0.06 0.06 0.09 0.10 0.18 0.14 2.64 0.14 2.64 0.85 0.28 0.16 0.16 0.06 0.06 0.10 0.10 0.17 0.11 2.64 0.14 2.64 0.84 0.77 0.29 0.24 0.06 0.06 0.10 0.10 0.16 0.09 2.64 0.14 2.64 0.30 0.81 0.85 0.43 0.09 0.06 0.10 0.09 0.14 0.08 2.66 0.13 2.65 0.16 0.28 0.72 1.10 0.18 0.07 0.10 0.09 0.15 0.07 2.64 0.16 2.64 0.11 0.16 0.28 0.85 0.51 0.17 0.11 0.10 0.14 0.08 2.70 0.16 2.65 0.10 0.13 0.19 0.37 0.96 0.15 0.06 0.11 0.04 2.64 0.09 2.63 0.04 0.05 0.07 0.10 0.20 0.48

I got: 0.48 0.20 0.08 2.65 0.15 2.69 0.03 0.03 0.04 0.04 0.05 0.05 0.15 0.66 0.24 2.64 0.13 2.66 0.07 0.07 0.07 0.07 0.08 0.07 0.12 0.08 0.51 0.55 2.66 0.16 2.64 0.07 0.07 0.07 0.07 0.07 0.07 0.10 0.06 0.19 0.71 2.64 0.11 2.66 0.10 0.09 0.08 0.08 0.08 0.06 0.10 0.05 0.12 0.34 0.86 0.04 2.65 0.17 0.13 0.11 0.09 0.09 0.07 0.11 0.06 0.04 0.02 0.02 0.25 2.60 0.05 0.04 0.03 0.07 0.04 0.09 0.04 0.14 0.01 0.01 0.01 0.01 0.01 0.01 0.01 0.01 0.01 0.01 0.01 0.01 0.01 0.01 0.01 0.00 0.01 0.01 0.78 0.01 0.01 0.01 0.01 0.00 0.01 0.01 0.06 0.10 0.11 0.20 0.18 2.64 0.09 0.79 0.30 0.16 0.11 0.13 0.06 0.06 0.09 0.10 0.18 0.14 2.65 0.14 2.65 0.84 0.28 0.16 0.17 0.06 0.06 0.09 0.10 0.17 0.11 2.64 0.13 2.65 0.84 0.77 0.29 0.24 0.06 0.06 0.10 0.09 0.16 0.10 2.64 0.14 2.64 0.30 0.81 0.85 0.43 0.09 0.06 0.09 0.09 0.14 0.08 2.66 0.13 2.65 0.15 0.27 0.72 1.10 0.17 0.07 0.10 0.09 0.15 0.07 2.64 0.17 2.65 0.11 0.16 0.29 0.85 0.51 0.17 0.11 0.10 0.14 0.08 2.65 0.16 2.65 0.09 0.13 0.19 0.37 0.96 0.15 0.06 0.11 0.03 2.63 0.09 2.64 0.04 0.05 0.07 0.10 0.20 0.48

I got: 0.48 0.20 0.08 2.65 0.15 2.64 0.03 0.03 0.04 0.04 0.05 0.05 0.15 0.66 0.24 2.65 0.12 2.64 0.07 0.07 0.07 0.08 0.08 0.07 0.12 0.08 0.51 0.55 2.64 0.13 2.65 0.07 0.07 0.07 0.07 0.07 0.06 0.10 0.05 0.19 0.71 2.67 0.10 2.66 0.10 0.09 0.08 0.08 0.08 0.06 0.10 0.05 0.12 0.34 0.86 0.05 2.65 0.17 0.13 0.11 0.09 0.09 0.07 0.11 0.06 0.04 0.02 0.02 0.25 2.64 0.05 0.04 0.03 0.07 0.04 0.10 0.04 0.15 0.01 0.01 0.01 0.01 0.01 0.01 0.01 0.01 0.01 0.01 0.01 0.01 0.01 0.01 0.01 0.01 0.01 0.01 0.51 0.01 0.01 0.01 0.01 0.01 0.01 0.01 0.06 0.09 0.10 0.20 0.18 2.65 0.08 0.79 0.30 0.16 0.11 0.13 0.06 0.06 0.09 0.10 0.18 0.14 2.64 0.14 2.65 0.84 0.29 0.16 0.16 0.06 0.06 0.10 0.10 0.17 0.11 2.64 0.16 2.64 0.84 0.77 0.29 0.24 0.06 0.06 0.10 0.10 0.16 0.10 2.64 0.16 2.64 0.30 0.81 0.85 0.44 0.09 0.06 0.09 0.09 0.14 0.08 2.65 0.14 2.64 0.15 0.27 0.72 1.10 0.17 0.08 0.10 0.09 0.15 0.07 2.64 0.16 2.65 0.11 0.16 0.29 0.85 0.50 0.17 0.11 0.10 0.14 0.08 2.64 0.16 2.66 0.09 0.13 0.19 0.37 0.96 0.15 0.06 0.11 0.03 2.64 0.10 2.64 0.04 0.05 0.07 0.10 0.20 0.48

I got: 0.48 0.21 0.08 2.65 0.15 2.66 0.03 0.03 0.04 0.04 0.05 0.05 0.16 0.66 0.24 2.64 0.14 2.65 0.07 0.07 0.07 0.08 0.08 0.07 0.12 0.08 0.51 0.55 2.65 0.14 2.69 0.07 0.07 0.07 0.07 0.08 0.06 0.10 0.06 0.19 0.71 2.66 0.11 2.70 0.10 0.09 0.08 0.08 0.08 0.06 0.10 0.05 0.12 0.34 0.86 0.04 2.64 0.17 0.13 0.11 0.09 0.09 0.07 0.11 0.06 0.04 0.02 0.02 0.25 2.64 0.05 0.04 0.03 0.08 0.04 0.09 0.04 0.15 0.01 0.01 0.01 0.01 0.01 0.01 0.01 0.01 0.01 0.01 0.01 0.01 0.01 0.01 0.00 0.01 0.01 0.01 0.37 0.01 0.01 0.01 0.01 0.01 0.01 0.01 0.06 0.09 0.11 0.20 0.18 2.65 0.07 0.79 0.30 0.16 0.11 0.12 0.06 0.06 0.09 0.10 0.18 0.13 2.64 0.14 2.65 0.85 0.28 0.16 0.16 0.06 0.06 0.10 0.10 0.17 0.11 2.64 0.13 2.64 0.84 0.77 0.29 0.24 0.06 0.06 0.10 0.10 0.16 0.10 2.64 0.17 2.63 0.30 0.82 0.86 0.44 0.09 0.06 0.10 0.09 0.14 0.08 2.66 0.13 2.64 0.16 0.27 0.72 1.10 0.18 0.08 0.10 0.09 0.15 0.07 2.64 0.15 2.64 0.11 0.16 0.28 0.85 0.51 0.17 0.11 0.10 0.14 0.08 2.65 0.19 2.64 0.10 0.13 0.19 0.37 0.95 0.14 0.06 0.11 0.03 2.65 0.09 2.64 0.04 0.05 0.07 0.11 0.20 0.48

I got: 0.47 0.20 0.08 2.66 0.15 2.64 0.03 0.03 0.04 0.04 0.05 0.05 0.15 0.66 0.24 2.65 0.13 2.64 0.07 0.07 0.07 0.07 0.08 0.07 0.12 0.08 0.51 0.55 2.66 0.12 2.65 0.07 0.07 0.07 0.07 0.07 0.07 0.10 0.06 0.19 0.72 2.67 0.10 2.66 0.10 0.09 0.08 0.08 0.07 0.06 0.10 0.05 0.12 0.34 0.85 0.04 2.64 0.17 0.13 0.11 0.09 0.09 0.07 0.11 0.06 0.04 0.02 0.02 0.25 2.62 0.05 0.04 0.03 0.07 0.03 0.10 0.04 0.15 0.01 0.01 0.01 0.01 0.01 0.01 0.01 0.01 0.01 0.01 0.01 0.01 0.01 0.01 0.01 0.01 0.01 0.01 0.68 0.01 0.01 0.01 0.01 0.01 0.01 0.01 0.06 0.10 0.11 0.20 0.18 2.65 0.09 0.79 0.30 0.16 0.11 0.12 0.06 0.06 0.10 0.10 0.18 0.14 2.64 0.14 2.64 0.85 0.28 0.16 0.16 0.06 0.06 0.09 0.10 0.17 0.11 2.65 0.15 2.64 0.84 0.77 0.29 0.24 0.06 0.07 0.10 0.10 0.16 0.10 2.65 0.15 2.63 0.30 0.81 0.85 0.44 0.09 0.06 0.09 0.09 0.14 0.08 2.66 0.12 2.64 0.15 0.27 0.72 1.10 0.17 0.08 0.10 0.09 0.15 0.07 2.65 0.15 2.64 0.11 0.16 0.28 0.85 0.51 0.17 0.12 0.10 0.14 0.08 2.64 0.16 2.65 0.09 0.13 0.19 0.37 0.96 0.15 0.06 0.11 0.03 2.64 0.09 2.64 0.04 0.05 0.07 0.11 0.20 0.48

I got: 0.47 0.20 0.08 2.65 0.16 2.65 0.03 0.03 0.04 0.04 0.05 0.05 0.15 0.66 0.24 2.64 0.15 2.64 0.07 0.07 0.07 0.08 0.08 0.07 0.12 0.08 0.51 0.56 2.65 0.13 2.64 0.07 0.07 0.07 0.07 0.07 0.07 0.10 0.06 0.19 0.71 2.68 0.11 2.66 0.10 0.09 0.08 0.08 0.08 0.06 0.10 0.05 0.12 0.34 0.86 0.04 2.64 0.17 0.13 0.11 0.09 0.09 0.07 0.11 0.06 0.04 0.02 0.02 0.25 2.60 0.05 0.04 0.03 0.08 0.04 0.10 0.04 0.15 0.01 0.01 0.01 0.01 0.01 0.01 0.01 0.01 0.01 0.01 0.01 0.01 0.01 0.01 0.01 0.01 0.01 0.01 0.85 0.01 0.01 0.01 0.01 0.01 0.01 0.01 0.06 0.10 0.11 0.20 0.18 2.70 0.08 0.79 0.30 0.16 0.10 0.12 0.06 0.06 0.09 0.10 0.18 0.13 2.65 0.13 2.64 0.84 0.29 0.16 0.16 0.06 0.06 0.09 0.10 0.17 0.11 2.66 0.14 2.68 0.84 0.77 0.29 0.24 0.06 0.06 0.09 0.09 0.16 0.09 2.65 0.15 2.65 0.29 0.80 0.84 0.43 0.09 0.06 0.10 0.09 0.14 0.08 2.64 0.13 2.67 0.15 0.27 0.71 1.08 0.17 0.07 0.09 0.09 0.15 0.07 2.65 0.14 2.65 0.11 0.16 0.28 0.85 0.51 0.17 0.11 0.10 0.14 0.08 2.65 0.16 2.64 0.09 0.13 0.19 0.37 0.96 0.15 0.06 0.11 0.03 2.65 0.08 2.65 0.04 0.05 0.07 0.10 0.20 0.48

I got: 0.47 0.20 0.08 2.65 0.15 2.64 0.03 0.03 0.04 0.05 0.06 0.05 0.15 0.65 0.24 2.65 0.16 2.65 0.07 0.07 0.07 0.08 0.09 0.07 0.12 0.08 0.51 0.55 2.64 0.14 2.65 0.07 0.07 0.07 0.07 0.09 0.06 0.10 0.05 0.19 0.71 2.67 0.10 2.65 0.10 0.09 0.08 0.08 0.09 0.06 0.10 0.05 0.12 0.34 0.86 0.04 2.65 0.17 0.13 0.11 0.09 0.10 0.07 0.11 0.06 0.04 0.02 0.02 0.25 2.64 0.05 0.04 0.03 0.10 0.07 0.09 0.04 0.15 0.01 0.01 0.01 0.01 0.01 0.01 0.01 0.01 0.01 0.01 0.01 0.01 0.01 0.01 0.01 0.01 0.01 0.01 0.68 0.01 0.01 0.01 0.01 0.01 0.01 0.01 0.06 0.10 0.11 0.20 0.18 2.65 0.08 0.78 0.30 0.17 0.10 0.12 0.06 0.06 0.09 0.10 0.18 0.14 2.64 0.13 2.64 0.84 0.29 0.16 0.17 0.06 0.06 0.09 0.10 0.17 0.11 2.64 0.15 2.64 0.84 0.77 0.29 0.24 0.06 0.06 0.09 0.09 0.16 0.09 2.64 0.15 2.64 0.29 0.78 0.82 0.42 0.08 0.06 0.09 0.09 0.14 0.08 2.66 0.13 2.64 0.15 0.26 0.69 1.06 0.17 0.08 0.10 0.09 0.15 0.07 2.64 0.15 2.64 0.11 0.16 0.28 0.84 0.50 0.17 0.11 0.10 0.14 0.08 2.65 0.15 2.65 0.10 0.13 0.19 0.37 0.96 0.14 0.06 0.11 0.04 2.64 0.08 2.65 0.04 0.05 0.07 0.10 0.21 0.48

I got: 0.47 0.20 0.08 2.66 0.15 2.65 0.03 0.03 0.04 0.05 0.06 0.05 0.15 0.65 0.24 2.64 0.14 2.64 0.07 0.07 0.07 0.08 0.09 0.07 0.12 0.08 0.51 0.55 2.64 0.13 2.65 0.07 0.07 0.07 0.07 0.09 0.06 0.10 0.06 0.19 0.72 2.67 0.11 2.66 0.10 0.09 0.08 0.08 0.09 0.06 0.10 0.05 0.12 0.34 0.86 0.05 2.64 0.17 0.13 0.11 0.09 0.10 0.07 0.11 0.06 0.04 0.02 0.02 0.25 2.64 0.05 0.04 0.03 0.11 0.07 0.09 0.04 0.15 0.01 0.01 0.01 0.01 0.01 0.01 0.01 0.01 0.01 0.01 0.01 0.01 0.01 0.01 0.01 0.01 0.01 0.01 0.47 0.01 0.01 0.01 0.01 0.01 0.01 0.01 0.06 0.10 0.11 0.20 0.18 2.65 0.09 0.78 0.30 0.17 0.11 0.12 0.06 0.06 0.09 0.10 0.18 0.14 2.64 0.15 2.65 0.84 0.29 0.16 0.16 0.06 0.06 0.09 0.10 0.17 0.11 2.64 0.15 2.64 0.84 0.77 0.29 0.24 0.06 0.06 0.09 0.09 0.16 0.09 2.64 0.16 2.64 0.29 0.78 0.82 0.42 0.08 0.06 0.09 0.09 0.14 0.08 2.65 0.11 2.71 0.15 0.26 0.69 1.05 0.16 0.07 0.10 0.09 0.15 0.07 2.64 0.15 2.70 0.10 0.16 0.28 0.84 0.50 0.17 0.11 0.10 0.14 0.08 2.64 0.14 2.66 0.09 0.13 0.19 0.36 0.96 0.15 0.06 0.11 0.04 2.67 0.10 2.64 0.04 0.05 0.07 0.10 0.21 0.48

I got: 0.47 0.20 0.08 2.69 0.16 2.65 0.03 0.03 0.04 0.05 0.07 0.05 0.16 0.65 0.24 2.65 0.14 2.64 0.07 0.07 0.07 0.08 0.10 0.07 0.12 0.08 0.51 0.55 2.65 0.13 2.65 0.07 0.07 0.07 0.08 0.09 0.07 0.10 0.06 0.19 0.71 2.67 0.11 2.65 0.10 0.09 0.08 0.08 0.09 0.06 0.10 0.05 0.12 0.34 0.86 0.03 2.65 0.17 0.13 0.11 0.09 0.10 0.07 0.11 0.06 0.04 0.02 0.02 0.26 2.64 0.05 0.04 0.03 0.11 0.07 0.10 0.04 0.15 0.01 0.01 0.01 0.01 0.01 0.01 0.01 0.01 0.01 0.01 0.01 0.01 0.01 0.01 0.01 0.01 0.01 0.01 0.43 0.01 0.01 0.00 0.01 0.01 0.01 0.01 0.06 0.10 0.11 0.20 0.18 2.65 0.10 0.79 0.30 0.17 0.11 0.13 0.06 0.06 0.09 0.10 0.18 0.13 2.65 0.14 2.64 0.84 0.29 0.16 0.16 0.06 0.06 0.09 0.10 0.17 0.11 2.64 0.15 2.64 0.84 0.77 0.30 0.24 0.06 0.06 0.10 0.09 0.16 0.09 2.64 0.16 2.64 0.29 0.78 0.82 0.42 0.08 0.06 0.09 0.09 0.14 0.08 2.66 0.13 2.64 0.15 0.26 0.69 1.05 0.17 0.08 0.10 0.09 0.15 0.07 2.64 0.15 2.64 0.11 0.16 0.28 0.84 0.50 0.17 0.11 0.10 0.14 0.08 2.66 0.16 2.64 0.09 0.13 0.19 0.37 0.96 0.14 0.06 0.11 0.04 2.64 0.10 2.64 0.04 0.05 0.07 0.11 0.21 0.48

