I got: 2.27 2.77 1.69 0.49 0.03 2.71 0.95 0.05 0.82 1.88 2.70 2.77 2.77 1.20 0.35 0.03 2.77 2.73 0.24 0.98 1.71 2.28 1.71 0.57 1.23 2.64 0.70 0.04 2.71 2.74 1.85 2.77 2.34 2.42 1.51 0.38 0.15 1.81 1.10 0.05 2.70 2.69 1.40 1.87 1.02 0.74 0.37 0.16 0.17 1.70 2.76 0.60 2.70 2.70 2.37 1.32 0.63 1.23 0.46 0.17 0.05 1.00 2.50 1.64 2.70 2.71 1.34 0.50 0.19 0.58 0.50 0.13 0.24 1.68 2.77 2.19 1.86 2.69 1.38 0.48 0.25 0.30 1.61 0.37 0.01 0.01 0.01 0.01 0.01 0.01 0.07 0.09 0.01 0.05 0.01 0.05 2.39 2.77 1.91 0.27 0.26 2.70 0.96 0.29 0.54 2.03 2.70 2.77 2.77 1.43 0.11 0.25 2.70 2.69 0.50 0.72 1.92 2.30 1.77 0.38 1.46 2.72 0.46 0.27 2.71 2.71 1.87 2.68 2.45 2.42 1.56 0.19 0.41 1.52 0.84 0.30 2.70 2.71 1.41 1.90 1.27 0.75 0.43 0.03 0.45 1.41 2.77 0.85 2.72 2.70 2.37 1.31 0.39 1.24 0.53 0.03 0.33 0.73 2.57 1.32 2.70 2.70 1.14 0.40 0.05 0.70 0.47 0.06 0.53 1.41 2.76 1.94 2.05 2.71 1.37 0.46 0.04 0.58 1.50 0.18 0.38 0.22 0.44 0.19 0.24 0.24 0.02 0.04 0.24 0.28 0.18 0.16

I got: 2.26 2.77 1.69 0.50 0.03 2.71 0.95 0.05 0.82 1.87 2.71 2.77 2.77 1.21 0.35 0.03 2.71 2.74 0.24 0.98 1.71 2.29 1.71 0.57 1.23 2.64 0.70 0.04 2.71 2.69 1.85 2.77 2.34 2.42 1.51 0.38 0.14 1.81 1.10 0.05 2.71 2.70 1.39 1.88 1.02 0.74 0.38 0.17 0.17 1.69 2.77 0.59 2.70 2.70 2.36 1.32 0.63 1.22 0.46 0.17 0.04 0.99 2.50 1.63 2.69 2.72 1.34 0.50 0.19 0.58 0.51 0.13 0.24 1.68 2.77 2.19 1.85 2.68 1.38 0.48 0.25 0.31 1.61 0.36 0.01 0.01 0.01 0.01 0.01 0.01 0.04 0.05 0.01 0.05 0.01 0.07 2.39 2.77 1.91 0.27 0.26 2.70 0.96 0.29 0.54 2.03 2.70 2.77 2.77 1.43 0.11 0.25 2.68 2.69 0.50 0.72 1.92 2.30 1.77 0.38 1.47 2.72 0.45 0.27 2.69 2.70 1.87 2.69 2.46 2.42 1.56 0.19 0.41 1.53 0.85 0.30 2.71 2.71 1.41 1.89 1.27 0.75 0.44 0.03 0.45 1.40 2.77 0.84 2.69 2.74 2.36 1.30 0.38 1.23 0.52 0.03 0.33 0.72 2.57 1.32 2.73 2.74 1.14 0.40 0.05 0.70 0.47 0.06 0.53 1.42 2.77 1.94 2.05 2.78 1.37 0.46 0.04 0.58 1.50 0.18 0.39 0.21 0.44 0.19 0.25 0.25 0.02 0.04 0.24 0.27 0.18 0.15

I got: 2.27 2.77 1.69 0.50 0.03 2.72 0.95 0.05 0.81 1.88 2.71 2.77 2.77 1.20 0.35 0.03 2.77 2.74 0.24 0.98 1.71 2.29 1.71 0.57 1.23 2.65 0.70 0.04 2.71 2.71 1.85 2.77 2.35 2.42 1.51 0.38 0.14 1.82 1.10 0.05 2.69 48.61 1.40 1.88 1.03 0.74 0.37 0.17 0.16 1.67 2.77 0.58 2.69 2.71 2.34 1.29 0.60 1.20 0.45 0.17 0.04 0.99 2.49 1.62 2.70 2.71 1.33 0.49 0.20 0.58 0.50 0.13 0.24 1.68 2.77 2.19 1.86 2.70 1.38 0.48 0.25 0.30 1.61 0.37 0.01 0.02 0.01 0.01 0.01 0.01 0.06 0.05 0.01 0.06 0.01 0.05 2.40 2.76 1.91 0.28 0.26 2.70 0.96 0.29 0.63 1.94 2.70 2.77 2.77 1.43 0.12 0.25 2.69 2.69 0.50 0.84 1.80 2.30 1.77 0.38 1.47 2.72 0.46 0.27 2.70 2.70 1.87 2.73 2.40 2.42 1.56 0.19 0.41 1.51 0.85 0.30 2.71 2.70 1.41 1.88 1.17 0.75 0.43 0.03 0.34 1.40 2.77 0.84 2.71 2.70 2.35 1.29 0.38 1.21 0.52 0.02 0.33 0.73 2.57 1.32 2.72 2.71 1.13 0.40 0.06 0.70 0.46 0.05 0.53 1.41 2.77 1.94 2.05 2.72 1.37 0.46 0.04 0.58 1.50 0.18 0.38 0.21 0.44 0.19 0.25 0.24 0.02 0.04 0.24 0.27 0.18 0.15

I got: 2.26 2.77 1.70 0.50 0.03 2.70 0.95 0.05 0.81 1.88 2.71 2.77 2.77 1.20 0.35 0.03 2.73 2.73 0.24 0.97 1.71 2.28 1.71 0.57 1.23 2.64 0.70 0.04 2.70 2.71 1.85 2.77 2.35 2.42 1.51 0.38 0.14 1.81 1.11 0.05 2.70 2.72 1.42 1.91 1.06 0.76 0.39 0.16 0.16 1.64 2.77 0.56 2.70 2.70 2.31 1.26 0.60 1.18 0.44 0.18 0.04 0.99 2.50 1.63 2.71 2.72 1.33 0.49 0.20 0.58 0.50 0.13 0.24 1.68 2.77 2.19 1.85 2.70 1.38 0.48 0.25 0.33 1.57 0.36 0.01 0.01 0.01 0.01 0.01 0.01 0.06 0.05 0.01 0.08 0.01 0.05 2.40 2.77 1.91 0.28 0.26 2.70 0.96 0.29 0.63 1.94 2.70 2.77 2.77 1.43 0.12 0.25 2.74 2.69 0.50 0.84 1.81 2.30 1.77 0.39 1.51 2.72 0.46 0.27 2.76 2.69 1.87 2.74 2.40 2.42 1.56 0.19 0.41 1.52 0.85 0.30 2.72 2.71 1.41 1.89 1.18 0.74 0.43 0.03 0.34 1.06 2.77 0.82 2.71 2.70 2.31 1.25 0.36 1.17 0.50 0.03 0.33 0.73 2.57 1.31 2.71 2.70 1.14 0.40 0.05 0.60 0.47 0.05 0.52 1.41 2.77 1.94 2.05 2.73 1.37 0.46 0.04 0.50 1.57 0.18 0.38 0.21 0.44 0.19 0.24 0.24 0.02 0.04 0.23 0.10 0.06 0.16

I got: 2.26 2.77 1.69 0.50 0.03 2.71 0.94 0.05 0.72 1.97 2.70 2.77 2.77 1.20 0.35 0.03 2.73 2.73 0.24 0.91 1.77 2.28 1.71 0.58 1.23 2.64 0.70 0.04 2.71 2.72 1.85 2.76 2.38 2.42 1.51 0.38 0.14 1.81 1.10 0.05 2.69 2.69 1.40 1.87 1.11 0.74 0.40 0.18 0.17 1.70 2.76 0.59 2.69 2.71 2.36 1.32 0.62 1.23 0.46 0.17 0.04 0.99 2.49 1.61 2.70 2.70 1.32 0.49 0.20 0.58 0.50 0.14 0.24 1.68 2.77 2.18 1.86 2.70 1.38 0.48 0.25 0.30 1.61 0.37 0.01 0.01 0.01 0.01 0.01 0.01 0.05 0.07 0.01 0.06 0.01 0.06 2.40 2.77 1.91 0.27 0.26 2.70 0.96 0.29 0.54 2.03 2.70 2.77 2.77 1.43 0.12 0.25 2.70 2.70 0.50 0.72 1.92 2.29 1.77 0.39 1.50 2.72 0.46 0.27 2.71 2.70 1.87 2.73 2.40 2.42 1.56 0.19 0.41 1.51 0.85 0.30 2.69 2.69 1.41 1.89 1.18 0.75 0.43 0.03 0.34 1.39 2.77 0.84 2.71 2.70 2.35 1.29 0.37 1.22 0.52 0.03 0.33 0.73 2.56 1.32 2.71 2.71 1.13 0.40 0.06 0.70 0.46 0.06 0.52 1.41 2.77 1.94 2.05 2.73 1.37 0.46 0.04 0.58 1.50 0.18 0.38 0.21 0.44 0.19 0.25 0.24 0.02 0.04 0.24 0.27 0.17 0.15

I got: 2.27 2.77 1.69 0.50 0.03 2.70 0.94 0.05 0.72 1.97 2.70 2.77 2.77 1.20 0.35 0.03 2.73 2.73 0.24 0.91 1.78 2.28 1.71 0.57 1.23 2.64 0.70 0.04 2.70 2.71 1.85 2.76 2.38 2.43 1.51 0.38 0.14 1.81 1.10 0.05 2.70 2.71 1.40 1.87 1.11 0.74 0.37 0.17 0.16 1.69 2.77 0.59 2.69 2.70 2.35 1.31 0.62 1.22 0.45 0.18 0.04 0.99 2.49 1.62 2.69 2.72 1.31 0.49 0.20 0.57 0.50 0.13 0.24 1.68 2.77 2.19 1.85 2.74 1.38 0.48 0.25 0.30 1.61 0.37 0.01 0.02 0.01 0.01 0.01 0.01 0.04 0.05 0.01 0.06 0.01 0.05 2.40 2.77 1.91 0.27 0.26 2.69 0.96 0.29 0.54 2.03 2.70 2.77 2.77 1.43 0.12 0.25 2.70 2.69 0.51 0.84 1.81 2.29 1.77 0.39 1.48 2.72 0.46 0.27 2.70 2.70 1.87 2.73 2.40 2.42 1.56 0.19 0.41 1.52 0.84 0.30 2.70 2.70 1.41 1.90 1.18 0.75 0.43 0.03 0.34 2.55 2.76 0.84 2.71 2.71 2.35 1.29 0.38 1.21 0.52 0.03 0.33 0.72 2.57 1.31 2.71 2.71 1.13 0.40 0.05 0.70 0.46 0.06 0.53 1.41 2.77 1.94 2.05 2.72 1.37 0.46 0.04 0.58 1.50 0.18 0.38 0.21 0.44 0.19 0.24 0.24 0.02 0.04 0.24 0.28 0.18 0.15

I got: 2.27 2.77 1.69 0.50 0.03 2.71 0.95 0.05 0.81 1.87 2.70 2.77 2.77 1.21 0.35 0.03 51.77 2.73 0.24 0.98 1.71 2.28 1.71 0.57 1.23 2.64 0.70 0.04 2.70 2.69 1.85 2.77 2.34 2.42 1.51 0.39 0.14 1.81 1.10 0.05 2.71 2.72 1.40 1.87 1.03 0.74 0.37 0.17 0.16 1.68 2.77 0.58 2.70 2.70 2.35 1.30 0.61 1.21 0.45 0.17 0.04 0.98 2.49 1.62 2.70 2.70 1.32 0.49 0.20 0.58 0.50 0.13 0.24 1.68 2.77 2.19 1.85 2.69 1.38 0.48 0.25 0.30 1.61 0.37 0.01 0.02 0.01 0.01 0.01 0.01 0.06 0.06 0.01 0.04 0.01 0.06 2.39 2.77 1.90 0.27 0.26 2.70 0.96 0.29 0.53 2.04 2.70 2.77 2.77 1.43 0.11 0.25 2.68 2.69 0.50 0.72 1.92 2.29 1.77 0.39 1.48 2.72 0.46 0.27 2.69 2.69 1.87 2.69 2.46 2.42 1.56 0.19 0.41 1.51 0.85 0.30 2.71 2.70 1.42 1.89 1.27 0.75 0.43 0.03 0.44 1.38 2.77 0.83 2.69 2.69 2.34 1.28 0.37 1.21 0.52 0.03 0.32 0.73 2.56 1.31 2.71 2.70 1.13 0.40 0.05 0.69 0.46 0.06 0.53 1.41 2.77 1.94 2.05 2.72 1.37 0.46 0.04 0.50 1.58 0.19 0.38 0.21 0.44 0.19 0.24 0.24 0.02 0.04 0.23 0.10 0.06 0.15

I got: 2.27 2.77 1.70 0.50 0.03 2.71 0.95 0.05 0.72 1.97 2.71 2.77 2.77 1.20 0.35 0.03 2.72 2.74 0.24 0.91 1.78 2.29 1.71 0.57 1.23 2.64 0.70 0.04 2.72 2.72 1.85 2.76 2.39 2.42 1.51 0.38 0.14 1.81 1.10 0.05 2.74 2.69 1.40 1.87 1.11 0.74 0.37 0.16 0.17 1.68 2.77 0.58 2.73 2.70 2.35 1.30 0.61 1.21 0.45 0.18 0.05 0.99 2.48 1.61 2.71 2.72 1.31 0.49 0.20 0.58 0.50 0.13 0.24 1.68 2.77 2.19 1.85 2.70 1.38 0.48 0.25 0.30 1.61 0.36 0.01 0.01 0.01 0.01 0.01 0.01 0.05 0.07 0.01 0.06 0.01 0.07 2.39 2.77 1.91 0.27 0.26 2.70 0.96 0.29 0.54 2.04 2.70 2.77 2.77 1.43 0.11 0.25 2.69 2.69 0.50 0.72 1.93 2.29 1.77 0.38 1.46 2.72 0.46 0.27 2.69 2.70 1.87 2.69 2.45 2.42 1.56 0.19 0.41 1.51 0.85 0.30 2.72 2.71 1.41 1.90 1.27 0.74 0.44 0.03 0.44 1.37 2.77 0.83 2.71 2.70 2.33 1.28 0.37 1.20 0.51 0.03 0.33 0.72 2.56 1.31 2.70 2.69 1.13 0.40 0.05 0.70 0.47 0.05 0.52 1.41 2.77 1.94 2.05 2.72 1.37 0.46 0.05 0.58 1.50 0.18 0.39 0.22 0.44 0.19 0.24 0.25 0.02 0.04 0.24 0.26 0.17 0.15

I got: 2.26 2.77 1.69 0.50 0.03 2.72 0.94 0.05 0.81 1.88 2.70 2.77 2.77 1.20 0.35 0.03 2.72 2.74 0.24 0.97 1.72 2.28 1.71 0.57 1.23 2.64 0.70 0.04 2.71 2.70 1.85 2.77 2.35 2.42 1.51 0.38 0.14 1.81 1.10 0.05 2.71 2.71 1.39 1.87 1.10 0.74 0.37 0.17 0.16 1.68 2.76 0.58 2.70 2.71 2.35 1.30 0.61 1.21 0.45 0.18 0.04 0.99 2.48 1.61 2.71 2.69 1.31 0.49 0.20 0.57 0.51 0.14 0.24 1.68 2.77 2.19 1.85 2.69 1.38 0.48 0.25 0.31 1.61 0.36 0.01 0.01 0.01 0.01 0.01 0.01 0.07 0.07 0.01 0.05 0.01 0.04 2.39 2.77 1.91 0.27 0.26 2.70 0.96 0.29 0.53 2.04 2.69 2.77 2.77 1.43 0.11 0.25 2.69 2.69 0.50 0.72 1.92 2.29 1.77 0.38 1.47 2.72 0.46 0.27 2.70 2.70 1.87 2.68 2.45 2.41 1.56 0.19 0.41 1.52 0.84 0.30 2.71 2.70 1.41 1.89 1.27 0.74 0.43 0.03 0.44 1.37 2.77 0.83 2.71 2.70 2.33 1.27 0.37 1.20 0.51 0.03 0.33 0.73 2.56 1.31 2.72 2.70 1.13 0.40 0.05 0.70 0.47 0.05 0.53 1.41 2.77 1.94 2.05 2.72 1.37 0.46 0.04 0.50 1.57 0.18 0.38 0.21 0.44 0.19 0.24 0.24 0.02 0.04 0.24 0.10 0.06 0.15

I got: 2.26 2.77 1.69 0.50 0.03 2.70 0.95 0.05 0.72 1.97 2.71 2.77 2.77 1.20 0.35 0.03 2.74 2.77 0.24 0.91 1.77 2.29 1.71 0.57 1.23 2.64 0.70 0.04 2.74 2.71 1.85 2.76 2.38 2.42 1.51 0.38 0.14 1.81 1.10 0.05 2.69 2.70 1.39 1.87 1.10 0.74 0.37 0.17 0.15 1.65 2.76 0.56 2.70 2.71 2.32 1.27 0.61 1.19 0.44 0.18 0.04 0.99 2.48 1.60 2.70 2.73 1.31 0.49 0.20 0.58 0.50 0.13 0.24 1.67 2.77 2.19 1.85 2.70 1.38 0.48 0.25 0.31 1.61 0.36 0.01 0.01 0.01 0.01 0.01 0.01 0.07 0.06 0.01 0.05 0.01 0.04 2.39 2.77 1.91 0.28 0.26 2.69 0.96 0.29 0.54 2.04 2.69 2.77 2.77 1.43 0.11 0.25 2.70 2.70 0.50 0.72 1.92 2.29 1.76 0.38 1.47 2.72 0.46 0.27 2.71 2.71 1.87 2.69 2.45 2.42 1.56 0.19 0.41 1.52 0.85 0.30 2.72 2.70 1.40 1.89 1.26 0.74 0.43 0.02 0.43 1.34 2.77 0.81 2.71 2.71 2.30 1.24 0.36 1.17 0.50 0.02 0.33 0.72 2.56 1.31 2.70 2.71 1.13 0.40 0.05 0.69 0.46 0.05 0.53 1.41 2.77 1.94 2.05 2.72 1.37 0.46 0.05 0.57 1.50 0.19 0.38 0.22 0.43 0.19 0.25 0.24 0.02 0.04 0.24 0.26 0.17 0.16

I got: 2.26 2.77 1.69 0.50 0.03 2.71 0.95 0.05 0.80 1.89 2.70 2.77 2.77 1.21 0.35 0.03 2.73 2.72 0.24 0.91 1.78 2.29 1.71 0.58 1.23 2.64 0.70 0.04 2.70 2.70 1.85 2.76 2.39 2.42 1.51 0.38 0.14 1.81 1.10 0.05 2.72 2.71 1.40 1.88 1.11 0.74 0.37 0.16 0.17 1.68 2.77 0.59 2.70 2.70 2.35 1.31 0.62 1.22 0.46 0.17 0.04 0.99 2.49 1.60 2.70 2.71 1.29 0.48 0.20 0.58 0.49 0.13 0.24 1.68 2.77 2.19 1.85 2.68 1.38 0.48 0.25 0.30 1.61 0.37 0.01 0.01 0.01 0.01 0.01 0.01 0.06 0.05 0.01 0.05 0.01 0.07 2.40 2.76 1.91 0.28 0.26 2.70 0.96 0.29 0.53 2.04 2.69 2.77 2.77 1.43 0.12 0.25 2.68 2.69 0.50 0.72 1.93 2.29 1.77 0.38 1.47 2.72 0.46 0.27 2.69 2.70 1.87 2.69 2.46 2.42 1.56 0.19 0.41 1.51 0.84 0.30 2.70 2.71 1.41 1.89 1.27 0.73 0.43 0.03 0.45 1.39 2.77 0.84 2.74 2.69 2.35 1.29 0.38 1.21 0.52 0.03 0.33 0.73 2.56 1.31 2.72 2.70 1.13 0.40 0.05 0.70 0.46 0.06 0.52 1.42 2.77 1.94 2.05 2.73 1.37 0.46 0.08 0.58 1.50 0.18 0.38 0.21 0.44 0.19 0.25 0.24 0.02 0.04 0.23 0.27 0.18 0.16

I got: 2.27 2.77 1.69 0.50 0.03 2.70 0.95 0.05 0.81 1.88 2.71 2.77 2.77 1.20 0.35 0.03 2.73 2.76 0.24 0.98 1.71 2.28 1.71 0.57 1.24 2.64 0.70 0.04 2.70 2.71 1.85 2.77 2.34 2.42 1.51 0.38 0.14 1.81 1.10 0.05 2.70 2.70 1.40 1.87 1.02 0.74 0.37 0.17 0.16 1.68 2.77 0.58 2.69 2.70 2.35 1.30 0.61 1.21 0.45 0.18 0.04 0.99 2.48 1.60 2.71 2.70 1.30 0.49 0.20 0.57 0.50 0.13 0.24 1.68 2.77 2.19 1.85 2.70 1.38 0.48 0.25 0.31 1.61 0.36 0.01 0.01 0.01 0.01 0.01 0.01 0.06 0.06 0.01 0.06 0.01 0.05 2.40 2.77 1.91 0.27 0.26 2.69 0.96 0.29 0.53 2.04 2.69 2.77 2.77 1.43 0.12 0.25 2.70 2.69 0.51 0.72 1.93 2.29 1.77 0.38 1.48 2.72 0.46 0.27 2.70 2.70 1.87 2.68 2.46 2.42 1.56 0.20 0.41 1.52 0.84 0.30 2.70 2.71 1.41 1.89 1.27 0.73 0.43 0.02 0.45 1.38 2.76 0.83 2.71 2.71 2.34 1.29 0.37 1.21 0.52 0.03 0.33 0.72 2.57 1.32 2.70 2.70 1.13 0.40 0.05 0.70 0.46 0.05 0.52 1.41 2.77 1.94 2.05 2.71 1.37 0.46 0.04 0.58 1.50 0.18 0.38 0.21 0.44 0.19 0.24 0.24 0.02 0.04 0.24 0.27 0.17 0.15

I got: 2.27 2.77 1.69 0.50 0.03 2.73 0.95 0.05 0.81 1.88 2.70 2.77 2.77 1.20 0.35 0.03 2.71 2.74 0.24 0.98 1.71 2.28 1.71 0.57 1.23 2.64 0.70 0.04 2.70 2.70 1.85 2.77 2.34 2.43 1.51 0.38 0.14 1.81 1.10 0.05 2.70 2.71 1.39 1.87 1.02 0.75 0.37 0.17 0.16 1.67 2.77 0.58 2.70 2.71 2.34 1.29 0.62 1.20 0.45 0.18 0.04 0.99 2.48 1.60 2.70 2.72 1.29 0.48 0.20 0.56 0.49 0.13 0.24 1.67 2.77 2.19 1.85 2.69 1.38 0.48 0.25 0.31 1.61 0.36 0.01 0.01 0.01 0.01 0.01 0.01 0.05 0.04 0.01 0.07 0.01 0.04 2.40 2.77 1.91 0.27 0.26 2.70 0.96 0.29 0.62 1.95 2.69 2.77 2.77 1.43 0.12 0.25 2.69 2.74 0.51 0.84 1.82 2.29 1.77 0.38 1.47 2.72 0.46 0.27 2.70 2.74 1.87 2.73 2.41 2.42 1.56 0.19 0.41 1.51 0.84 0.30 2.72 2.71 1.41 1.88 1.17 0.74 0.43 0.02 0.45 1.40 2.77 0.84 2.69 2.69 2.36 1.30 0.38 1.22 0.52 0.02 0.33 0.72 2.56 1.31 2.70 2.70 1.13 0.40 0.06 0.70 0.46 0.05 0.53 1.41 2.76 1.94 2.05 2.71 1.37 0.46 0.05 0.58 1.50 0.18 0.38 0.21 0.44 0.19 0.25 0.24 0.02 0.04 0.24 0.28 0.17 0.16

