I got: 2.04 0.99 2.30 1.34 0.12 2.70 0.90 0.03 0.70 1.33 2.24 2.77 0.95 1.23 0.69 0.03 2.73 2.73 0.23 0.91 1.33 1.57 1.30 0.52 0.69 2.31 1.21 0.06 2.69 2.69 1.79 2.77 2.28 1.80 0.85 0.27 0.07 1.16 1.65 0.07 2.70 2.71 0.85 1.78 1.33 0.86 0.33 0.15 0.07 0.70 2.28 1.14 2.69 2.73 1.20 0.67 0.36 0.93 0.29 0.11 0.02 0.51 1.04 2.77 48.61 2.73 0.97 0.31 0.15 0.37 0.41 0.11 0.22 0.93 1.36 2.76 2.77 2.69 1.09 0.29 0.18 0.12 0.89 0.32 0.01 0.02 0.01 0.01 0.01 0.01 0.05 0.07 0.01 0.07 0.01 0.06 2.27 0.75 2.29 1.20 0.39 2.69 0.91 0.27 0.42 1.51 2.23 2.77 0.68 1.16 0.55 0.30 2.69 2.69 0.50 0.66 1.56 1.58 1.35 0.33 0.95 2.27 1.04 0.32 2.71 2.70 1.82 2.77 2.40 1.78 0.90 0.08 0.34 0.85 1.47 0.33 2.72 2.71 0.88 1.81 1.56 0.83 0.38 0.04 0.34 0.44 2.40 1.60 2.71 2.69 1.20 0.66 0.15 0.92 0.34 0.09 0.28 0.22 1.25 2.76 2.72 2.70 0.89 0.26 0.10 0.55 0.40 0.08 0.50 0.65 1.57 2.77 2.76 2.70 1.08 0.27 0.09 0.39 0.76 0.14 0.39 0.22 0.30 0.38 0.14 0.25 0.02 0.04 0.24 0.26 0.19 0.12

I got: 2.04 0.99 2.31 1.34 0.12 2.71 0.90 0.03 0.70 1.33 2.24 2.77 0.95 1.24 0.69 0.03 2.72 2.73 0.23 0.91 1.33 1.57 1.30 0.52 0.69 2.31 1.21 0.06 2.70 2.70 1.79 2.77 2.28 1.80 0.85 0.27 0.08 1.17 1.65 0.07 2.70 2.71 0.86 1.79 1.33 0.86 0.33 0.15 0.07 0.71 2.33 1.36 2.70 2.73 1.19 0.67 0.36 0.93 0.28 0.10 0.02 0.51 1.04 2.77 2.70 2.71 0.97 0.31 0.15 0.36 0.41 0.11 0.22 0.93 1.36 2.77 2.77 2.71 1.09 0.29 0.18 0.12 0.89 0.32 0.01 0.01 0.01 0.03 0.01 0.01 0.04 0.05 0.01 0.05 0.01 0.05 2.27 0.75 2.29 1.19 0.40 2.70 0.91 0.27 0.42 1.51 2.23 2.77 0.68 1.16 0.55 0.30 2.69 2.69 0.50 0.66 1.56 1.58 1.35 0.33 0.95 2.27 1.04 0.32 2.70 2.69 1.82 2.77 2.41 1.78 0.90 0.08 0.34 0.85 1.47 0.34 2.71 2.71 0.89 1.81 1.56 0.83 0.38 0.04 0.34 0.44 2.40 1.59 2.70 2.69 1.20 0.66 0.15 0.91 0.34 0.09 0.28 0.23 1.25 2.77 2.71 2.70 0.89 0.26 0.10 0.54 0.40 0.08 0.50 0.65 1.57 2.76 2.77 2.70 1.08 0.27 0.09 0.39 0.75 0.13 0.39 0.22 0.30 0.38 0.14 0.25 0.02 0.04 0.24 0.26 0.19 0.11

I got: 2.05 0.99 2.30 1.34 0.12 2.72 0.90 0.03 0.70 1.33 2.24 2.77 0.95 1.23 0.69 0.03 2.73 2.72 0.23 0.91 1.33 1.57 1.30 0.51 0.69 2.31 1.21 0.06 2.71 2.71 1.79 2.77 2.28 1.80 0.85 0.27 0.07 1.16 1.65 0.07 2.70 2.70 0.86 1.79 1.33 0.86 0.33 0.16 0.07 0.71 2.32 1.35 2.71 2.73 1.18 0.66 0.36 0.92 0.28 0.11 0.02 0.51 1.04 2.77 2.70 2.73 0.97 0.30 0.14 0.36 0.41 0.10 0.22 0.93 1.36 2.76 2.77 2.70 1.09 0.29 0.18 0.13 0.89 0.31 0.01 0.01 0.01 0.02 0.01 0.01 0.05 0.05 0.01 0.07 0.01 0.05 2.28 0.75 2.29 1.20 0.39 2.70 0.91 0.27 0.43 1.51 2.23 2.77 0.68 1.16 0.55 0.30 2.70 2.70 0.50 0.66 1.56 1.58 1.35 0.33 0.95 2.27 1.04 0.32 2.71 2.71 1.82 2.77 2.40 1.78 0.91 0.07 0.34 0.85 1.47 0.33 2.70 2.72 0.89 1.81 1.56 0.83 0.38 0.04 0.34 0.43 2.38 1.57 2.71 2.70 1.18 0.65 0.15 0.90 0.33 0.09 0.28 0.22 1.24 2.76 2.71 2.70 0.89 0.26 0.10 0.54 0.40 0.07 0.50 0.65 1.57 2.77 2.77 2.71 1.08 0.27 0.09 0.39 0.76 0.14 0.39 0.23 0.30 0.38 0.15 0.25 0.02 0.04 0.24 0.25 0.19 0.12

I got: 2.04 0.99 2.31 1.34 0.12 2.70 0.90 0.03 0.69 1.34 2.24 2.77 0.95 1.24 0.69 0.03 2.72 2.71 0.23 0.91 1.34 1.57 1.30 0.52 0.69 2.32 1.21 0.06 2.70 2.70 1.79 2.77 2.28 1.80 0.85 0.27 0.08 1.16 1.65 0.07 2.75 2.70 0.86 1.79 1.42 0.86 0.33 0.15 0.06 0.69 2.27 1.28 2.75 2.74 1.12 0.63 0.35 0.88 0.26 0.11 0.02 0.51 1.04 2.76 2.70 2.73 0.96 0.30 0.15 0.37 0.41 0.11 0.22 0.93 1.36 2.77 2.76 2.71 1.09 0.29 0.18 0.21 0.80 0.31 0.01 0.01 0.01 0.03 0.01 0.01 0.05 0.05 0.01 0.07 0.01 0.06 2.27 0.75 2.28 1.20 0.39 2.70 0.91 0.27 0.51 1.43 2.23 2.77 0.68 1.15 0.55 0.30 2.69 2.70 0.50 0.77 1.45 1.58 1.35 0.33 0.95 2.27 1.04 0.32 2.71 2.69 1.82 2.77 2.36 1.78 0.90 0.08 0.34 0.85 1.48 0.33 2.71 2.71 0.89 1.81 1.48 0.84 0.38 0.04 0.29 0.38 2.38 1.56 2.70 2.70 1.18 0.65 0.14 0.89 0.33 0.08 0.28 0.22 1.24 2.77 2.70 2.70 0.89 0.26 0.10 0.53 0.40 0.07 0.50 0.65 1.57 2.76 2.76 2.70 1.08 0.27 0.09 0.30 0.85 0.13 0.39 0.23 0.30 0.38 0.15 0.25 0.02 0.04 0.24 0.10 0.04 0.12

I got: 2.04 0.99 2.30 1.34 0.12 2.71 0.90 0.03 0.61 1.42 2.24 2.77 0.95 1.23 0.69 0.03 2.73 2.74 0.23 0.85 1.39 1.56 1.30 0.51 0.68 2.31 1.21 0.06 2.71 2.71 1.79 2.77 2.33 1.80 0.85 0.26 0.08 1.17 1.65 0.07 2.70 2.69 0.86 1.81 1.42 0.87 0.33 0.16 0.02 0.71 2.33 1.35 2.71 2.72 1.18 0.66 0.36 0.93 0.28 0.11 0.02 0.52 1.03 2.77 2.69 2.72 0.96 0.30 0.15 0.35 0.41 0.11 0.22 0.93 1.36 2.76 2.77 2.70 1.09 0.29 0.18 0.12 0.89 0.31 0.01 0.01 0.01 0.01 0.01 0.00 0.06 0.05 0.01 0.04 0.01 0.04 2.27 0.75 2.29 1.20 0.39 2.71 0.91 0.27 0.42 1.52 2.23 2.77 0.68 1.16 0.55 0.30 2.70 2.70 0.50 0.66 1.56 1.57 1.35 0.33 0.95 2.27 1.04 0.32 2.70 2.70 1.82 2.77 2.40 1.78 0.90 0.08 0.34 0.86 1.47 0.33 2.73 2.71 0.89 1.81 1.57 0.83 0.38 0.04 0.34 0.43 2.39 1.57 2.70 2.69 1.17 0.58 0.14 0.87 0.32 0.09 0.28 0.23 1.24 2.77 2.72 2.69 0.89 0.26 0.10 0.43 0.40 0.07 0.50 0.65 1.57 2.76 2.76 2.71 1.08 0.27 0.09 0.30 0.84 0.13 0.39 0.22 0.30 0.38 0.15 0.25 0.02 0.05 0.24 0.10 0.05 0.12

I got: 2.04 0.99 2.30 1.34 0.12 2.70 0.90 0.03 0.60 1.42 2.24 2.77 0.95 1.24 0.70 0.03 2.72 2.78 0.23 0.85 1.40 1.56 1.30 0.52 0.68 2.31 1.21 0.06 2.72 2.70 1.79 2.77 2.33 1.80 0.85 0.27 0.08 1.16 1.65 0.07 2.71 2.71 0.86 1.79 1.41 0.86 0.33 0.15 0.07 0.70 2.31 1.34 2.70 2.73 1.18 0.66 0.35 0.92 0.28 0.11 0.02 0.52 1.03 2.77 2.69 2.71 0.96 0.30 0.15 0.36 0.41 0.11 0.22 0.93 1.36 2.76 2.77 2.70 1.09 0.29 0.18 0.13 0.89 0.32 0.01 0.01 0.01 0.01 0.01 0.01 0.05 0.06 0.01 0.05 0.01 0.05 2.27 0.75 2.29 1.20 0.39 2.69 0.91 0.27 0.42 1.51 2.23 2.77 0.68 1.16 0.55 0.30 2.69 2.70 0.50 0.67 1.56 1.57 1.35 0.33 0.95 2.27 1.04 0.32 2.72 2.71 1.82 2.77 2.41 1.78 0.90 0.08 0.34 0.85 1.47 0.34 2.70 2.71 0.89 1.81 1.57 0.83 0.38 0.04 0.33 0.43 2.38 1.57 2.71 2.69 1.18 0.65 0.14 0.87 0.33 0.08 0.28 0.23 1.24 2.76 2.73 2.69 0.89 0.26 0.10 0.54 0.40 0.08 0.50 0.66 1.57 2.77 2.77 2.71 1.08 0.27 0.09 0.39 0.76 0.14 0.39 0.22 0.30 0.37 0.14 0.25 0.02 0.04 0.24 0.25 0.18 0.12

I got: 2.04 0.99 2.30 1.34 0.12 2.71 0.90 0.04 0.69 1.33 2.24 2.77 0.95 1.23 0.69 0.03 2.73 2.73 0.23 0.91 1.33 1.56 1.30 0.51 0.69 2.31 1.21 0.06 2.69 2.70 1.79 2.77 2.33 1.80 0.85 0.27 0.07 1.16 1.65 0.07 2.69 2.71 0.86 1.80 1.42 0.86 0.33 0.15 0.02 0.70 2.30 1.33 2.71 2.74 1.17 0.65 0.36 0.92 0.28 0.11 0.01 0.51 1.03 2.77 2.70 2.72 0.96 0.30 0.15 0.35 0.41 0.11 0.22 0.93 1.36 2.77 2.77 2.71 1.09 0.29 0.18 0.13 0.88 0.32 0.01 0.01 0.01 0.02 0.01 0.01 0.05 0.05 0.01 0.06 0.01 0.07 2.27 0.75 2.29 1.20 0.39 2.69 0.92 0.27 0.43 1.52 2.22 2.77 0.68 1.15 0.55 0.30 2.69 2.68 0.50 0.67 1.56 1.57 1.35 0.33 0.95 2.27 1.05 0.32 2.71 2.70 1.82 2.77 2.40 1.78 0.90 0.08 0.34 0.85 1.48 0.33 2.70 2.70 0.89 1.81 1.56 0.83 0.38 0.03 0.33 0.42 2.37 1.55 2.75 2.69 1.16 0.62 0.14 0.89 0.33 0.09 0.28 0.22 1.24 2.76 2.72 2.71 0.89 0.26 0.10 0.43 0.40 0.07 0.49 0.65 1.57 2.76 2.77 2.70 1.08 0.27 0.09 0.30 0.84 0.14 0.39 0.23 0.29 0.38 0.14 0.25 0.02 0.04 0.24 0.10 0.04 0.12

I got: 2.04 0.99 2.31 1.34 0.12 2.71 0.90 0.04 0.60 1.42 2.24 2.77 0.95 1.23 0.69 0.03 2.74 2.76 0.23 0.85 1.40 1.57 1.30 0.52 0.69 2.32 1.21 0.06 2.70 2.71 1.79 2.77 2.32 1.80 0.85 0.27 0.07 1.16 1.65 0.07 2.70 2.70 0.87 1.83 1.45 0.89 0.35 0.15 0.02 0.70 2.30 1.32 2.70 2.74 1.16 0.65 0.35 0.92 0.28 0.11 0.02 0.51 1.03 2.76 2.69 2.71 0.96 0.30 0.15 0.36 0.41 0.11 0.22 0.93 1.36 2.77 2.77 2.70 1.09 0.29 0.18 0.13 0.88 0.32 0.01 0.01 0.01 0.02 0.01 0.01 0.05 0.05 0.01 0.05 0.01 0.08 2.27 0.75 2.29 1.20 0.39 2.69 0.91 0.27 0.43 1.51 2.23 2.77 0.68 1.15 0.55 0.30 2.70 2.70 0.50 0.67 1.56 1.57 1.35 0.32 0.95 2.27 1.04 0.32 2.70 2.71 1.82 2.77 2.40 1.78 0.91 0.07 0.34 0.86 1.47 0.34 2.71 2.71 0.89 1.81 1.56 0.83 0.38 0.03 0.33 0.42 2.36 1.55 2.71 2.69 1.16 0.64 0.14 0.88 0.32 0.07 0.28 0.22 1.24 2.77 2.72 2.69 0.88 0.26 0.10 0.54 0.40 0.07 0.50 0.65 1.57 2.76 2.76 2.71 1.08 0.27 0.09 0.39 0.75 0.13 0.39 0.23 0.30 0.38 0.15 0.25 0.02 0.04 0.24 0.27 0.19 0.12

I got: 2.04 0.99 2.31 1.34 0.12 2.70 0.90 0.04 0.70 1.33 2.24 2.77 0.95 1.23 0.69 0.03 2.72 2.72 0.23 0.91 1.33 1.57 1.30 0.51 0.69 2.31 1.21 0.06 2.69 2.69 1.79 2.77 2.28 1.80 0.85 0.27 0.07 1.17 1.65 0.07 2.69 2.71 0.86 1.79 1.32 0.86 0.33 0.16 0.07 0.72 2.33 1.36 2.70 2.74 1.19 0.67 0.36 0.93 0.29 0.10 0.02 0.51 1.03 2.77 2.70 2.72 0.95 0.30 0.15 0.35 0.41 0.10 0.22 0.93 1.36 2.77 2.77 2.71 1.09 0.29 0.18 0.12 0.89 0.31 0.01 0.01 0.01 0.01 0.01 0.01 0.06 0.05 0.01 0.05 0.04 0.04 2.27 0.75 2.29 1.19 0.39 2.70 0.92 0.27 0.42 1.52 2.23 2.77 0.68 1.15 0.55 0.30 2.69 2.73 0.50 0.66 1.57 1.57 1.35 0.32 0.95 2.27 1.04 0.33 2.71 2.74 1.82 2.77 2.41 1.78 0.90 0.07 0.34 0.86 1.47 0.34 2.69 2.70 0.89 1.81 1.57 0.83 0.38 0.04 0.34 0.44 2.40 1.59 2.70 2.70 1.19 0.66 0.15 0.91 0.34 0.08 0.28 0.22 1.24 2.77 2.73 2.69 0.88 0.26 0.10 0.54 0.40 0.07 0.50 0.65 1.57 2.77 2.76 2.70 1.09 0.27 0.10 0.39 0.76 0.13 0.39 0.23 0.30 0.38 0.15 0.25 0.02 0.04 0.24 0.10 0.05 0.12

I got: 2.04 0.99 2.30 1.34 0.12 2.71 0.90 0.03 0.60 1.42 2.24 2.77 0.95 1.23 0.69 0.03 2.72 2.72 0.23 0.85 1.40 1.57 1.30 0.52 0.69 2.31 1.21 0.06 2.70 2.70 1.79 2.77 2.32 1.80 0.85 0.27 0.07 1.16 1.65 0.07 2.71 2.70 0.86 1.78 1.41 0.86 0.33 0.15 0.07 0.71 2.30 1.33 2.71 2.73 1.16 0.65 0.35 0.92 0.28 0.11 0.02 0.51 1.03 2.77 2.70 2.72 0.96 0.30 0.14 0.36 0.41 0.11 0.22 0.93 1.36 2.77 2.76 2.71 1.09 0.29 0.18 0.21 0.81 0.32 0.01 0.02 0.01 0.01 0.01 0.01 0.06 0.06 0.01 0.05 0.05 0.05 2.27 0.75 2.29 1.20 0.39 2.70 0.91 0.27 0.51 1.43 2.23 2.77 0.68 1.16 0.55 0.30 2.69 2.69 0.50 0.77 1.46 1.57 1.35 0.33 0.95 2.27 1.04 0.32 2.70 2.69 1.82 2.77 2.36 1.78 0.90 0.08 0.34 0.85 1.47 0.34 2.70 2.71 0.89 1.81 1.48 0.83 0.38 0.04 0.34 0.43 2.39 1.57 2.70 2.70 1.18 0.65 0.14 0.85 0.33 0.08 0.28 0.23 1.24 2.77 2.71 2.70 0.88 0.26 0.10 0.54 0.40 0.08 0.50 0.66 1.57 2.76 2.76 2.70 1.08 0.27 0.09 0.39 0.76 0.13 0.39 0.22 0.30 0.38 0.15 0.25 0.02 0.04 0.24 0.25 0.18 0.12

I got: 2.04 0.99 2.30 1.34 0.12 2.71 0.90 0.04 0.68 1.34 2.24 2.77 0.95 1.23 0.69 0.03 2.72 2.74 0.23 0.85 1.39 1.56 1.30 0.51 0.69 2.31 1.21 0.06 2.71 2.71 1.79 2.77 2.32 1.80 0.85 0.27 0.07 1.16 1.65 0.07 2.71 2.70 0.85 1.78 1.42 0.86 0.33 0.15 0.03 0.70 2.28 1.30 2.70 2.73 1.15 0.65 0.36 0.91 0.28 0.11 0.02 0.51 1.03 2.77 2.69 2.72 0.95 0.30 0.15 0.36 0.41 0.11 0.22 0.93 1.36 2.77 2.77 2.70 1.09 0.29 0.18 0.21 0.80 0.31 0.01 0.01 0.01 0.02 0.01 0.01 0.05 0.07 0.01 0.08 0.06 0.05 2.27 0.75 2.28 1.20 0.39 2.69 0.91 0.27 0.51 1.43 2.22 2.77 0.68 1.15 0.55 0.30 2.68 2.70 0.50 0.78 1.45 1.57 1.35 0.33 0.94 2.26 1.04 0.32 2.71 2.71 1.82 2.77 2.36 1.78 0.91 0.07 0.34 0.85 1.48 0.34 2.71 2.70 0.89 1.81 1.48 0.83 0.38 0.04 0.32 0.41 2.35 1.53 2.71 2.69 1.16 0.64 0.14 0.89 0.33 0.09 0.28 0.22 1.24 2.77 2.73 2.70 0.88 0.26 0.10 0.53 0.40 0.07 0.50 0.64 1.57 2.77 2.77 2.71 1.08 0.27 0.09 0.38 0.76 0.14 0.38 0.23 0.30 0.38 0.14 0.25 0.02 0.04 0.24 0.24 0.18 0.12

I got: 2.04 0.99 2.31 1.34 0.12 2.70 0.90 0.04 0.69 1.34 2.24 2.77 0.95 1.23 0.69 0.03 2.72 2.72 0.23 0.90 1.34 1.57 1.30 0.51 0.69 2.32 1.21 0.06 2.70 2.70 1.79 2.77 2.28 1.80 0.85 0.27 0.07 1.17 1.65 0.07 2.69 2.71 0.85 1.79 1.41 0.86 0.33 0.16 0.07 0.71 2.29 1.32 2.71 2.71 1.16 0.65 0.35 0.91 0.28 0.11 0.02 0.51 1.03 2.77 2.70 2.73 0.96 0.30 0.15 0.36 0.41 0.10 0.22 0.93 1.36 2.77 2.76 2.71 1.09 0.29 0.18 0.13 0.88 0.31 0.01 0.01 0.01 0.01 0.01 0.01 0.05 0.04 0.01 0.05 0.01 0.05 2.26 0.75 2.29 1.20 0.39 2.70 0.91 0.27 0.43 1.51 2.23 2.77 0.68 1.16 0.55 0.30 2.69 2.69 0.50 0.67 1.56 1.57 1.35 0.32 0.94 2.27 1.04 0.32 2.71 2.70 1.82 2.77 2.40 1.78 0.91 0.08 0.34 0.85 1.47 0.33 2.70 2.69 0.89 1.81 1.56 0.83 0.38 0.03 0.32 0.42 2.32 1.53 2.71 2.69 1.15 0.64 0.14 0.86 0.29 0.09 0.28 0.23 1.24 2.76 2.71 2.70 0.88 0.26 0.10 0.53 0.40 0.08 0.50 0.65 1.57 2.77 2.76 2.70 1.08 0.27 0.09 0.39 0.76 0.13 0.39 0.22 0.30 0.38 0.15 0.25 0.02 0.04 0.24 0.24 0.17 0.12

I got: 2.04 0.99 2.30 1.34 0.12 2.72 0.90 0.03 0.68 1.35 2.25 2.77 0.95 1.23 0.69 0.03 2.72 2.74 0.23 0.85 1.39 1.57 1.30 0.51 0.69 2.32 1.21 0.06 2.70 2.71 1.79 2.77 2.33 1.80 0.85 0.27 0.07 1.17 1.65 0.07 2.71 2.74 0.85 1.78 1.42 0.85 0.33 0.16 0.05 0.69 2.26 1.28 2.69 2.71 1.13 0.63 0.35 0.89 0.27 0.11 0.02 0.51 1.03 2.77 2.70 2.73 0.95 0.30 0.15 0.36 0.41 0.10 0.22 0.93 1.36 2.77 2.77 2.71 1.09 0.29 0.19 0.21 0.81 0.31 0.01 0.01 0.01 51.77 0.01 0.01 0.05 0.05 0.01 0.07 0.02 0.04 2.27 0.75 2.29 1.19 0.39 2.70 0.91 0.27 0.51 1.43 2.23 2.77 0.68 1.16 0.55 0.30 2.69 2.69 0.50 0.78 1.46 1.57 1.35 0.33 0.95 2.27 1.04 0.32 2.71 2.69 1.82 2.77 2.36 1.78 0.90 0.08 0.34 0.84 1.47 0.33 2.70 2.71 0.89 1.81 1.47 0.83 0.38 0.04 0.34 0.43 2.38 1.56 2.70 2.69 1.18 0.65 0.14 0.90 0.33 0.09 0.28 0.22 1.24 2.77 2.71 2.70 0.88 0.26 0.10 0.54 0.40 0.07 0.50 0.65 1.57 2.77 2.76 2.70 1.08 0.27 0.09 0.39 0.76 0.14 0.39 0.23 0.30 0.38 0.14 0.25 0.02 0.04 0.24 0.25 0.19 0.12

