I got: 2.38 1.81 0.97 0.55 0.04 2.71 2.18 0.16 1.90 1.80 1.44 2.77 1.25 0.48 0.32 0.08 2.71 2.73 0.68 2.77 2.77 1.10 0.91 0.44 0.42 0.89 0.44 0.12 2.69 2.69 2.77 2.77 2.76 1.65 0.57 0.24 0.04 0.76 0.56 0.10 2.69 2.70 2.77 2.77 2.77 0.95 0.22 0.16 0.06 0.76 1.10 0.21 2.68 2.68 2.77 2.77 1.11 2.00 0.39 0.20 0.06 0.70 0.83 1.57 2.71 2.69 1.16 1.16 0.29 1.56 0.72 0.16 0.34 1.33 1.31 1.87 2.21 2.75 0.93 0.81 0.30 0.74 0.97 0.43 0.01 0.01 0.01 0.01 0.01 0.01 0.04 0.05 0.01 0.05 0.01 0.04 2.52 1.61 1.15 0.32 0.28 2.69 2.20 0.42 1.68 1.78 1.43 2.77 1.03 0.65 0.09 0.20 2.71 2.69 0.96 2.77 2.77 1.11 0.96 0.24 0.66 1.06 0.19 0.17 2.71 2.71 2.77 2.77 2.76 1.65 0.63 0.05 0.23 0.46 0.31 0.17 2.73 2.72 2.77 2.76 2.76 0.94 0.28 0.04 0.27 0.47 1.28 0.45 2.73 2.73 2.77 2.77 0.91 2.06 0.46 0.01 0.34 0.42 1.04 1.36 2.72 2.70 0.93 0.98 0.05 1.48 0.65 0.04 0.62 1.03 1.51 1.67 2.31 2.73 0.80 0.78 0.06 0.96 1.05 0.23 0.39 0.21 0.26 0.16 0.26 0.24 0.25 0.06 0.25 0.22 0.29 0.12

I got: 2.38 1.81 0.97 0.55 0.04 2.70 2.18 0.16 1.89 1.82 1.43 2.77 1.25 0.48 0.32 0.08 2.70 2.73 0.69 2.77 2.77 1.09 0.91 0.44 0.42 0.89 0.44 0.12 2.69 2.69 2.77 2.77 2.77 1.65 0.57 0.24 0.04 0.76 0.56 0.09 2.70 2.70 2.77 2.76 2.77 0.95 0.22 0.16 0.06 0.76 1.09 0.20 2.70 2.69 2.77 2.77 1.10 1.99 0.38 0.20 0.06 0.71 0.91 1.72 2.70 2.71 1.23 1.21 0.29 1.59 0.72 0.16 0.34 1.33 1.31 1.86 2.21 2.69 0.93 0.81 0.30 0.75 0.96 0.43 0.01 0.01 0.01 0.01 0.01 0.01 0.07 0.07 0.01 0.06 0.01 0.06 2.52 1.61 1.16 0.32 0.28 2.69 2.20 0.42 1.69 1.76 1.44 2.77 1.04 0.65 0.09 0.20 2.70 2.70 0.96 2.77 2.77 1.12 0.96 0.24 0.66 1.06 0.19 0.17 2.72 2.73 2.77 2.77 2.77 1.66 0.63 0.05 0.23 0.46 0.31 0.17 2.71 2.70 2.77 2.77 2.76 0.95 0.28 0.04 0.23 0.40 1.10 0.39 2.75 2.74 2.77 2.77 1.02 2.28 0.53 0.01 0.35 0.42 1.05 1.37 2.70 2.71 0.93 0.99 0.05 1.52 0.65 0.04 0.62 1.03 1.51 1.66 2.31 2.72 0.80 0.78 0.06 0.98 1.03 0.23 0.39 0.22 0.26 0.16 0.25 0.24 0.25 0.06 0.25 0.30 0.22 0.12

I got: 2.38 1.81 0.97 0.55 0.04 2.70 2.18 0.16 1.94 1.76 1.43 2.77 1.26 0.48 0.32 0.08 2.70 2.70 0.69 2.77 2.77 1.09 0.91 0.44 0.41 0.90 0.44 0.12 2.69 2.69 2.77 2.76 2.76 1.65 0.57 0.25 0.04 0.76 0.56 0.09 2.73 2.70 2.77 2.77 2.77 0.94 0.22 0.16 0.07 0.83 1.30 0.27 2.74 2.70 2.77 2.77 1.25 2.27 0.46 0.19 0.06 0.71 0.92 1.72 2.75 2.73 1.23 1.21 0.29 1.56 0.72 0.16 0.34 1.32 1.31 1.87 2.21 2.70 0.93 0.81 0.30 0.69 1.00 0.43 0.01 0.01 0.01 0.01 0.01 0.01 0.07 0.07 0.01 0.07 0.01 0.05 2.52 1.61 1.16 0.32 0.28 2.71 2.21 0.42 1.65 1.80 1.44 2.77 1.04 0.65 0.09 0.21 2.71 2.69 0.97 2.77 2.77 1.12 0.96 0.24 0.66 1.06 0.19 0.17 2.70 2.70 2.76 2.76 2.77 1.66 0.63 0.05 0.23 0.46 0.31 0.17 2.73 2.73 2.77 2.77 2.77 0.95 0.28 0.05 0.30 0.54 1.44 0.51 2.73 2.71 2.77 2.77 1.03 2.28 0.53 0.01 0.35 0.42 1.05 1.37 2.71 2.70 0.93 0.99 0.04 1.52 0.65 0.04 0.62 1.03 1.52 1.66 2.31 2.71 0.80 0.78 0.06 0.98 1.03 0.24 0.39 0.22 0.26 0.16 0.25 0.24 0.25 0.06 0.26 0.30 0.23 0.12

I got: 2.38 1.81 0.97 0.55 0.04 2.70 2.18 0.16 1.93 1.76 1.43 2.77 1.26 0.48 0.32 0.08 2.70 2.72 0.68 2.77 2.77 1.09 0.91 0.44 0.42 0.89 0.44 0.12 2.68 2.69 2.77 2.77 2.77 1.65 0.57 0.24 0.04 0.76 0.56 0.10 2.70 2.70 2.77 2.77 2.77 0.95 0.22 0.16 0.07 0.81 1.23 0.15 2.69 2.68 2.77 2.77 1.02 2.29 0.47 0.20 0.06 0.71 0.92 1.72 2.72 2.71 1.23 1.21 0.29 1.56 0.72 0.16 0.34 1.32 1.31 1.87 2.21 2.69 0.93 0.81 0.30 0.69 1.00 0.43 0.01 0.01 0.01 0.01 0.01 0.01 0.05 0.05 0.01 0.06 0.01 0.05 2.52 1.61 1.16 0.32 0.28 2.69 2.20 0.42 1.64 1.80 1.44 2.77 1.04 0.65 0.09 0.20 2.69 2.70 0.97 2.77 2.77 1.12 0.96 0.24 0.67 1.05 0.20 0.17 2.72 2.73 2.76 2.76 2.77 1.66 0.63 0.05 0.23 0.46 0.31 0.17 2.73 2.71 2.76 2.77 2.76 0.94 0.28 0.05 0.31 0.55 1.48 0.52 2.72 2.72 2.77 2.77 1.05 2.31 0.54 0.02 0.35 0.42 1.05 1.37 2.69 2.70 0.93 0.99 0.05 1.53 0.65 0.04 0.62 1.03 1.51 1.66 2.31 2.71 0.80 0.78 0.06 0.99 1.04 0.23 0.39 0.22 0.26 0.16 0.25 0.24 0.25 0.06 0.26 0.32 0.21 0.12

I got: 2.38 1.81 0.97 0.55 0.04 2.71 2.18 0.15 1.94 1.76 1.43 2.77 1.26 0.48 0.33 0.07 2.71 2.74 0.69 2.77 2.77 1.09 0.91 0.44 0.41 0.89 0.44 0.12 2.71 2.70 2.77 2.77 2.77 1.65 0.57 0.25 0.04 0.76 0.56 0.10 2.69 2.69 2.77 2.77 2.76 0.93 0.22 0.17 0.07 0.83 1.30 0.28 2.70 2.70 2.76 2.76 1.24 2.27 0.46 0.20 0.06 0.71 0.91 1.72 2.74 2.73 1.22 1.21 0.30 1.62 0.72 0.15 0.34 1.32 1.31 1.87 2.21 2.69 0.93 0.81 0.30 0.82 0.88 0.43 0.01 0.02 0.01 0.01 0.01 0.01 0.05 0.05 0.00 0.06 0.01 0.04 2.52 1.61 1.15 0.32 0.28 2.70 2.20 0.42 1.75 1.70 1.44 2.77 1.04 0.65 0.09 0.21 2.70 2.70 0.97 2.77 2.77 1.12 0.96 0.24 0.67 1.06 0.19 0.17 2.73 2.73 2.76 2.77 2.77 1.66 0.63 0.04 0.23 0.45 0.30 0.17 2.72 2.73 2.77 2.77 2.76 0.94 0.28 0.04 0.31 0.54 1.46 0.51 2.72 2.72 2.77 2.77 1.03 2.29 0.53 0.02 0.35 0.42 1.05 1.37 2.70 2.69 0.93 0.99 0.05 1.53 0.65 0.04 0.62 1.04 1.51 1.66 2.31 2.71 0.80 0.78 0.06 0.90 1.12 0.23 0.39 0.22 0.26 0.16 0.25 0.24 0.25 0.06 0.26 0.10 0.33 0.12

I got: 2.38 1.81 0.97 0.55 0.04 2.71 2.18 0.16 1.82 1.89 1.44 2.77 1.26 0.48 0.33 0.08 2.71 2.70 0.68 2.77 2.77 1.09 0.91 0.44 0.41 0.89 0.44 0.12 2.70 2.70 2.76 2.76 2.77 1.65 0.57 0.24 0.04 0.75 0.55 0.10 2.70 2.69 2.76 2.77 2.77 0.93 0.21 0.16 0.05 0.83 1.31 0.28 2.68 2.69 2.77 2.77 1.26 2.28 0.47 0.19 0.06 0.71 0.91 1.72 2.71 2.71 1.23 1.21 0.30 1.55 0.72 0.16 0.34 1.33 1.31 1.87 2.21 2.70 0.93 0.81 0.31 0.68 1.00 0.44 0.01 0.02 0.01 0.01 0.01 0.01 0.06 0.07 0.01 0.05 0.01 0.06 2.52 1.61 1.15 0.32 0.28 2.70 2.20 0.43 1.64 1.80 1.44 2.77 1.04 0.66 0.09 0.20 2.71 2.70 0.97 2.77 2.77 1.12 0.96 0.24 0.67 1.06 0.20 0.17 2.72 2.70 2.77 2.77 2.77 1.66 0.63 0.05 0.23 0.45 0.30 0.17 2.71 2.71 2.77 2.77 2.77 0.93 0.27 0.05 0.31 0.54 1.45 0.51 2.78 2.73 2.77 2.77 1.03 2.29 0.53 0.02 0.35 0.43 1.05 1.37 2.72 2.70 0.93 0.99 0.05 1.53 0.65 0.04 0.62 1.04 1.51 1.66 2.31 2.72 0.80 0.78 0.06 0.99 1.04 0.24 0.39 0.22 0.26 0.16 0.25 0.24 0.25 0.06 0.27 0.32 0.22 0.12

I got: 2.38 1.81 0.97 0.55 0.04 2.69 2.18 0.16 1.94 1.77 1.43 2.77 1.25 0.48 0.32 0.08 2.69 2.74 0.68 2.77 2.77 1.09 0.91 0.44 0.42 0.90 0.44 0.12 2.69 2.69 2.78 2.76 2.77 1.65 0.57 0.25 0.04 0.75 0.55 0.10 2.70 2.70 2.77 2.77 2.76 0.93 0.21 0.16 0.07 0.83 1.29 0.27 2.70 2.69 2.76 2.77 1.25 2.26 0.46 0.20 0.06 0.71 0.90 1.71 2.70 2.73 1.22 1.21 0.30 1.55 0.72 0.16 0.34 1.32 1.31 1.86 2.21 2.69 0.93 0.81 0.31 0.68 1.00 0.44 0.01 0.01 0.01 0.01 0.01 0.01 0.05 0.05 0.01 0.07 0.01 0.06 2.52 1.61 1.16 0.32 0.28 2.70 2.20 0.43 1.75 1.70 1.44 2.77 1.04 0.65 0.09 0.21 2.71 2.70 0.98 2.77 2.77 1.12 0.96 0.24 0.67 1.06 0.19 0.17 2.73 2.73 2.77 2.76 2.77 1.65 0.63 0.04 0.23 0.45 0.30 0.17 2.72 2.72 2.77 2.77 2.76 0.93 0.27 0.04 0.31 0.55 1.46 0.51 2.73 2.73 2.77 2.77 1.03 2.29 0.53 0.01 0.35 0.42 1.05 1.37 2.70 2.70 0.93 0.98 0.05 1.53 0.64 0.04 0.62 1.03 1.51 1.66 2.31 2.72 0.80 0.78 0.06 0.99 1.03 0.24 0.39 0.22 0.26 0.16 0.25 0.24 0.25 0.06 0.28 0.33 0.23 0.12

I got: 2.38 1.81 0.97 0.55 0.04 2.71 2.18 0.15 1.94 1.76 1.43 2.77 1.25 0.48 0.33 0.08 2.71 2.71 0.68 2.77 2.77 1.09 0.91 0.45 0.42 0.89 0.44 0.12 2.69 2.70 2.76 2.77 2.77 1.65 0.57 0.24 0.04 0.75 0.55 0.10 2.69 2.69 2.77 2.77 2.77 0.92 0.21 0.16 0.07 0.82 1.27 0.26 2.68 2.69 2.77 2.77 1.25 2.26 0.45 0.20 0.06 0.71 0.90 1.71 2.70 2.69 1.22 1.21 0.31 1.56 0.72 0.16 0.34 1.32 1.31 1.87 2.21 2.70 0.93 0.81 0.32 0.68 1.00 0.43 0.01 0.01 0.01 0.01 0.01 0.01 0.05 0.05 0.01 0.09 0.01 0.05 2.52 1.61 1.16 0.32 0.28 2.71 2.21 0.45 1.65 1.79 1.44 2.77 1.04 0.66 0.09 0.20 2.69 2.74 0.99 2.77 2.77 1.12 0.96 0.24 0.67 1.06 0.19 0.17 2.70 2.75 2.76 2.77 2.76 1.65 0.63 0.05 0.23 0.44 0.30 0.17 2.71 2.73 2.77 2.77 2.76 0.92 0.27 0.04 0.31 0.54 1.46 0.51 2.76 2.71 2.77 2.77 1.03 2.29 0.53 0.02 0.35 0.42 1.05 1.37 2.72 2.70 0.93 0.98 0.06 1.53 0.64 0.04 0.62 1.04 1.51 1.66 2.31 2.72 0.80 0.78 0.07 0.99 1.03 0.24 0.39 0.22 0.26 0.16 0.26 0.24 0.25 0.06 0.29 0.35 0.22 0.12

I got: 2.39 1.81 0.97 0.55 0.04 2.69 2.18 0.15 1.94 1.76 1.43 2.77 1.25 0.48 0.33 0.08 2.70 2.72 0.68 2.77 2.77 1.10 0.91 0.44 0.41 0.89 0.44 0.12 2.69 2.69 2.78 2.77 2.76 1.65 0.57 0.24 0.05 0.74 0.54 0.10 2.70 2.70 2.77 2.76 2.77 0.91 0.21 0.16 0.07 0.81 1.25 0.26 2.70 2.69 2.76 2.76 1.23 2.24 0.44 0.19 0.06 0.71 0.90 1.70 2.71 2.71 1.22 1.21 0.29 1.55 0.72 0.16 0.34 1.33 1.31 1.87 2.21 2.69 0.93 0.81 0.33 0.68 1.00 0.43 0.01 0.01 0.01 0.01 0.01 0.01 0.06 0.06 0.01 0.04 0.01 0.06 2.52 1.61 1.16 0.32 0.28 2.70 2.20 0.44 1.64 1.79 1.44 2.77 1.04 0.66 0.09 0.20 2.70 2.70 0.99 2.77 2.77 1.11 0.96 0.24 0.67 1.06 0.19 0.17 2.71 2.73 2.77 2.77 2.77 1.66 0.63 0.04 0.22 0.44 0.29 0.16 2.74 2.71 2.77 2.77 2.77 0.91 0.27 0.04 0.31 0.54 1.44 0.51 2.73 2.72 2.77 2.77 1.02 2.28 0.52 0.01 0.35 0.43 1.05 1.36 2.71 2.71 0.93 0.98 0.07 1.53 0.64 0.04 0.62 1.03 1.51 1.66 2.31 2.71 0.80 0.78 0.08 0.99 1.03 0.23 0.39 0.22 0.26 0.16 0.25 0.24 0.25 0.06 0.30 0.14 0.33 0.11

I got: 2.38 1.81 0.97 0.55 0.04 2.70 2.18 0.16 1.84 1.88 1.44 2.77 1.26 0.47 0.33 0.08 2.70 2.70 0.68 2.77 2.77 1.09 0.91 0.44 0.42 0.89 0.44 0.12 2.69 2.70 2.76 2.77 2.76 1.65 0.57 0.24 0.05 0.74 0.54 0.11 2.70 2.69 2.77 2.77 2.77 0.89 0.20 0.17 0.07 0.83 1.28 0.27 2.69 2.69 2.76 2.76 1.24 2.26 0.46 0.20 0.06 0.71 0.90 1.70 2.71 2.73 1.22 1.21 0.32 1.55 0.73 0.16 0.34 1.32 1.32 1.86 2.21 2.69 0.93 0.81 0.33 0.67 1.00 0.43 0.01 0.01 0.01 0.01 0.01 0.01 0.06 0.05 0.01 0.04 0.01 0.07 2.52 1.61 1.16 0.32 0.28 2.71 2.20 0.45 1.73 1.70 1.44 2.77 1.04 0.66 0.09 0.20 2.70 2.70 1.00 2.77 2.77 1.12 0.96 0.24 0.67 1.06 0.19 0.17 2.70 2.72 2.77 2.76 2.77 1.66 0.63 0.04 0.21 0.42 0.28 0.16 2.71 2.73 2.76 2.76 2.77 0.87 0.26 0.05 0.30 0.54 1.43 0.50 2.74 2.72 2.76 2.77 1.00 2.27 0.52 0.01 0.35 0.42 1.04 1.36 2.72 2.70 0.92 0.98 0.09 1.55 0.64 0.04 0.62 1.04 1.51 1.66 2.31 2.72 0.79 0.78 0.10 1.00 1.03 0.24 0.39 0.22 0.26 0.16 0.25 0.24 0.25 0.06 0.34 0.38 0.24 0.12

I got: 2.38 1.81 0.97 0.55 0.04 2.70 2.18 0.17 1.86 1.88 1.43 2.77 1.26 0.48 0.32 0.08 2.70 2.73 0.67 2.77 2.77 1.09 0.91 0.44 0.42 0.89 0.44 0.12 2.69 2.69 2.76 2.77 2.77 1.65 0.57 0.24 0.08 0.67 0.50 0.13 2.69 2.70 2.77 2.77 2.76 0.78 0.17 0.16 0.05 0.71 0.95 0.15 2.68 2.69 2.77 2.77 1.15 1.79 0.34 0.20 0.06 0.71 0.89 1.70 2.72 2.72 1.22 1.21 0.40 1.59 0.72 0.16 0.34 1.32 1.31 1.87 2.21 2.69 0.93 0.81 0.52 0.74 0.88 0.43 0.01 0.01 0.01 0.01 0.01 0.01 0.05 0.06 0.01 0.01 0.01 0.07 2.52 1.61 1.16 0.32 0.28 2.70 2.20 0.57 1.70 1.70 1.44 2.77 1.04 0.66 0.09 0.21 2.70 2.70 1.13 2.77 2.77 1.12 0.96 0.24 0.67 1.06 0.19 0.17 2.73 2.73 2.77 2.76 2.76 1.65 0.63 0.04 0.20 0.39 0.26 0.15 2.74 2.73 2.77 2.77 2.77 0.80 0.24 0.04 0.23 0.42 1.10 1.24 2.73 2.74 2.77 2.77 1.01 2.29 0.53 0.01 0.35 0.42 1.04 1.36 2.70 2.71 0.92 0.98 0.15 1.59 0.64 0.04 0.62 1.03 1.51 1.66 2.31 2.71 0.80 0.78 0.15 1.03 1.03 0.24 0.39 0.23 0.26 0.16 0.26 0.24 0.25 0.06 0.45 0.50 0.22 0.12

I got: 2.38 1.81 0.97 0.55 0.04 2.70 2.18 0.18 1.99 1.76 1.44 2.77 1.26 0.48 0.32 0.07 2.69 2.70 0.66 2.77 2.77 1.10 0.91 0.44 0.41 0.90 0.44 0.12 2.69 2.70 2.76 2.77 2.77 1.65 0.57 0.25 0.08 0.68 0.50 0.13 2.70 2.74 2.77 2.77 2.76 0.77 0.17 0.17 0.07 0.84 1.31 0.28 2.70 2.74 2.76 2.77 1.30 2.28 0.47 0.19 0.06 0.71 0.89 1.69 2.71 2.76 1.22 1.20 0.37 1.53 0.72 0.16 0.34 1.32 1.31 1.87 2.21 2.69 0.93 0.81 0.45 0.64 1.01 0.43 0.01 0.01 0.01 0.01 0.01 0.01 0.05 0.05 0.01 0.06 0.01 0.04 2.52 1.61 1.16 0.32 0.28 2.70 2.20 0.54 1.71 1.70 1.44 2.77 1.04 0.66 0.09 0.20 2.70 2.70 1.10 2.77 2.77 1.11 0.96 0.24 0.67 1.06 0.20 0.17 2.74 2.73 2.77 2.77 2.76 1.65 0.63 0.05 0.18 0.35 0.23 0.13 2.75 2.74 2.77 2.77 2.77 0.72 0.22 0.03 0.31 0.54 1.47 0.51 2.72 2.73 2.77 2.77 1.00 2.29 0.53 0.02 0.35 0.42 1.04 1.36 2.70 2.69 0.92 0.98 0.28 1.66 0.64 0.04 0.62 1.04 1.51 1.66 2.31 2.72 0.80 0.78 0.22 1.11 1.03 0.24 0.39 0.22 0.26 0.16 0.25 0.24 0.25 0.06 1.37 1.45 0.22 0.12

