I got: 1.42 0.99 0.60 0.51 0.08 2.68 1.51 0.14 0.84 1.59 1.83 2.59 0.94 0.27 0.25 0.06 2.72 2.73 0.30 1.17 2.04 1.93 1.44 0.45 0.72 0.74 0.39 0.10 2.70 2.70 2.20 2.77 2.70 2.26 1.10 0.18 0.07 1.07 0.48 0.11 2.69 2.70 1.28 1.56 1.80 1.18 0.52 0.07 0.12 1.18 2.12 0.17 2.68 2.69 1.89 0.55 0.44 1.74 0.68 0.09 0.11 0.90 1.45 2.29 2.70 2.71 1.49 0.21 0.15 0.34 0.81 0.10 0.39 1.55 2.05 2.52 2.40 2.69 1.51 0.20 0.22 0.13 0.53 0.31 0.08 0.02 0.01 0.01 0.01 0.01 0.04 0.07 0.01 0.01 0.01 0.04 1.67 0.81 0.75 0.30 0.23 2.72 1.53 0.31 0.75 1.58 1.84 2.51 0.71 0.42 0.06 0.21 2.70 2.69 0.61 1.13 2.13 2.06 1.35 0.47 0.96 0.88 0.13 0.18 2.71 2.70 2.26 2.77 2.70 2.27 0.95 0.18 0.31 0.79 0.22 0.15 2.73 2.71 1.32 1.51 1.76 1.09 0.35 0.08 0.50 1.19 2.61 0.56 2.71 2.69 2.43 0.72 0.27 2.26 0.70 0.13 0.37 0.63 1.61 2.08 2.70 2.70 1.38 0.18 0.15 0.50 0.55 0.09 0.67 1.27 2.23 2.43 2.50 2.73 1.59 0.19 0.13 0.31 0.54 0.32 0.40 0.22 0.27 0.14 0.27 0.25 0.22 0.03 0.31 0.35 0.18 0.13

I got: 1.41 0.99 0.61 0.52 0.08 2.69 1.51 0.15 0.97 1.46 1.83 2.60 1.01 0.29 0.27 0.07 2.71 2.76 0.30 1.25 1.96 1.93 1.44 0.45 0.72 0.74 0.39 0.10 2.69 2.71 2.20 2.77 2.65 2.26 1.10 0.18 0.06 1.07 0.48 0.11 2.73 2.71 1.28 1.54 1.71 1.15 0.52 0.07 0.24 1.46 2.54 0.31 2.69 2.70 2.39 0.72 0.48 2.25 0.85 0.12 0.10 0.90 1.44 2.29 2.69 2.71 1.49 0.21 0.16 0.29 0.81 0.11 0.39 1.55 2.06 2.52 2.40 2.70 1.51 0.20 0.23 0.12 0.63 0.30 0.05 0.01 0.01 0.01 0.01 0.01 0.01 0.05 0.01 0.01 0.01 0.06 1.68 0.81 0.75 0.30 0.23 2.74 1.53 0.31 0.68 1.63 1.84 2.51 0.71 0.42 0.06 0.21 2.69 2.69 0.60 0.96 2.17 1.98 1.30 0.45 0.97 0.88 0.13 0.18 2.71 2.71 2.26 2.77 2.75 2.26 0.95 0.19 0.33 0.77 0.22 0.15 2.72 2.72 1.32 1.50 1.82 1.08 0.35 0.08 0.53 1.17 2.61 0.56 2.72 2.70 2.43 0.72 0.27 2.27 0.70 0.13 0.40 0.62 1.63 2.09 2.70 2.70 1.39 0.18 0.16 0.51 0.56 0.10 0.68 1.27 2.23 2.43 2.50 2.71 1.59 0.19 0.13 0.32 0.57 0.32 0.40 0.22 0.27 0.14 0.27 0.24 0.22 0.03 0.32 0.37 0.18 0.12

I got: 1.41 0.99 0.60 0.51 0.08 2.69 1.51 0.15 0.96 1.48 1.84 2.59 0.94 0.27 0.25 0.06 2.72 2.74 0.30 1.25 1.96 1.93 1.44 0.45 0.72 0.74 0.39 0.10 2.70 2.70 2.20 2.77 2.65 2.27 1.10 0.18 0.07 1.08 0.48 0.11 2.69 2.70 1.27 1.55 1.71 1.12 0.51 0.07 0.25 1.46 2.54 0.31 2.70 2.72 2.38 0.72 0.49 2.25 0.85 0.12 0.11 0.91 1.45 2.29 2.69 2.72 1.48 0.21 0.15 0.28 0.80 0.10 0.38 1.55 2.05 2.52 2.40 2.69 1.51 0.20 0.22 0.11 0.63 0.31 0.05 0.02 0.01 0.01 0.01 0.01 0.05 0.05 0.01 0.01 0.01 0.05 1.67 0.81 0.75 0.30 0.23 2.72 1.53 0.31 0.69 1.64 1.84 2.51 0.72 0.43 0.06 0.21 2.70 2.69 0.61 0.96 2.18 1.98 1.30 0.46 0.97 0.88 0.14 0.18 2.69 2.69 2.26 2.77 2.75 2.26 0.95 0.18 0.33 0.77 0.23 0.15 2.71 2.71 1.32 1.51 1.82 1.08 0.35 0.08 0.53 1.16 2.61 0.56 2.79 2.69 2.43 0.72 0.27 2.27 0.70 0.13 0.40 0.63 1.61 2.08 2.71 2.69 1.39 0.18 0.17 0.51 0.56 0.10 0.67 1.27 2.23 2.43 2.50 2.70 1.59 0.19 0.13 0.31 0.55 0.32 0.40 0.22 0.27 0.14 0.27 0.24 0.22 0.03 0.32 0.36 0.18 0.13

I got: 1.41 0.99 0.61 0.51 0.08 2.70 1.51 0.15 0.97 1.46 1.84 2.60 0.94 0.27 0.25 0.06 2.72 2.76 0.30 1.25 1.96 1.92 1.44 0.45 0.72 0.74 0.39 0.10 2.70 2.70 2.20 2.77 2.65 2.26 1.10 0.18 0.06 1.07 0.48 0.11 2.69 2.70 1.26 1.52 1.69 1.13 0.51 0.07 0.25 1.46 2.54 0.31 2.69 2.71 2.38 0.72 0.49 2.25 0.85 0.12 0.11 0.91 1.44 2.29 2.70 2.69 1.48 0.21 0.15 0.28 0.80 0.10 0.39 1.55 2.05 2.52 2.40 2.70 1.51 0.20 0.23 0.12 0.63 0.30 0.06 0.01 0.01 0.01 0.01 0.01 0.05 0.05 0.01 0.01 0.01 0.05 1.67 0.81 0.75 0.30 0.23 2.71 1.53 0.32 0.68 1.64 1.84 2.51 0.71 0.42 0.06 0.21 2.70 2.68 0.62 0.95 2.17 1.98 1.30 0.46 0.97 0.88 0.13 0.18 2.70 2.69 2.26 2.77 2.75 2.26 0.95 0.18 0.33 0.77 0.22 0.15 2.71 2.70 1.32 1.49 1.80 1.07 0.35 0.08 0.52 1.17 2.60 0.56 2.72 2.70 2.43 0.72 0.28 2.26 0.70 0.13 0.40 0.62 1.62 2.08 2.72 2.70 1.39 0.18 0.17 0.52 0.55 0.10 0.67 1.27 2.23 2.43 2.50 2.72 1.59 0.19 0.14 0.32 0.54 0.32 0.41 0.23 0.27 0.14 0.27 0.24 0.22 0.03 0.34 0.38 0.17 0.12

I got: 1.41 0.99 0.60 0.51 0.08 2.69 1.51 0.16 0.97 1.47 1.83 2.59 0.94 0.27 0.25 0.06 2.70 2.72 0.30 1.25 1.95 1.93 1.44 0.45 0.72 0.73 0.39 0.10 2.70 2.70 2.20 2.77 2.65 2.26 1.10 0.18 0.06 1.05 0.48 0.12 2.70 2.69 1.26 1.54 1.69 1.13 0.52 0.07 0.25 1.46 2.54 0.31 2.69 2.71 2.38 0.72 0.48 2.25 0.84 0.12 0.11 0.91 1.45 2.29 2.71 2.73 1.48 0.21 0.15 0.29 0.81 0.11 0.39 1.55 2.05 2.52 2.40 2.69 1.51 0.20 0.24 0.13 0.63 0.30 0.01 0.01 0.01 0.01 0.01 0.01 0.04 0.04 0.01 0.01 0.01 0.06 1.68 0.81 0.75 0.29 0.23 2.73 1.53 0.32 0.68 1.64 1.84 2.51 0.71 0.42 0.06 0.21 2.70 2.69 0.62 0.95 2.18 1.98 1.30 0.46 0.98 0.88 0.14 0.18 2.72 2.76 2.26 2.77 2.75 2.27 0.94 0.19 0.33 0.75 0.22 0.15 2.74 2.70 1.29 1.47 1.79 1.06 0.34 0.08 0.52 1.16 2.60 0.56 2.74 2.70 2.43 0.72 0.27 2.26 0.70 0.13 0.40 0.63 1.62 2.08 2.70 2.69 1.39 0.18 0.17 0.52 0.56 0.10 0.67 1.26 2.23 2.43 2.50 2.72 1.59 0.19 0.15 0.32 0.55 0.32 0.40 0.22 0.28 0.14 0.27 0.24 0.22 0.03 0.34 0.38 0.18 0.12

I got: 1.41 0.99 0.60 0.51 0.08 2.70 1.51 0.16 0.97 1.47 1.84 2.60 0.94 0.27 0.25 0.06 2.73 2.72 0.30 1.25 1.97 1.93 1.44 0.45 0.72 0.73 0.39 0.10 2.70 2.70 2.20 2.77 2.65 2.27 1.10 0.17 0.06 1.05 0.48 0.12 2.69 2.70 1.22 1.50 1.64 1.09 0.50 0.07 0.24 1.46 2.54 0.31 2.70 2.69 2.39 0.72 0.49 2.25 0.84 0.13 0.11 0.91 1.45 2.28 2.69 2.71 1.48 0.21 0.16 0.28 0.80 0.10 0.38 1.55 2.05 2.52 2.40 2.70 1.51 0.20 0.24 0.13 0.63 0.30 0.01 0.01 0.01 0.01 0.01 0.01 0.06 0.05 0.01 0.01 0.01 0.04 1.67 0.81 0.76 0.30 0.23 2.73 1.53 0.32 0.68 1.64 1.84 2.51 0.71 0.42 0.06 0.21 2.70 2.69 0.62 0.95 2.17 1.98 1.30 0.46 0.98 0.88 0.13 0.18 2.71 2.70 2.26 2.77 2.75 2.26 0.95 0.18 0.32 0.75 0.22 0.15 2.71 2.71 1.30 1.47 1.78 1.06 0.35 0.08 0.52 1.16 2.60 0.56 2.71 2.70 2.43 0.72 0.27 2.26 0.70 0.13 0.40 0.62 1.62 2.09 2.70 2.70 1.39 0.18 0.18 0.53 0.55 0.10 0.67 1.27 2.23 2.43 2.50 2.70 1.59 0.19 0.15 0.32 0.55 0.32 0.40 0.22 0.27 0.14 0.27 0.24 0.22 0.03 0.34 0.38 0.17 0.12

I got: 1.41 0.99 0.60 0.51 0.08 2.69 1.51 0.16 0.97 1.48 1.83 2.60 0.94 0.27 0.25 0.06 2.72 2.74 0.30 1.25 1.97 1.93 1.44 0.45 0.72 0.74 0.39 0.10 2.70 2.70 2.20 2.77 2.65 2.26 1.10 0.18 0.06 1.05 0.47 0.12 2.69 2.70 1.25 1.53 1.68 1.13 0.51 0.07 0.25 1.46 2.54 0.31 2.69 2.72 2.38 0.72 0.48 2.25 0.85 0.11 0.11 0.90 1.43 2.28 2.71 2.73 1.48 0.21 0.16 0.29 0.81 0.10 0.39 1.55 2.05 2.52 2.40 2.69 1.51 0.20 0.24 0.13 0.63 0.30 0.01 0.01 0.01 0.01 0.01 0.01 0.05 0.05 0.01 0.01 0.01 0.05 1.68 0.81 0.76 0.30 0.23 2.73 1.53 0.32 0.68 1.63 1.83 2.51 0.71 0.42 0.06 0.21 2.70 2.70 0.62 0.94 2.18 1.98 1.30 0.46 0.97 0.88 0.13 0.18 2.72 2.70 2.26 2.77 2.75 2.26 0.95 0.19 0.32 0.75 0.22 0.15 2.74 2.73 1.28 1.46 1.76 1.05 0.34 0.08 0.52 1.16 2.60 0.56 2.71 2.70 2.42 0.72 0.26 2.26 0.70 0.13 0.39 0.62 1.62 2.08 2.69 2.70 1.39 0.18 0.18 0.52 0.56 0.10 0.67 1.26 2.23 2.43 2.50 2.72 1.59 0.19 0.15 0.33 0.55 0.32 0.40 0.22 0.27 0.14 0.27 0.24 0.22 0.03 0.35 0.39 0.18 0.11

I got: 1.41 0.99 0.60 0.51 0.08 2.70 1.51 0.16 0.97 1.48 1.83 2.59 0.94 0.27 0.25 0.06 2.72 2.72 0.29 1.26 1.97 1.93 1.44 0.45 0.72 0.73 0.39 0.10 2.70 2.71 2.20 2.77 2.64 2.26 1.10 0.17 0.06 1.04 0.47 0.12 2.69 2.70 1.21 1.48 1.63 1.10 0.50 0.07 0.25 1.45 2.53 0.31 2.69 2.70 2.38 0.72 0.48 2.25 0.84 0.12 0.11 0.90 1.43 2.27 2.71 2.72 1.48 0.21 0.16 0.29 0.81 0.10 0.39 1.55 2.05 2.52 2.40 2.70 1.51 0.20 0.25 0.13 0.63 0.30 0.01 0.01 0.01 0.01 0.01 0.00 0.05 0.05 0.01 0.01 0.01 0.06 1.68 0.81 0.76 0.30 0.23 2.70 1.53 0.32 0.68 1.63 1.83 2.51 0.71 0.42 0.06 0.21 2.70 2.69 0.63 0.94 2.18 1.98 1.30 0.46 0.97 0.88 0.13 0.18 2.70 2.70 2.26 2.77 2.75 2.26 0.95 0.18 0.32 0.74 0.22 0.15 2.72 2.69 1.28 1.45 1.76 1.04 0.34 0.07 0.52 1.16 2.59 0.56 2.72 2.70 2.42 0.72 0.27 2.25 0.70 0.13 0.39 0.62 1.62 2.08 2.71 2.70 1.39 0.18 0.19 0.52 0.56 0.11 0.67 1.26 2.23 2.43 2.50 2.72 1.59 0.19 0.14 0.32 0.54 0.32 0.40 0.22 0.27 0.14 0.27 0.24 0.22 0.03 0.34 0.39 0.17 0.13

I got: 1.41 0.99 0.60 0.51 0.08 2.69 1.51 0.16 0.97 1.47 1.83 2.59 0.94 0.27 0.25 0.06 2.72 48.61 0.29 1.25 1.97 1.93 1.44 0.45 0.72 0.74 0.39 0.10 2.70 2.70 2.20 2.77 2.65 2.27 1.10 0.17 0.06 1.03 0.47 0.12 2.70 2.74 1.21 1.47 1.62 1.08 0.50 0.07 0.23 1.42 2.50 0.30 2.69 2.77 2.35 0.70 0.48 2.23 0.83 0.12 0.11 0.91 1.43 2.28 2.71 2.75 1.47 0.21 0.17 0.29 0.80 0.11 0.39 1.55 2.05 2.52 2.40 2.69 1.51 0.20 0.25 0.13 0.62 0.30 0.01 0.01 0.01 0.01 0.01 0.01 0.04 0.04 0.01 0.01 0.01 0.05 1.68 0.81 0.75 0.29 0.23 2.70 48.61 0.32 0.68 1.63 1.83 2.51 0.71 0.42 0.06 0.21 2.70 2.69 0.63 1.06 2.06 1.97 1.30 0.46 0.98 0.88 0.13 0.18 2.71 2.69 2.26 2.77 2.71 2.26 0.95 0.19 0.32 0.74 0.21 0.15 2.71 2.71 1.27 1.45 1.67 1.04 0.34 0.07 0.52 1.17 2.61 0.56 2.73 2.69 2.43 0.72 0.28 2.26 0.71 0.13 0.39 0.63 1.62 2.08 2.72 2.71 1.39 0.18 0.19 0.53 0.56 0.10 0.67 1.26 2.23 2.43 2.50 2.72 1.59 0.19 0.14 0.33 0.55 0.32 0.40 0.22 0.27 0.14 0.27 0.24 0.22 0.03 0.35 0.41 0.18 0.12

I got: 1.41 0.99 0.60 0.51 0.08 2.70 1.51 0.18 0.98 1.47 1.84 2.59 0.95 0.27 0.25 0.06 2.71 2.73 0.29 1.26 1.95 1.93 1.44 0.44 0.72 0.73 0.39 0.10 2.69 2.71 2.20 2.77 2.65 2.27 1.10 0.17 0.06 1.04 0.47 0.12 2.70 2.69 1.21 1.47 1.61 1.10 0.50 0.07 0.25 1.46 2.54 0.31 2.69 2.70 2.39 0.72 0.49 2.25 0.85 0.12 0.11 0.90 1.43 2.28 2.69 2.71 1.47 0.21 0.16 0.28 0.80 0.10 0.39 1.55 2.05 2.52 2.40 2.70 1.50 0.20 0.25 0.14 0.63 0.30 0.01 0.01 0.01 0.01 0.01 0.01 0.04 0.06 0.01 0.01 0.01 0.05 1.68 0.81 0.76 0.30 0.23 2.73 1.53 0.33 0.68 1.64 1.83 2.51 0.72 0.42 0.06 0.21 2.69 2.69 0.64 0.94 2.17 1.98 1.30 0.46 0.98 0.88 0.14 0.18 2.72 2.71 2.26 2.77 2.75 2.26 0.95 0.19 0.31 0.72 0.21 0.14 2.73 2.72 1.26 1.43 1.74 1.03 0.33 0.07 0.52 1.16 2.60 0.56 2.71 2.70 2.43 0.72 0.28 2.26 0.70 0.13 0.39 0.63 1.62 2.08 2.69 2.69 1.39 0.18 0.19 0.53 0.56 0.10 0.67 1.26 2.23 2.43 2.50 2.69 1.59 0.19 0.16 0.33 0.55 0.31 0.40 0.22 0.28 0.14 0.27 0.24 0.22 0.03 0.38 0.42 0.18 0.12

I got: 1.41 0.99 0.60 0.51 0.08 2.75 1.51 0.19 0.87 1.58 1.84 2.60 0.94 0.27 0.25 0.06 2.75 2.73 0.30 1.19 2.03 1.93 1.44 0.45 0.72 0.74 0.39 0.10 2.70 2.73 2.20 2.77 2.70 2.25 1.10 0.18 0.10 1.15 0.50 0.10 2.70 2.70 1.40 1.72 1.98 1.28 0.56 0.07 0.23 1.43 2.51 0.30 2.69 2.71 2.36 0.71 0.44 2.23 0.83 0.11 0.11 0.90 1.42 2.27 2.70 2.71 1.46 0.21 0.12 0.28 0.80 0.10 0.38 1.55 2.05 2.52 2.40 2.69 1.50 0.20 0.17 0.05 0.63 0.30 0.01 0.01 0.01 0.01 0.01 0.01 0.04 0.05 0.01 0.01 0.01 0.06 1.68 0.81 0.76 0.29 0.23 2.73 1.53 0.29 0.69 1.64 1.83 2.51 0.71 0.42 0.06 0.21 2.69 2.70 0.56 0.99 2.18 1.97 1.30 0.46 0.97 0.88 0.13 0.18 2.72 2.70 2.26 2.77 2.75 2.26 0.95 0.19 0.36 0.84 0.24 0.17 2.73 2.69 1.47 1.65 2.01 1.18 0.39 0.09 0.51 1.13 2.57 0.55 2.72 2.70 2.39 0.70 0.25 2.21 0.67 0.12 0.40 0.62 1.62 2.07 2.71 2.69 1.39 0.18 0.10 0.36 0.56 0.10 0.67 1.26 2.23 2.43 2.50 2.71 1.59 0.19 0.10 0.20 0.62 0.32 0.40 0.22 0.27 0.15 0.27 0.24 0.22 0.03 0.24 0.10 0.04 0.12

I got: 1.41 0.99 0.60 0.51 0.08 2.70 1.51 0.09 0.82 1.57 1.84 2.59 0.94 0.27 0.25 0.06 2.72 2.72 0.31 1.16 2.04 1.93 1.44 0.45 0.72 0.73 0.39 0.10 2.69 2.71 2.20 2.77 2.69 2.26 1.10 0.17 0.10 1.14 0.51 0.10 2.69 2.69 1.40 1.71 1.99 1.24 0.56 0.08 0.79 1.42 2.49 0.29 2.69 2.69 2.34 0.70 0.44 2.23 0.83 0.11 0.11 0.90 1.42 2.26 2.71 2.72 1.46 0.21 0.12 0.28 0.80 0.10 0.39 1.55 2.05 2.52 2.40 2.70 1.50 0.20 0.17 0.05 0.62 0.30 0.01 0.02 0.01 0.01 0.01 0.01 0.03 0.05 0.01 0.01 0.01 0.04 1.67 0.81 0.76 0.29 0.23 2.71 1.53 0.29 0.69 1.63 1.83 2.51 0.71 0.42 0.06 0.21 2.69 2.69 0.56 0.99 2.17 1.97 1.30 0.46 0.98 0.88 0.13 0.18 2.70 2.69 2.26 2.77 2.75 2.26 0.95 0.18 0.36 0.84 0.24 0.17 2.72 2.70 1.45 1.65 2.00 1.19 0.39 0.09 0.50 1.11 2.53 0.43 2.72 2.70 2.43 0.72 0.26 2.25 0.70 0.14 0.40 0.63 1.62 2.08 2.71 2.74 1.39 0.18 0.11 0.47 0.56 0.10 0.67 1.26 2.23 2.42 2.50 2.77 1.59 0.19 0.09 0.29 0.55 0.32 0.40 0.23 0.28 0.14 0.27 0.25 0.22 0.03 0.24 0.29 0.18 0.12

