I got: 2.27 2.15 0.50 2.74 2.74 0.51 0.17 0.04 0.17 0.52 1.41 2.73 1.78 1.80 2.71 2.70 0.45 0.14 0.04 0.15 0.36 0.97 0.99 0.20 0.83 2.77 2.77 2.70 0.77 0.23 0.05 0.21 0.50 0.96 0.57 0.14 0.12 0.35 0.30 0.24 0.06 0.07 0.01 0.02 0.17 0.20 0.08 0.38 0.17 0.66 1.52 0.67 2.71 0.70 0.09 0.30 0.53 0.61 0.20 0.19 0.13 0.46 0.77 1.84 2.71 2.73 0.32 0.74 0.89 0.62 0.19 0.12 0.19 0.66 1.06 2.07 2.70 2.70 2.77 2.77 2.04 1.05 0.31 0.18 0.01 0.01 0.05 0.06 0.01 0.07 0.01 0.03 0.01 0.01 0.04 0.08 0.15 0.49 0.47 0.50 0.13 0.23 2.69 2.15 0.69 1.33 0.27 0.18 0.18 0.51 0.37 0.34 0.11 0.19 2.70 2.70 0.61 2.05 0.75 0.15 0.66 1.29 0.92 0.55 0.13 0.18 2.69 2.70 2.40 2.77 2.77 0.31 2.77 2.34 1.20 0.63 0.13 0.20 2.70 2.70 2.09 2.77 2.77 2.77 2.03 0.76 0.42 0.10 0.22 2.70 2.68 0.91 0.75 0.36 2.30 2.77 1.01 0.39 0.09 0.18 2.69 2.70 0.38 0.19 0.07 0.45 1.91 0.71 1.74 1.17 0.14 0.20 2.69 2.69 0.42 0.18 0.05 0.25 1.11 0.89 2.74 2.66 0.57 0.24 2.70 2.69 0.44 0.17 0.04 0.17 0.55 1.91

I got: 2.27 2.15 0.50 2.75 2.73 0.51 0.17 0.04 0.17 0.52 1.41 2.73 1.78 1.80 2.70 2.71 0.45 0.14 0.04 0.15 0.36 0.97 0.99 0.20 0.82 2.77 2.77 2.69 0.77 0.23 0.05 0.21 0.51 0.96 0.57 0.14 0.12 0.35 0.30 0.24 0.06 0.07 0.01 0.02 0.17 0.21 0.08 0.37 0.17 0.66 1.52 0.67 2.69 0.70 0.09 0.30 0.53 0.61 0.20 0.18 0.13 0.46 0.78 1.84 2.71 2.71 0.32 0.74 0.89 0.63 0.19 0.12 0.19 0.66 1.06 2.07 2.70 2.70 2.77 2.77 2.04 1.04 0.30 0.19 0.01 0.02 0.04 0.09 0.01 0.06 0.01 0.05 0.01 0.01 0.10 0.10 0.15 0.48 0.47 0.50 0.13 0.23 2.76 2.14 0.69 1.33 0.27 0.18 0.18 0.51 0.37 0.34 0.11 0.19 2.69 2.69 0.61 2.05 0.75 0.15 0.66 1.28 0.93 0.55 0.13 0.18 2.71 2.72 2.40 2.77 2.77 0.30 2.77 2.34 1.20 0.63 0.13 0.20 2.69 2.69 2.09 2.77 2.77 2.77 2.04 0.76 0.42 0.10 0.21 2.69 2.69 0.91 0.75 0.36 2.30 2.77 1.01 0.39 0.09 0.18 2.69 2.70 51.53 0.19 0.07 0.45 1.90 0.71 1.73 1.17 0.14 0.20 2.70 2.70 0.41 0.18 0.05 0.24 1.11 0.88 2.75 2.67 0.57 0.24 2.70 2.70 0.44 0.17 0.04 0.17 0.55 1.91

I got: 2.27 2.16 0.50 2.75 2.72 0.51 0.17 0.04 0.18 0.52 1.42 2.73 1.78 1.80 2.71 2.69 0.45 0.14 0.04 0.14 0.36 0.97 0.99 0.20 0.82 2.77 2.77 2.71 0.77 0.22 0.05 0.21 0.50 0.96 0.57 0.14 0.12 0.35 0.30 0.24 0.06 0.07 0.01 0.02 0.17 0.21 0.08 0.37 0.17 0.65 1.52 0.67 2.69 0.70 0.09 0.30 0.53 0.61 0.20 0.18 0.13 0.46 0.77 1.84 2.71 2.73 0.32 0.74 0.89 0.63 0.19 0.12 0.19 0.67 1.06 2.07 2.70 2.69 2.77 2.77 2.04 1.05 0.30 0.19 0.01 0.02 0.05 0.07 0.01 0.06 0.01 0.05 0.01 0.01 0.10 0.08 0.15 0.48 0.47 0.50 0.14 0.23 2.70 2.14 0.69 1.33 0.27 0.18 0.18 0.51 0.37 0.34 0.11 0.19 2.70 2.70 0.61 2.05 0.74 0.15 0.65 1.28 0.92 0.55 0.14 0.18 2.70 2.70 2.40 2.77 2.77 0.31 2.77 2.34 1.20 0.63 0.12 0.20 2.70 2.70 2.09 2.77 2.77 2.77 2.04 0.76 0.42 0.10 0.21 2.70 2.68 0.90 0.75 0.36 2.30 2.77 1.01 0.39 0.09 0.18 2.69 2.69 0.38 0.19 0.07 0.45 1.90 0.71 1.72 1.17 0.14 0.20 2.69 2.70 0.41 0.18 0.05 0.24 1.11 0.88 2.75 2.66 0.57 0.24 2.69 2.69 0.44 0.17 0.04 0.18 0.55 1.91

I got: 2.27 2.15 0.50 2.73 2.73 0.51 0.17 0.04 0.17 0.52 1.42 2.74 1.77 1.80 2.71 2.71 0.45 0.14 0.04 0.14 0.36 0.97 0.98 0.21 0.82 2.77 2.77 2.69 0.77 0.22 0.05 0.21 0.50 0.97 0.57 0.15 0.12 0.35 0.30 0.24 0.06 0.07 0.01 0.02 0.17 0.21 0.09 0.38 0.17 0.66 1.52 0.67 2.69 0.70 0.09 0.30 0.53 0.61 0.20 0.18 0.13 0.46 0.77 1.84 2.71 2.78 0.32 0.74 0.89 0.63 0.19 0.12 0.19 0.66 1.06 2.07 2.70 2.70 2.77 2.77 2.04 1.04 0.30 0.18 0.01 0.02 0.06 0.07 0.01 0.01 0.01 0.04 0.01 0.02 0.07 0.04 0.15 0.48 0.47 0.50 0.14 0.23 2.71 2.14 0.69 1.33 0.27 0.18 0.18 0.51 0.38 0.34 0.11 0.19 2.69 2.69 0.61 2.05 0.75 0.15 0.65 1.29 0.93 0.55 0.13 0.18 2.71 2.70 2.40 2.76 2.77 0.31 2.77 2.34 1.20 0.63 0.13 0.20 2.70 2.69 2.09 2.77 2.77 2.77 2.04 0.76 0.42 0.10 0.22 2.69 2.69 0.90 0.75 0.36 2.30 2.77 1.01 0.39 0.09 0.18 2.69 2.69 0.38 0.19 0.07 0.45 1.91 0.70 1.73 1.16 0.14 0.20 2.70 2.70 0.41 0.18 0.05 0.24 1.11 0.88 2.75 2.66 0.57 0.24 2.70 2.71 0.44 0.17 0.04 0.18 0.55 1.91

I got: 2.27 2.15 0.50 2.73 2.73 0.51 0.17 0.04 0.18 0.52 1.42 2.74 1.77 1.80 2.71 2.70 0.45 0.14 0.04 0.14 0.36 0.97 0.99 0.21 0.82 2.77 2.77 2.71 0.77 0.22 0.05 0.21 0.51 0.96 0.57 0.15 0.12 0.35 0.30 0.24 0.06 0.07 0.01 0.02 0.17 0.21 0.08 0.37 0.17 0.65 1.52 0.67 2.70 0.70 0.09 0.30 0.53 0.62 0.20 0.18 0.13 0.46 0.78 1.84 2.69 2.74 0.32 0.74 0.89 0.63 0.19 0.12 0.19 0.66 1.06 2.07 2.70 2.69 2.77 2.77 2.04 1.04 0.30 0.18 0.01 0.03 0.08 0.07 0.01 0.01 0.01 0.05 0.01 0.02 0.05 0.05 0.15 0.48 0.47 0.49 0.14 0.23 2.69 2.14 0.69 1.33 0.26 0.18 0.18 0.51 0.37 0.34 0.10 0.19 2.70 2.70 0.61 2.05 0.75 0.14 0.65 1.28 0.92 0.55 0.13 0.18 2.69 2.70 2.39 2.77 2.77 0.31 2.77 2.34 1.20 0.62 0.13 0.20 2.71 2.70 2.09 2.77 2.77 2.77 2.04 0.76 0.42 0.10 0.21 2.69 2.68 0.90 0.75 0.36 2.30 2.77 1.01 0.39 0.09 0.18 2.69 2.69 0.38 0.19 0.07 0.45 1.91 0.70 1.73 1.16 0.14 0.20 2.69 2.69 0.41 0.18 0.05 0.25 1.10 0.88 2.75 2.67 0.57 0.24 2.70 2.69 0.44 0.17 0.04 0.18 0.55 1.91

I got: 2.27 2.15 0.50 2.77 2.73 0.51 0.17 0.04 0.18 0.52 1.42 2.74 1.78 1.80 2.74 2.71 0.45 0.14 0.04 0.15 0.36 0.97 0.99 0.20 0.82 2.77 2.77 2.69 0.77 0.22 0.05 0.21 0.51 0.96 0.57 0.15 0.12 0.35 0.30 0.24 0.06 0.07 0.01 0.02 0.17 0.20 0.08 0.37 0.17 0.66 1.53 0.67 2.70 0.70 0.09 0.30 0.53 0.62 0.20 0.18 0.14 0.46 0.78 1.84 2.70 2.75 0.32 0.74 0.89 0.63 0.19 0.12 0.19 0.67 1.06 2.07 2.70 2.71 2.77 2.77 2.04 1.05 0.30 0.18 0.01 0.03 0.07 0.06 0.01 0.03 0.01 0.05 0.01 0.01 0.09 0.09 0.15 0.49 0.47 0.50 0.13 0.23 2.69 2.14 0.69 1.33 0.27 0.18 0.18 0.51 0.38 0.34 0.11 0.19 2.70 2.70 0.61 2.05 0.74 0.15 0.65 1.28 0.92 0.55 0.14 0.18 2.69 2.70 2.39 2.77 2.77 0.31 2.77 2.34 1.20 0.63 0.12 0.20 2.71 2.70 2.09 2.77 2.77 2.77 2.04 0.76 0.42 0.10 0.21 2.70 2.69 0.90 0.75 0.36 2.30 2.77 1.01 0.39 0.09 0.19 2.69 2.70 0.38 0.19 0.07 0.45 1.91 0.71 1.73 1.16 0.14 0.20 2.70 2.69 0.41 0.18 0.05 0.24 1.10 0.88 2.75 2.67 0.57 0.24 2.71 2.70 0.44 0.17 0.04 0.18 0.55 1.91

I got: 2.27 2.15 0.50 2.73 2.72 0.51 0.17 0.04 0.18 0.52 1.42 2.74 1.77 1.80 2.70 2.70 0.45 0.14 0.04 0.15 0.36 0.97 0.99 0.20 0.82 2.77 2.77 2.71 0.77 0.22 0.05 0.21 0.50 0.96 0.57 0.14 0.12 0.35 0.30 0.24 0.06 0.07 0.01 0.02 0.17 0.21 0.08 0.37 0.17 0.65 1.53 0.67 2.69 0.70 0.09 0.30 0.53 0.61 0.20 0.18 0.13 0.45 0.78 1.84 2.72 2.72 0.32 0.74 0.89 0.63 0.19 0.12 0.19 0.66 1.06 2.07 2.70 2.69 2.77 2.77 2.04 1.05 0.30 0.18 0.01 0.02 0.05 0.05 0.01 0.02 0.01 0.05 0.01 0.01 0.07 0.08 0.15 0.48 0.47 0.50 0.13 0.23 2.70 2.14 0.69 1.33 0.27 0.18 0.18 0.51 0.37 0.34 0.11 0.19 2.70 2.70 0.61 2.05 0.75 0.15 0.65 1.28 0.93 0.55 0.13 0.18 2.70 2.71 2.40 2.77 2.77 0.31 2.77 2.34 1.20 0.62 0.12 0.20 2.70 2.69 2.09 2.77 2.77 2.77 2.04 0.76 0.42 0.10 0.21 2.69 2.69 0.90 0.75 0.36 2.30 2.77 1.01 0.39 0.09 0.19 2.70 2.74 0.38 0.19 0.07 0.45 1.91 0.71 1.72 1.16 0.14 0.20 2.69 2.73 0.42 0.18 0.05 0.24 1.10 0.88 2.75 2.66 0.57 0.25 2.70 2.74 0.44 0.17 0.04 0.17 0.55 1.91

I got: 2.26 2.15 0.50 2.73 2.74 0.51 0.17 0.04 0.18 0.52 1.42 2.74 1.78 1.80 2.73 2.71 0.45 0.14 0.04 0.15 0.36 0.97 0.99 0.21 0.82 2.77 2.77 2.69 0.77 0.22 0.05 0.21 0.50 0.96 0.57 0.14 0.12 0.35 0.31 0.24 0.06 0.07 0.01 0.01 0.17 0.21 0.08 0.37 0.17 0.65 1.53 0.67 2.70 0.70 0.09 0.30 0.53 0.61 0.20 0.18 0.13 0.46 0.78 1.83 2.72 2.72 0.32 0.74 0.89 0.62 0.19 0.13 0.19 0.67 1.06 2.07 2.70 2.71 2.77 2.77 2.04 1.04 0.31 0.18 0.01 0.01 0.05 0.05 0.01 0.03 0.01 0.06 0.01 0.01 0.05 0.05 0.15 0.48 0.47 0.49 0.13 0.23 2.70 2.14 0.69 1.33 0.26 0.19 0.18 0.52 0.38 0.34 0.11 0.19 2.69 2.69 0.61 2.05 0.75 0.14 0.65 1.28 0.92 0.55 0.13 0.18 2.71 2.70 2.39 2.77 2.77 0.31 2.77 2.34 1.21 0.62 0.12 0.20 2.70 2.70 2.09 2.77 2.77 2.77 2.04 0.76 0.42 0.10 0.21 2.69 2.69 0.90 0.74 0.36 2.30 2.77 1.01 0.39 0.09 0.18 2.69 2.70 0.38 0.19 0.07 0.45 1.91 0.70 1.71 1.16 0.14 0.20 2.70 2.69 0.41 0.17 0.05 0.24 1.10 0.87 2.75 2.67 0.57 0.24 2.70 2.70 0.44 0.17 0.04 0.18 0.55 1.91

I got: 2.26 2.14 0.50 2.74 2.72 0.51 0.17 0.04 0.18 0.52 1.42 2.73 1.78 1.80 2.70 2.69 0.45 0.14 0.04 0.15 0.36 0.97 0.99 0.20 0.82 2.77 2.77 2.71 0.77 0.22 0.05 0.21 0.51 0.96 0.57 0.15 0.12 0.35 0.30 0.24 0.06 0.07 0.01 0.02 0.17 0.20 0.08 0.37 0.17 0.65 1.52 0.67 2.70 0.70 0.09 0.30 0.53 0.61 0.20 0.18 0.13 0.46 0.78 1.83 2.72 2.74 0.32 0.74 0.89 0.62 0.19 0.12 0.19 0.66 1.06 2.07 2.70 2.69 2.77 2.77 2.04 1.04 0.30 0.18 0.01 0.03 0.04 0.05 0.01 0.01 0.01 0.06 0.01 0.01 0.03 0.06 0.15 0.47 0.47 0.49 0.13 0.23 2.70 2.14 0.69 1.33 0.27 0.18 0.18 0.52 0.38 0.34 0.10 0.19 2.70 2.70 0.61 2.05 0.75 0.14 0.65 1.28 0.92 0.55 0.13 0.18 2.70 2.71 2.39 2.77 2.77 0.30 2.77 2.34 1.21 0.62 0.12 0.20 2.73 2.69 2.09 2.77 2.77 2.77 2.04 0.76 0.42 0.10 0.21 2.68 2.72 0.90 0.74 0.36 2.30 2.77 1.02 0.39 0.09 0.18 2.70 2.70 0.38 0.19 0.07 0.45 1.91 0.70 1.72 1.16 0.14 0.19 2.70 2.70 0.41 0.18 0.05 0.24 1.10 0.88 2.75 2.67 0.57 0.24 2.70 2.70 0.44 0.17 0.04 0.18 0.55 1.91

I got: 2.26 2.14 0.50 2.75 2.74 0.51 0.17 0.04 0.18 0.52 1.42 2.73 1.78 1.81 2.70 2.70 0.45 0.14 0.04 0.15 0.36 0.97 0.98 0.20 0.82 2.77 2.77 2.70 0.77 0.22 0.05 0.21 0.50 0.96 0.57 0.14 0.12 0.36 0.30 0.24 0.05 0.07 0.01 0.02 0.17 0.20 0.08 0.37 0.17 0.65 1.53 0.67 2.70 0.70 0.09 0.31 0.53 0.62 0.19 0.18 0.13 0.47 0.78 1.84 2.71 2.73 0.32 0.74 0.89 0.63 0.19 0.13 0.19 0.67 1.06 2.07 2.70 2.69 2.77 2.77 2.03 1.04 0.31 0.18 0.01 0.01 0.05 0.04 0.01 0.02 0.01 0.05 0.01 0.01 0.04 0.05 0.15 0.48 0.47 0.49 0.13 0.23 2.70 2.14 0.69 1.32 0.26 0.19 0.18 0.51 0.38 0.34 0.10 0.19 2.70 2.70 0.61 2.05 0.75 0.15 0.65 1.28 0.92 0.55 0.14 0.18 2.70 2.70 2.39 2.77 2.77 0.31 2.77 2.34 1.21 0.63 0.12 0.20 2.71 2.70 2.09 2.77 2.77 2.77 2.03 0.76 0.42 0.10 0.21 2.69 2.69 0.90 0.75 0.36 2.29 2.77 1.01 0.39 0.09 0.18 2.69 2.70 0.38 0.19 0.07 0.45 1.91 0.71 1.72 1.15 0.14 0.20 2.69 2.69 0.41 0.18 0.05 0.24 1.10 0.88 2.75 2.66 0.57 0.24 2.71 2.69 0.44 0.17 0.04 0.18 0.55 1.91

I got: 2.26 2.14 0.50 2.72 2.71 0.51 0.17 0.04 0.18 0.52 1.41 2.73 1.78 1.80 2.70 2.70 0.45 0.14 0.04 0.15 0.36 0.97 0.98 0.20 0.82 2.77 2.77 2.70 0.77 0.22 0.05 0.21 0.50 0.96 0.56 0.14 0.12 0.36 0.30 0.24 0.06 0.07 0.01 0.02 0.17 0.20 0.08 0.37 0.17 0.65 1.52 0.67 2.69 0.70 0.09 0.30 0.53 0.61 0.19 0.18 0.13 0.46 0.78 1.84 2.70 2.72 0.32 0.74 0.89 0.63 0.19 0.12 0.19 0.66 1.06 2.07 2.70 2.70 2.77 2.77 2.03 1.04 0.30 0.18 0.01 0.06 0.06 0.04 0.01 0.01 0.01 0.05 0.01 0.01 0.01 0.05 0.15 0.48 0.47 0.49 0.13 0.23 2.70 2.14 0.69 1.32 0.26 0.18 0.18 0.52 0.38 0.34 0.11 0.19 2.70 2.69 0.61 2.05 0.75 0.15 0.65 1.28 0.92 0.54 0.13 0.18 2.72 2.71 2.39 2.77 2.77 0.31 2.77 2.34 1.21 0.63 0.12 0.20 2.69 2.69 2.09 2.77 2.77 2.77 2.03 0.76 0.42 0.10 0.21 2.67 2.69 0.90 0.74 0.36 2.29 2.77 1.02 0.38 0.09 0.18 2.70 2.70 0.38 0.19 0.07 0.45 1.93 0.71 1.71 1.15 0.14 0.20 2.69 2.70 0.41 0.18 0.05 0.24 1.10 0.88 2.75 2.67 0.57 0.24 2.69 2.69 0.44 0.17 0.04 0.18 0.55 1.91

I got: 2.27 2.13 0.49 2.74 2.73 51.53 0.17 0.04 0.17 0.52 1.41 2.73 1.78 1.81 2.71 2.71 0.45 0.14 0.04 0.15 0.36 0.97 0.99 0.20 0.82 2.77 2.77 2.69 0.77 0.22 0.05 0.21 0.50 0.97 0.57 0.15 0.12 0.35 0.30 0.24 0.06 0.07 0.01 0.01 0.17 0.20 0.08 0.37 0.17 0.65 1.52 0.67 2.70 0.70 0.09 0.30 0.53 0.61 0.20 0.18 0.13 0.46 0.78 1.84 2.71 2.72 0.32 0.74 0.89 0.63 0.19 0.12 0.19 0.66 1.06 2.07 2.70 2.71 2.77 2.77 2.04 1.04 0.30 0.18 0.01 0.02 0.05 0.08 0.01 0.01 0.01 0.05 0.01 0.01 0.08 0.08 0.15 0.47 0.47 0.49 0.13 0.23 2.69 2.14 0.69 1.32 0.26 0.18 0.18 0.51 0.38 0.34 0.11 0.19 2.70 2.70 0.61 2.05 0.75 0.15 0.65 1.28 0.92 0.54 0.14 0.18 2.71 2.70 2.39 2.77 2.77 0.31 2.77 2.34 1.21 0.63 0.13 0.20 2.71 2.70 2.09 2.77 2.77 2.77 2.03 0.76 0.42 0.10 0.21 2.70 2.68 0.90 0.74 0.36 2.29 2.77 1.02 0.39 0.09 0.18 2.69 2.69 0.38 0.19 0.07 0.45 1.93 0.71 1.71 1.15 0.14 0.19 2.70 2.69 0.41 0.18 0.05 0.24 1.10 0.87 2.76 2.68 0.57 0.24 2.71 2.70 0.44 0.17 0.04 0.18 0.55 1.91

I got: 2.26 2.13 0.49 2.75 2.74 0.51 0.17 0.04 0.17 0.52 1.41 2.73 1.78 1.81 2.71 2.70 0.45 0.14 0.04 0.15 0.36 0.97 0.99 0.20 0.82 2.77 2.77 2.70 0.77 0.22 0.05 0.21 0.50 0.96 0.57 0.14 0.12 0.35 0.30 0.24 0.06 0.07 0.01 0.02 0.17 0.21 0.08 0.36 0.18 0.65 1.53 0.67 2.69 0.70 0.09 0.30 0.53 0.62 0.19 0.19 0.13 0.46 0.78 1.84 2.70 2.71 0.32 0.74 0.89 0.62 0.19 0.12 0.19 0.66 1.06 2.07 2.70 2.73 2.77 2.77 2.03 1.05 0.30 0.18 0.01 0.04 0.06 0.05 0.01 0.01 0.01 0.05 0.01 0.01 0.01 0.05 0.15 0.48 0.47 0.50 0.13 0.23 2.70 2.14 0.69 1.32 0.26 0.18 0.18 0.51 0.38 0.34 0.10 0.19 2.69 2.69 0.61 2.05 0.74 0.15 0.65 1.28 0.92 0.54 0.13 0.18 2.71 2.69 2.39 2.77 2.77 0.30 2.77 2.34 1.20 0.62 0.12 0.20 2.71 2.69 2.09 2.77 2.77 2.77 2.03 0.76 0.42 0.10 0.21 2.69 2.69 0.90 0.74 0.36 2.29 2.77 1.02 0.39 0.09 0.18 2.68 2.69 0.38 0.19 0.07 0.45 1.93 0.71 1.71 1.15 0.14 0.20 2.71 2.69 0.41 0.17 0.05 0.24 1.10 0.88 2.75 2.67 0.57 0.24 2.70 2.70 0.44 0.17 0.04 0.17 0.55 1.91

