0.40 0.34 0.24 0.06 0.06 0.24 0.08 0.06 0.06 0.06 0.18 0.06 1.21 2.77 0.64 2.70 0.44 0.09 0.21 0.37 0.51 0.27 0.15 0.05 0.85 2.31 1.50 2.71 2.72 0.16 0.52 0.56 0.43 0.21 0.11 0.07 1.23 2.77 1.80 2.28 2.70 2.77 2.63 1.30 0.67 0.31 0.15 0.01 0.01 0.01 0.01 0.01 0.01 0.01 0.15 0.01 0.01 0.06 0.06 0.07 0.64 1.49 0.69 0.08 0.20 2.70 1.66 0.65 0.68 0.15 0.14 0.09 0.59 1.19 0.64 0.08 0.20 2.69 2.70 0.67 1.68 0.46 0.15 0.09 0.90 1.99 0.88 0.06 0.21 2.69 2.70 1.21 2.45 2.45 0.33 1.22 1.06 1.86 0.80 0.05 0.17 2.71 2.71 0.76 1.70 1.86 2.17 1.91 2.64 1.18 0.14 0.19 2.70 2.71 0.75 0.65 0.25 2.77 2.77 2.04 0.81 0.05 0.18 2.70 2.71 0.25 0.10 0.11 0.38 1.72 0.34 1.53 1.83 0.22 0.18 2.71 2.72 0.37 0.12 0.08 0.23 0.53 0.39 1.84 2.38 0.72 0.27 2.73 2.71 0.73 0.24 0.08 0.35 0.69 1.44

I got: 2.71 2.77 0.70 2.72 2.70 1.53 0.51 0.05 0.61 1.48 2.43 2.77 2.76 1.86 2.72 2.72 0.88 0.29 0.07 0.40 0.82 1.43 1.09 0.45 1.05 2.77 2.64 2.70 1.35 0.44 0.06 0.54 1.25 2.03 1.22 0.34 0.24 0.40 0.33 0.24 0.06 0.06 0.24 0.19 0.16 0.06 0.06 0.18 0.06 1.21 2.77 0.64 2.70 0.44 0.09 0.27 0.31 0.52 0.27 0.15 0.05 0.85 2.31 1.50 2.72 2.73 0.16 0.55 0.52 0.43 0.21 0.11 0.07 1.23 2.77 1.80 2.28 2.70 2.77 2.66 1.25 0.67 0.30 0.16 0.01 0.01 0.01 0.01 0.01 0.01 0.01 0.09 0.01 0.01 0.09 0.09 0.07 0.64 1.47 0.69 0.08 0.21 2.70 1.63 0.65 0.67 0.15 0.13 0.10 0.59 1.24 0.66 0.08 0.19 2.70 2.73 0.69 1.73 0.46 0.15 0.09 0.90 1.98 0.88 0.06 0.21 2.69 2.70 1.20 2.45 2.44 0.33 1.22 1.07 1.86 0.80 0.05 0.17 2.71 2.72 0.76 1.70 1.93 2.18 1.91 2.59 1.16 0.14 0.19 2.72 2.71 0.74 0.63 0.24 2.77 2.77 2.06 0.82 0.05 0.18 2.69 2.69 0.25 0.10 0.11 0.32 1.72 0.34 1.50 1.83 0.22 0.17 2.71 2.70 0.37 0.12 0.08 0.18 0.58 0.39 1.84 2.38 0.72 0.27 2.73 2.71 0.73 0.24 0.08 0.29 0.75 1.44

I got: 2.71 2.77 0.70 2.73 2.70 1.53 0.51 0.05 0.55 1.55 2.42 2.77 2.77 1.85 2.72 2.72 0.88 0.29 0.07 0.34 0.88 1.42 1.08 0.45 1.04 2.77 2.63 2.70 1.35 0.44 0.06 0.47 1.32 2.03 1.22 0.34 0.24 0.40 0.33 0.24 0.06 0.06 0.24 0.08 0.06 0.05 0.06 0.18 0.06 1.21 2.77 0.64 2.70 0.44 0.09 0.21 0.38 0.52 0.27 0.15 0.05 0.85 2.31 1.50 2.72 2.73 0.16 0.52 0.56 0.43 0.21 0.10 0.07 1.23 2.77 1.80 2.28 2.70 2.77 2.63 1.30 0.67 0.30 0.16 0.01 0.02 0.01 0.01 0.01 0.01 0.01 0.09 0.02 0.02 0.05 0.06 0.07 0.63 1.44 0.68 0.08 0.20 2.69 1.61 0.64 0.66 0.14 0.13 0.10 0.59 1.20 0.63 0.08 0.20 2.69 2.69 0.67 1.68 0.45 0.15 0.09 0.91 1.98 0.88 0.06 0.21 2.70 2.68 1.20 2.46 2.44 0.33 1.22 1.06 1.86 0.80 0.06 0.17 2.71 2.70 0.76 1.70 1.87 2.17 1.71 2.68 1.22 0.15 0.20 2.70 2.71 0.75 0.65 0.25 2.77 2.77 2.04 0.81 0.05 0.18 2.70 2.69 0.25 0.10 0.11 0.39 1.71 0.34 1.51 1.83 0.22 0.17 2.71 2.71 0.37 0.12 0.08 0.24 0.52 0.39 1.84 2.38 0.72 0.27 2.70 2.72 0.73 0.24 0.08 0.36 0.67 1.44

I got: 2.71 2.77 0.70 2.72 2.71 1.53 0.51 0.05 0.62 1.47 2.43 2.77 2.77 1.86 2.73 2.70 0.89 0.29 0.07 0.41 0.81 1.43 1.09 0.45 1.05 2.77 2.64 2.70 1.35 0.45 0.06 0.55 1.24 2.03 1.22 0.34 0.24 0.39 0.34 0.24 0.06 0.06 0.24 0.21 0.19 0.06 0.06 0.18 0.06 1.21 2.77 0.64 2.70 0.44 0.09 0.29 0.30 0.52 0.27 0.15 0.05 0.85 2.31 1.50 2.71 2.74 0.16 0.56 0.51 0.44 0.21 0.11 0.07 1.23 2.77 1.80 2.28 2.73 2.77 2.66 1.24 0.67 0.30 0.16 0.01 0.01 0.01 0.01 0.01 0.01 0.01 0.06 0.01 0.02 0.10 0.10 0.06 0.64 1.53 0.71 0.08 0.20 2.70 1.70 0.67 0.70 0.16 0.13 0.09 0.59 1.20 0.64 0.08 0.19 2.70 2.69 0.67 1.70 0.45 0.14 0.09 0.90 1.99 0.88 0.06 0.21 2.70 2.70 1.21 2.45 2.45 0.34 1.22 1.06 1.86 0.80 0.05 0.17 2.71 2.70 0.76 1.70 1.94 2.17 1.99 2.66 1.21 0.15 0.20 2.70 2.70 0.74 0.65 0.25 2.77 2.77 2.04 0.81 0.05 0.18 2.70 2.71 0.25 0.10 0.11 0.39 1.70 0.34 1.50 1.83 0.22 0.17 2.72 2.73 0.37 0.12 0.08 0.23 0.52 0.39 1.84 2.39 0.72 0.27 2.71 2.70 0.73 0.24 0.08 0.29 0.75 1.44

I got: 2.71 2.76 0.70 2.73 2.71 1.53 0.51 0.05 0.55 1.55 2.43 2.77 2.77 1.86 2.72 2.71 0.89 0.29 0.07 0.34 0.88 1.43 1.09 0.44 1.05 2.77 2.63 2.72 1.35 0.44 0.06 0.48 1.32 2.03 1.22 0.34 0.24 0.40 0.34 0.24 0.06 0.06 0.24 0.08 0.06 0.05 0.06 0.18 0.06 1.21 2.77 0.64 2.70 0.44 0.09 0.21 0.38 0.52 0.27 0.15 0.05 0.85 2.32 1.50 2.72 2.71 0.16 0.52 0.55 0.43 0.21 0.10 0.07 1.23 2.77 1.80 2.28 2.70 2.77 2.63 1.30 0.67 0.30 0.16 0.01 0.02 0.02 0.01 0.01 0.01 0.01 0.11 0.01 0.02 0.05 0.06 0.06 0.65 1.55 0.71 0.08 0.20 2.70 1.72 0.67 0.70 0.16 0.14 0.10 0.59 1.19 0.63 0.08 0.20 2.70 2.70 0.67 1.66 0.45 0.14 0.09 0.90 1.98 0.88 0.06 0.21 2.69 2.70 1.20 2.45 2.46 0.33 1.22 1.06 1.86 0.80 0.05 0.17 2.72 2.70 0.76 1.70 1.95 2.18 2.03 2.69 1.23 0.15 0.20 2.70 2.70 0.74 0.65 0.26 2.77 2.77 2.03 0.81 0.04 0.18 2.70 2.71 0.25 0.10 0.11 0.39 1.70 0.34 1.49 1.83 0.22 0.17 2.72 2.70 0.37 0.12 0.08 0.24 0.52 0.39 1.85 2.39 0.72 0.27 2.72 2.71 0.73 0.24 0.09 0.37 0.67 1.45

I got: 2.71 2.76 0.70 2.71 2.70 1.53 0.51 0.05 0.63 1.46 2.43 2.77 2.77 1.86 2.70 2.77 0.89 0.29 0.07 0.42 0.81 1.43 1.09 0.44 1.04 2.77 2.64 2.75 1.35 0.44 0.06 0.56 1.24 2.03 1.22 0.34 0.24 0.41 0.33 0.24 0.06 0.06 0.24 0.22 0.20 0.05 0.06 0.18 0.06 1.22 2.77 0.64 2.72 0.44 0.09 0.29 0.30 0.52 0.27 0.16 0.05 0.85 2.31 1.50 2.72 2.73 0.16 0.56 0.51 0.42 0.21 0.11 0.07 1.22 2.77 1.80 2.28 2.70 2.77 2.67 1.23 0.68 0.30 0.15 0.01 0.01 0.01 0.01 0.01 0.01 0.01 0.10 0.01 0.01 0.07 0.06 0.06 0.66 1.55 0.71 0.08 0.20 2.69 1.72 0.67 0.70 0.16 0.14 0.10 0.60 1.20 0.64 0.08 0.20 2.71 2.70 0.68 1.70 0.46 0.15 0.09 0.90 1.99 0.88 0.06 0.21 2.70 2.70 1.21 2.45 2.45 0.33 1.22 1.06 1.86 0.80 0.05 0.17 2.72 2.71 0.76 1.70 1.95 2.17 2.03 2.69 1.23 0.15 0.19 2.70 2.70 0.75 0.65 0.25 2.77 2.77 2.04 0.81 0.04 0.18 2.71 2.70 0.25 0.10 0.11 0.31 1.72 0.34 1.50 1.83 0.22 0.17 2.70 2.71 0.37 0.12 0.08 0.18 0.58 0.39 1.85 2.39 0.73 0.27 2.73 2.72 0.73 0.24 0.08 0.29 0.75 1.45

I got: 2.71 2.77 0.70 2.74 2.70 1.53 0.51 0.05 0.55 1.55 2.43 2.77 2.77 1.86 2.73 2.71 0.88 0.29 0.07 0.34 0.88 1.43 1.09 0.45 1.04 2.77 2.63 2.70 1.35 0.44 0.06 0.47 1.31 2.03 1.22 0.34 0.24 0.41 0.33 0.24 0.06 0.06 0.24 0.08 0.06 0.05 0.06 0.18 0.06 1.22 2.77 0.64 2.70 0.44 0.09 0.22 0.37 0.52 0.27 0.15 0.05 0.85 2.31 1.50 2.72 2.74 0.16 0.52 0.55 0.43 0.21 0.11 0.07 1.23 2.77 1.80 2.28 2.70 2.77 2.63 1.30 0.67 0.30 0.16 0.01 0.02 0.01 0.01 0.01 0.01 0.00 0.11 0.01 0.01 0.06 0.07 0.06 0.64 1.48 0.69 0.08 0.20 2.70 1.65 0.66 0.68 0.15 0.13 0.09 0.59 1.22 0.65 0.08 0.19 2.70 2.71 0.68 1.72 0.46 0.15 0.09 0.91 1.98 0.88 0.06 0.21 2.69 2.69 1.21 2.45 2.45 0.34 1.22 1.06 1.86 0.80 0.05 0.17 2.69 2.70 0.76 1.70 1.94 2.18 1.91 2.62 1.17 0.14 0.19 2.71 2.70 0.72 0.63 0.24 2.77 2.77 2.05 0.81 0.04 0.18 2.71 2.70 0.25 0.10 0.11 0.38 1.71 0.34 1.53 1.83 0.22 0.17 2.70 2.72 0.37 0.12 0.08 0.23 0.53 0.39 1.84 2.39 0.72 0.27 2.74 2.72 0.74 0.24 0.08 0.36 0.69 1.44

I got: 2.71 2.77 0.70 2.71 2.74 1.53 0.51 0.05 0.61 1.48 2.43 2.77 2.77 1.86 2.71 2.73 0.88 0.29 0.07 0.40 0.82 1.43 1.09 0.45 1.05 2.77 2.64 2.71 1.35 0.44 0.06 0.54 1.25 2.03 1.22 0.34 0.24 0.39 0.33 0.24 0.06 0.06 0.24 0.20 0.17 0.06 0.06 0.18 0.06 1.22 2.77 0.64 2.70 0.44 0.09 0.28 0.31 0.52 0.27 0.15 0.05 0.85 2.31 1.50 2.72 2.73 0.16 0.56 0.52 0.43 0.21 0.11 0.07 1.23 2.77 1.80 2.28 2.71 2.77 2.66 1.25 0.67 0.30 0.16 0.01 0.01 0.01 0.01 0.01 0.01 0.01 0.07 0.01 0.02 0.08 0.06 0.07 0.64 1.48 0.69 0.08 0.20 2.70 1.65 0.65 0.68 0.15 0.13 0.10 0.59 1.19 0.63 0.08 0.20 2.70 2.70 0.66 1.68 0.45 0.15 0.09 0.91 1.98 0.88 0.06 0.21 2.69 2.70 1.20 2.45 2.45 0.33 1.22 1.07 1.86 0.80 0.05 0.17 2.71 2.71 0.76 1.70 1.93 2.17 1.90 2.59 1.13 0.14 0.19 2.71 2.70 0.71 0.63 0.24 2.77 2.77 2.03 0.81 0.04 0.18 2.70 2.70 0.24 0.10 0.11 0.37 1.71 0.34 1.51 1.83 0.22 0.17 2.73 2.73 0.37 0.12 0.08 0.23 0.53 0.39 1.85 2.39 0.72 0.27 2.71 2.70 0.73 0.24 0.08 0.35 0.69 1.45

I got: 2.71 2.77 0.70 2.72 2.70 1.53 0.51 0.05 0.61 1.48 2.43 2.77 2.77 1.85 2.72 2.72 0.89 0.29 0.07 0.40 0.82 1.43 1.09 0.45 1.05 2.77 2.64 2.72 1.35 0.44 0.06 0.54 1.25 2.03 1.22 0.34 0.24 0.40 0.33 0.24 0.06 0.06 0.24 0.19 0.17 0.06 0.06 0.18 0.06 1.21 2.77 0.64 2.70 0.44 0.09 0.28 0.31 0.52 0.27 0.15 0.05 0.85 2.31 1.50 2.71 2.72 0.16 0.55 0.51 0.43 0.21 0.11 0.07 1.23 2.77 1.80 2.28 2.70 2.77 2.66 1.24 0.67 0.30 0.15 0.01 0.01 0.01 0.01 0.01 0.01 0.01 0.11 0.01 0.01 0.04 0.05 0.07 0.63 1.46 0.68 0.08 0.20 2.70 1.63 0.65 0.66 0.15 0.14 0.10 0.59 1.20 0.63 0.08 0.20 2.70 2.70 0.68 1.71 0.46 0.15 0.09 0.90 1.98 0.88 0.06 0.21 2.69 2.72 1.21 2.46 2.45 0.33 1.22 1.06 1.85 0.80 0.05 0.17 2.71 2.76 0.76 1.70 1.93 2.17 1.92 2.60 1.15 0.14 0.19 2.70 2.74 0.71 0.62 0.24 2.77 2.77 2.04 0.81 0.04 0.18 2.73 2.71 0.25 0.10 0.11 0.31 1.71 0.34 1.49 1.83 0.22 0.17 2.72 2.72 0.37 0.12 0.08 0.18 0.58 0.39 1.84 2.39 0.73 0.27 2.72 2.70 0.74 0.24 0.09 0.29 0.75 1.45

I got: 2.71 2.76 0.70 2.73 2.69 1.53 0.51 0.05 0.55 1.55 2.42 2.77 2.77 1.85 2.73 2.71 0.88 0.29 0.07 0.34 0.88 1.43 1.09 0.44 1.05 2.77 2.64 2.71 1.35 0.44 0.06 0.48 1.32 2.04 1.22 0.34 0.25 0.40 0.34 0.24 0.06 0.06 0.24 0.08 0.06 0.06 0.06 0.18 0.06 1.21 2.77 0.64 2.70 0.44 0.09 0.21 0.38 0.52 0.27 0.16 0.06 0.85 2.31 1.50 2.71 2.72 0.16 0.52 0.56 0.43 0.21 0.11 0.07 1.22 2.77 1.80 2.28 2.70 2.77 2.63 1.30 0.67 0.30 0.15 0.01 0.01 0.02 0.01 0.01 0.01 0.01 0.07 0.01 0.01 0.05 0.05 0.07 0.63 1.47 0.69 0.08 0.20 2.70 1.65 0.66 0.69 0.15 0.14 0.10 0.59 1.20 0.63 0.08 0.20 2.70 2.71 0.67 1.70 0.46 0.14 0.10 0.91 1.99 0.88 0.06 0.21 2.69 2.70 1.21 2.45 2.45 0.34 1.22 1.07 1.85 0.80 0.05 0.17 2.71 2.71 0.76 1.70 1.94 2.17 1.57 2.62 1.17 0.14 0.19 2.70 2.70 0.72 0.62 0.24 2.77 2.77 2.03 0.81 0.05 0.18 2.71 2.71 0.24 0.10 0.11 0.31 1.70 0.34 1.50 1.83 0.22 0.17 2.72 2.70 0.37 0.12 0.08 0.18 0.58 0.39 1.85 2.39 0.72 0.27 2.72 2.70 0.74 0.24 0.08 0.29 0.75 1.45

I got: 2.71 2.77 0.70 2.72 2.70 1.53 0.51 0.05 0.55 1.55 2.43 2.77 2.76 1.85 2.72 2.71 0.88 0.29 0.07 0.34 0.88 1.43 1.08 0.44 1.05 2.77 2.64 2.70 1.35 0.44 0.06 0.48 1.31 2.04 1.22 0.34 0.24 0.40 0.33 0.24 0.06 0.06 0.24 0.08 0.06 0.06 0.06 0.19 0.06 1.22 2.77 0.64 2.70 0.44 0.09 0.21 0.37 0.52 0.27 0.16 0.06 0.85 2.31 1.50 2.72 2.73 0.17 0.52 0.55 0.43 0.21 0.10 0.07 1.22 2.77 1.80 2.28 2.71 2.77 2.63 1.30 0.68 0.30 0.16 0.01 0.01 0.01 0.01 0.01 0.01 0.01 0.08 0.01 0.01 0.07 0.09 0.06 0.64 1.51 0.70 0.08 0.20 2.75 1.69 0.66 0.69 0.16 0.13 0.10 0.58 1.19 0.63 0.08 0.20 2.74 2.70 0.66 1.67 0.45 0.15 0.09 0.90 1.98 0.88 0.06 0.21 2.70 2.70 1.20 2.45 2.46 0.33 1.22 1.07 1.86 0.80 0.05 0.17 2.71 2.71 0.76 1.70 1.94 2.17 1.99 2.65 1.20 0.15 0.19 2.71 2.71 0.74 0.64 0.24 2.77 2.77 2.02 0.80 0.04 0.18 2.70 2.70 0.24 0.10 0.11 0.38 1.70 0.33 1.50 1.83 0.22 0.17 2.72 2.73 0.37 0.12 0.08 0.23 0.52 0.40 1.84 2.39 0.72 0.27 2.71 2.69 0.73 0.24 0.08 0.36 0.68 1.45

I got: 2.71 2.77 0.70 2.72 2.71 1.53 0.51 0.05 0.62 1.48 2.43 2.77 2.77 1.86 2.73 2.71 0.89 0.29 0.07 0.40 0.81 1.43 1.09 0.44 1.05 2.76 2.64 2.72 1.35 0.44 0.06 0.54 1.24 2.03 1.22 0.34 0.24 0.40 0.34 0.24 0.06 0.06 0.24 0.20 0.18 0.06 0.06 0.18 0.06 1.21 2.77 0.64 2.69 0.44 0.09 0.28 0.30 0.52 0.27 0.15 0.05 0.85 2.31 1.50 2.71 2.72 0.16 0.56 0.52 0.43 0.21 0.11 0.07 1.22 2.77 1.80 2.28 2.70 2.77 2.66 1.24 0.67 0.30 0.16 0.01 0.02 0.01 0.01 0.01 0.01 0.01 0.08 0.01 0.01 0.06 0.07 0.06 0.64 1.50 0.69 0.08 0.20 2.69 1.66 0.65 0.68 0.15 0.13 0.10 0.59 1.19 0.63 0.08 0.20 2.69 2.70 0.67 1.67 0.45 0.15 0.09 0.90 1.98 0.88 0.06 0.21 2.69 2.70 1.20 2.45 2.45 0.33 1.22 1.06 1.86 0.80 0.05 0.17 2.71 2.71 0.76 1.70 1.94 2.17 1.97 2.64 1.18 0.21 0.19 2.72 2.70 0.75 0.64 0.24 2.65 2.77 2.02 0.80 0.04 0.18 2.70 2.71 0.24 0.10 0.11 0.31 1.70 0.34 1.49 1.83 0.22 0.17 2.73 2.71 0.37 0.12 0.08 0.18 0.58 0.39 1.85 2.39 0.72 0.27 2.72 2.70 0.74 0.24 0.08 0.29 0.75 1.45

I got: 2.71 2.77 0.70 2.72 2.70 1.53 0.51 0.05 0.55 1.54 2.43 2.77 2.76 1.86 2.71 2.72 0.89 0.29 0.07 0.34 0.88 1.43 1.09 0.45 1.04 2.77 2.64 2.71 1.35 0.44 0.06 0.48 1.31 2.04 1.22 0.34 0.24 0.40 0.34 0.24 0.06 0.06 0.24 0.08 0.06 0.06 0.06 0.18 0.06 1.21 2.77 0.64 2.70 0.44 0.09 0.21 0.37 0.52 0.27 0.15 0.05 0.85 2.31 1.50 2.71 2.73 0.16 0.52 0.55 0.44 0.21 0.10 0.07 1.23 2.77 1.80 2.28 2.70 2.77 2.63 1.30 0.67 0.30 0.15 0.01 0.01 0.01 0.01 0.01 0.01 0.01 0.06 0.01 0.01 0.05 0.04 0.07 0.63 1.46 0.68 0.08 0.20 2.72 1.64 0.65 0.69 0.15 0.13 0.10 0.58 1.19 0.63 0.08 0.20 2.69 2.70 0.67 1.68 0.45 0.15 0.09 0.91 1.99 0.88 0.06 0.21 2.70 2.70 1.20 2.45 2.45 0.34 1.22 1.07 1.86 0.80 0.05 0.17 2.70 2.71 0.76 1.70 1.94 2.17 1.99 2.66 1.21 0.15 0.20 2.70 2.70 0.75 0.65 0.25 2.77 2.77 2.01 0.80 0.04 0.18 2.70 2.71 0.24 0.10 0.11 0.38 1.69 0.33 1.50 1.83 0.22 0.17 2.71 2.69 0.37 0.12 0.08 0.23 0.52 0.39 1.85 2.39 0.72 0.27 2.72 2.70 0.74 0.24 0.08 0.36 0.68 1.45

I got: 2.71 2.77 0.70 2.72 2.70 1.53 0.51 0.05 0.62 1.47 2.43 2.77 2.77 1.86 2.72 2.71 0.89 0.29 0.07 0.40 0.81 1.43 1.09 0.44 1.04 2.77 2.63 2.70 1.35 0.44 0.06 0.55 1.24 2.03 1.22 0.34 0.24 0.40 0.33 0.23 0.06 0.06 0.24 0.21 0.19 0.06 0.06 0.18 0.06 1.22 2.77 0.64 2.71 0.45 0.09 0.28 0.30 0.52 0.27 0.15 0.05 0.84 2.31 1.50 2.72 2.74 0.16 0.56 0.51 0.43 0.21 0.10 0.07 1.23 2.77 1.80 2.28 2.70 2.77 2.67 1.24 0.68 0.30 0.16 0.01 0.01 0.01 0.01 0.01 0.01 0.01 0.08 0.01 0.01 0.05 0.09 0.06 0.65 1.49 0.69 0.08 0.20 2.71 1.66 0.65 0.68 0.15 0.13 0.10 0.58 1.19 0.63 0.08 0.20 2.70 2.70 0.67 1.69 0.46 0.14 0.09 0.90 1.99 0.88 0.06 0.21 2.70 2.69 1.21 2.45 2.45 0.34 1.22 1.06 1.86 0.80 0.05 0.17 2.70 2.70 0.76 1.70 1.94 2.17 1.95 2.63 1.18 0.14 0.19 2.70 2.69 0.72 0.63 0.24 2.77 2.77 2.02 0.80 0.04 0.18 2.71 2.70 0.24 0.10 0.10 0.31 1.70 0.33 1.51 1.83 0.22 0.17 2.72 2.72 0.37 0.12 0.08 0.18 0.58 0.39 1.84 2.39 0.73 0.27 2.69 2.72 0.73 0.25 0.08 0.29 0.75 1.45

