I got: 2.74 2.77 0.62 2.73 2.70 1.31 0.50 0.05 0.62 1.32 1.72 2.77 1.97 1.70 2.72 2.70 0.73 0.27 0.08 0.40 0.70 0.86 0.71 0.39 0.46 2.77 2.77 2.71 1.16 0.44 0.07 0.56 1.11 1.15 0.46 0.20 0.24 0.36 0.30 0.24 0.07 0.06 0.24 0.21 0.17 0.05 0.05 0.18 0.03 0.72 1.16 0.57 2.70 0.70 0.05 0.57 1.14 1.11 0.34 0.16 0.08 0.66 0.81 1.50 2.71 2.71 0.19 0.73 1.36 1.20 0.38 0.13 0.14 1.02 1.22 1.77 2.38 2.69 2.77 2.70 2.30 1.89 0.60 0.19 0.01 0.01 0.01 0.01 0.01 0.01 0.01 0.06 0.01 0.03 0.05 0.05 0.06 0.75 0.76 0.73 0.15 0.24 2.70 2.08 0.72 1.58 0.44 0.17 0.01 0.71 0.61 0.67 0.14 0.23 2.69 2.70 0.75 2.15 0.76 0.19 0.19 0.95 0.81 0.76 0.13 0.24 2.69 2.69 1.94 2.50 2.77 0.36 1.32 1.15 0.69 0.60 0.10 0.19 2.72 2.70 1.39 1.78 2.34 2.26 2.20 1.13 0.85 0.21 0.21 2.70 2.70 1.82 0.90 0.28 2.77 2.77 0.69 0.45 0.05 0.18 2.70 2.70 0.73 0.28 0.07 0.56 1.62 0.31 1.19 0.66 0.07 0.13 2.74 2.72 0.62 0.24 0.05 0.35 0.81 0.36 2.06 1.98 0.25 0.17 2.71 2.69 0.60 0.23 0.08 0.34 0.58 1.02

I got: 2.73 2.77 0.62 2.70 2.72 1.31 0.51 0.04 0.62 1.32 1.72 2.77 1.97 1.70 2.70 2.72 0.73 0.27 0.07 0.40 0.70 0.86 0.71 0.39 0.47 2.77 2.77 2.70 1.15 0.44 0.07 0.56 1.10 1.15 0.46 0.20 0.24 0.36 0.30 0.24 0.07 0.06 0.24 0.21 0.17 0.06 0.05 0.18 0.03 0.72 1.16 0.57 2.70 0.70 0.05 0.57 1.14 1.11 0.34 0.16 0.08 0.66 0.81 1.50 2.72 2.73 0.18 0.73 1.35 1.20 0.38 0.13 0.14 1.03 1.22 1.77 2.38 2.70 2.77 2.70 2.29 1.90 0.61 0.19 0.01 0.01 0.01 0.01 0.01 0.01 0.01 0.09 0.01 0.02 0.08 0.05 0.06 0.74 0.74 0.72 0.14 0.24 2.70 2.02 0.71 1.54 0.42 0.17 0.01 0.71 0.61 0.68 0.13 0.23 2.70 2.70 0.74 2.16 0.77 0.18 0.19 0.95 0.81 0.76 0.13 0.24 2.74 2.70 1.94 2.50 2.77 0.36 1.33 1.15 0.70 0.60 0.10 0.19 2.69 2.71 1.39 1.78 2.34 2.26 2.06 1.09 0.84 0.20 0.21 2.72 2.74 1.78 0.88 0.28 2.77 2.77 0.69 0.45 0.05 0.18 2.69 2.70 0.73 0.28 0.07 0.56 1.61 0.32 1.18 0.66 0.07 0.13 2.73 2.75 0.62 0.24 0.05 0.34 0.81 0.36 2.06 1.99 0.25 0.17 2.72 2.72 0.59 0.23 0.08 0.34 0.59 1.02

I got: 2.73 2.77 0.62 2.72 2.70 1.31 0.50 0.04 0.62 1.33 1.72 2.77 1.97 1.70 2.72 2.70 0.73 0.27 0.07 0.40 0.70 0.86 0.71 0.40 0.46 2.77 2.77 2.70 1.16 0.44 0.07 0.56 1.11 1.15 0.46 0.21 0.24 0.36 0.30 0.24 0.07 0.06 0.24 0.21 0.17 0.06 0.05 0.18 0.03 0.72 1.16 0.57 2.70 0.70 0.05 0.57 1.15 1.11 0.34 0.16 0.08 0.66 0.81 1.50 2.71 2.72 0.18 0.73 1.36 1.20 0.38 0.13 0.14 1.02 1.22 1.77 2.37 2.69 2.77 2.70 2.29 1.90 0.60 0.19 0.01 0.01 0.01 0.01 0.01 0.01 0.01 0.07 0.01 0.01 0.06 0.06 0.06 0.74 0.74 0.72 0.14 0.24 2.70 2.03 0.71 1.53 0.42 0.17 0.01 0.70 0.61 0.68 0.13 0.23 2.69 2.70 0.75 2.16 0.76 0.18 0.19 0.95 0.81 0.76 0.13 0.24 2.70 2.69 1.94 2.50 2.77 0.36 1.32 1.14 0.69 0.60 0.10 0.19 2.71 2.70 1.39 1.78 2.34 2.26 2.06 1.09 0.82 0.20 0.20 2.71 2.71 1.74 0.86 0.27 2.77 2.77 0.69 0.44 0.05 0.18 2.70 2.70 0.73 0.28 0.07 0.54 1.60 0.31 1.17 0.66 0.07 0.13 2.72 2.71 0.62 0.24 0.05 0.29 0.86 0.36 2.07 1.99 0.25 0.17 2.73 2.73 0.60 0.23 0.08 0.28 0.65 1.02

I got: 2.74 2.77 0.62 2.70 2.71 1.31 0.50 0.04 0.55 1.40 1.72 2.77 1.97 1.70 2.73 2.71 0.73 0.27 0.07 0.33 0.77 0.86 0.71 0.39 0.46 2.77 2.77 2.71 1.16 0.44 0.07 0.48 1.19 1.15 0.46 0.20 0.24 0.36 0.29 0.24 0.07 0.06 0.24 0.09 0.04 0.06 0.05 0.18 0.03 0.73 1.17 0.57 2.70 0.70 0.05 0.49 1.22 1.11 0.34 0.16 0.08 0.66 0.81 1.50 2.70 2.72 0.18 0.69 1.40 1.20 0.38 0.14 0.14 1.03 1.22 1.77 2.38 2.70 2.77 2.67 2.33 1.89 0.60 0.20 0.01 0.02 0.01 0.01 0.01 0.01 0.01 0.08 0.01 0.02 0.05 0.06 0.01 0.68 0.61 0.74 0.15 0.24 2.70 2.14 0.74 1.62 0.45 0.17 0.01 0.70 0.61 0.67 0.13 0.23 2.72 2.70 0.74 2.14 0.76 0.19 0.19 0.95 0.81 0.76 0.13 0.24 2.69 2.69 1.94 2.49 2.77 0.36 1.32 1.15 0.69 0.61 0.10 0.19 2.72 2.70 1.39 1.78 2.34 2.26 2.13 1.16 0.88 0.21 0.22 2.70 2.69 1.88 0.93 0.29 2.77 2.77 0.69 0.44 0.05 0.18 2.70 2.69 0.73 0.28 0.08 0.57 1.60 0.31 1.18 0.66 0.07 0.13 2.73 2.72 0.62 0.24 0.05 0.35 0.80 0.36 2.07 1.99 0.25 0.17 2.71 2.69 0.60 0.23 0.08 0.35 0.57 1.02

I got: 2.73 2.77 0.62 2.70 2.72 1.31 0.50 0.05 0.63 1.31 1.72 2.77 1.97 1.70 2.71 2.71 0.73 0.27 0.07 0.41 0.69 0.86 0.71 0.40 0.47 2.77 2.77 2.71 1.16 0.44 0.07 0.57 1.10 1.15 0.46 0.21 0.24 0.36 0.30 0.24 0.07 0.06 0.24 0.24 0.19 0.06 0.05 0.18 0.03 0.72 1.16 0.57 2.70 0.70 0.05 0.58 1.14 1.11 0.34 0.16 0.09 0.66 0.81 1.50 2.71 2.73 0.18 0.74 1.35 1.20 0.38 0.13 0.14 1.02 1.22 1.77 2.37 2.70 2.77 2.71 2.29 1.90 0.60 0.20 0.01 0.02 0.01 0.01 0.01 0.01 0.01 0.06 0.01 0.01 0.05 0.06 0.07 0.77 0.78 0.75 0.16 0.24 2.70 2.13 0.73 1.61 0.45 0.17 0.01 0.70 0.61 0.67 0.13 0.23 2.70 2.69 0.74 2.14 0.76 0.19 0.19 0.95 0.81 0.76 0.13 0.24 2.70 2.69 1.94 2.50 2.77 0.36 1.32 1.14 0.69 0.61 0.10 0.19 2.73 2.71 1.39 1.78 2.34 2.26 2.16 1.14 0.86 0.21 0.22 2.70 2.70 1.84 0.91 0.28 2.77 2.77 0.68 0.44 0.05 0.18 2.70 2.70 0.73 0.28 0.07 0.56 1.60 0.32 1.18 0.66 0.07 0.13 2.72 2.73 0.62 0.24 0.05 0.35 0.81 0.36 2.07 1.99 0.25 0.17 2.71 2.70 0.59 0.23 0.08 0.34 0.58 1.02

I got: 2.74 2.77 0.62 2.71 2.72 1.31 0.51 0.04 0.62 1.33 1.73 2.77 1.97 1.70 2.70 2.70 0.72 0.27 0.07 0.33 0.78 0.86 0.71 0.39 0.47 2.77 2.77 2.70 1.16 0.44 0.07 0.48 1.19 1.15 0.46 0.20 0.24 0.36 0.30 0.24 0.07 0.06 0.24 0.08 0.04 0.07 0.05 0.18 0.03 0.72 1.16 0.57 2.75 0.70 0.05 0.49 1.22 1.11 0.34 0.16 0.08 0.66 0.81 1.50 2.77 2.73 0.19 0.68 1.40 1.20 0.38 0.13 0.14 1.02 1.23 1.77 2.38 2.72 2.77 2.67 2.32 1.90 0.60 0.19 0.01 0.01 0.01 0.01 0.01 0.00 0.01 0.06 0.02 0.02 0.09 0.05 0.06 0.76 0.77 0.73 0.15 0.24 2.70 2.09 0.72 1.59 0.44 0.17 0.01 0.70 0.61 0.67 0.13 0.23 2.70 2.70 0.74 2.15 0.76 0.18 0.19 0.95 0.81 0.76 0.13 0.24 2.70 2.70 1.94 2.50 2.77 0.36 1.32 1.15 0.69 0.60 0.10 0.19 2.70 2.71 1.39 1.78 2.30 2.26 2.10 1.06 0.81 0.20 0.21 2.70 2.70 1.77 0.87 0.27 2.77 2.77 0.68 0.44 0.05 0.18 2.70 2.71 0.73 0.28 0.07 0.49 1.60 0.32 1.18 0.66 0.07 0.13 2.73 2.72 0.62 0.24 0.05 0.29 0.86 0.36 2.07 1.99 0.25 0.17 2.73 2.72 0.60 0.23 0.08 0.28 0.65 1.02

I got: 2.73 2.77 0.62 2.72 2.70 1.31 0.50 0.05 0.55 1.41 1.70 2.77 1.97 1.71 2.72 2.70 0.73 0.27 0.08 0.33 0.77 0.86 0.71 0.39 0.47 2.77 2.77 2.71 1.16 0.44 0.07 0.48 1.19 1.14 0.46 0.20 0.24 0.35 0.30 0.24 0.07 0.06 0.24 0.09 0.05 0.05 0.05 0.18 0.03 0.72 1.16 0.57 2.69 0.70 0.05 0.50 1.22 1.10 0.34 0.17 0.08 0.66 0.81 1.50 2.71 2.71 0.18 0.68 1.40 1.20 0.38 0.13 0.14 1.02 1.22 1.77 2.38 2.69 2.77 2.67 2.33 1.89 0.61 0.19 0.01 0.01 0.01 0.01 0.01 0.01 0.01 0.08 0.01 0.01 0.05 0.05 0.01 0.76 0.78 0.74 0.16 0.24 2.69 2.13 0.73 1.60 0.45 0.17 0.01 0.70 0.61 0.67 0.13 0.23 2.69 2.70 0.74 2.15 0.77 0.19 0.19 0.95 0.81 0.76 0.13 0.24 2.69 2.69 1.94 2.49 2.77 0.36 1.32 1.15 0.69 0.60 0.10 0.19 2.73 2.70 1.39 1.78 2.34 2.26 2.14 1.13 0.85 0.20 0.21 2.71 2.71 1.79 0.89 0.27 2.77 2.77 0.68 0.44 0.05 0.18 2.70 2.70 0.73 0.28 0.07 0.55 1.59 0.31 1.20 0.66 0.07 0.13 2.72 2.72 0.62 0.24 0.05 0.34 0.81 0.36 2.07 1.99 0.25 0.17 2.70 2.70 0.60 0.23 0.08 0.34 0.59 1.02

I got: 2.73 2.77 0.62 2.69 2.77 1.31 0.50 0.05 0.61 1.33 1.72 2.77 1.98 1.70 2.73 2.76 0.73 0.27 0.08 0.33 0.77 0.86 0.71 0.39 0.47 2.77 2.77 2.71 1.16 0.44 0.07 0.48 1.19 1.15 0.46 0.20 0.24 0.36 0.30 0.24 0.07 0.06 0.25 0.09 0.04 0.06 0.05 0.18 0.03 0.72 1.16 0.57 2.70 0.70 0.05 0.49 1.22 1.11 0.34 0.16 0.08 0.66 0.81 1.50 2.75 2.73 0.18 0.68 1.40 1.20 0.38 0.14 0.14 1.02 1.23 1.77 2.38 2.69 2.77 2.67 2.32 1.90 0.60 0.19 0.01 0.01 0.01 0.01 0.01 0.00 0.01 0.06 0.01 0.02 0.07 0.04 0.06 0.75 0.77 0.74 0.15 0.24 2.70 2.09 0.72 1.59 0.44 0.17 0.01 0.70 0.62 0.68 0.13 0.23 2.70 2.70 0.75 2.16 0.77 0.18 0.19 0.95 0.81 0.76 0.13 0.24 2.70 2.69 1.94 2.50 2.77 0.36 1.32 1.15 0.69 0.60 0.10 0.19 2.72 2.70 1.39 1.78 2.34 2.26 2.04 1.14 0.86 0.21 0.22 2.69 2.70 1.81 0.89 0.27 2.77 2.77 0.68 0.44 0.05 0.18 2.70 2.70 0.73 0.28 0.07 0.56 1.60 0.31 1.18 0.66 0.07 0.13 2.73 2.71 0.62 0.24 0.05 0.34 0.81 0.36 2.08 1.97 0.25 0.17 2.71 2.70 0.60 0.23 0.08 0.34 0.59 1.02

I got: 2.73 2.77 0.62 2.69 2.72 1.31 0.50 0.04 0.62 1.33 1.72 2.77 1.97 1.70 2.72 2.72 0.73 0.27 0.07 0.39 0.71 0.86 0.71 0.39 0.47 2.77 2.77 2.70 1.16 0.44 0.07 0.48 1.19 1.15 0.46 0.20 0.24 0.36 0.30 0.24 0.07 0.06 0.24 0.09 0.04 0.06 0.05 0.18 0.03 0.72 1.16 0.57 2.70 0.70 0.05 0.50 1.22 1.11 0.34 0.16 0.08 0.66 0.81 1.50 2.72 2.74 0.18 0.68 1.41 1.21 0.38 0.13 0.14 1.02 1.22 1.77 2.37 2.70 2.77 2.67 2.33 1.90 0.60 0.19 0.01 0.01 0.01 0.01 0.01 0.01 0.01 0.06 0.01 0.03 0.08 0.04 0.05 0.74 0.73 0.71 0.14 0.24 2.69 2.02 0.71 1.53 0.43 0.18 0.01 0.71 0.62 0.67 0.12 0.23 2.70 2.69 0.74 2.14 0.76 0.19 0.19 0.95 0.81 0.76 0.13 0.24 2.70 2.69 1.94 2.50 2.77 0.36 1.32 1.14 0.69 0.60 0.10 0.19 2.71 2.70 1.39 1.78 2.34 2.26 2.03 1.14 0.86 0.21 0.22 2.69 2.70 1.77 0.88 0.27 2.77 2.77 0.68 0.44 0.05 0.18 2.75 51.53 0.72 0.28 0.07 0.54 1.59 0.31 1.21 0.66 0.07 0.13 2.78 2.74 0.62 0.24 0.05 0.29 0.86 0.36 2.07 1.99 0.25 0.17 2.72 2.71 0.60 0.23 0.08 0.28 0.65 1.02

I got: 2.74 2.77 0.62 2.72 2.70 1.31 0.50 0.04 0.55 1.40 1.72 2.77 1.97 1.70 2.72 2.70 0.73 0.27 0.07 0.33 0.78 0.86 0.71 0.39 0.47 2.77 2.77 2.70 1.16 0.44 0.07 0.48 1.19 1.15 0.46 0.21 0.24 0.36 0.29 0.24 0.07 0.06 0.24 0.09 0.04 0.05 0.05 0.18 0.03 0.72 1.16 0.57 2.70 0.70 0.05 0.49 1.22 1.10 0.34 0.16 0.08 0.66 0.81 1.50 2.72 2.71 0.18 0.68 1.40 1.20 0.38 0.13 0.14 1.02 1.22 1.77 2.38 2.70 2.77 2.67 2.33 1.90 0.60 0.19 0.01 0.01 0.01 0.01 0.01 0.01 0.01 0.06 0.01 0.01 0.06 0.07 0.07 0.77 0.79 0.75 0.16 0.24 2.70 2.14 0.73 1.61 0.45 0.18 0.01 0.70 0.61 0.67 0.12 0.23 2.69 2.70 0.74 2.15 0.77 0.19 0.19 0.95 0.81 0.76 0.13 0.24 2.69 51.53 1.94 2.49 2.77 0.36 1.32 1.15 0.69 0.61 0.10 0.19 2.72 2.71 1.39 1.78 2.34 2.26 2.17 1.15 0.86 0.21 0.22 2.70 2.71 1.85 0.92 0.28 2.77 2.77 0.68 0.44 0.05 0.18 2.71 2.71 0.73 0.28 0.07 0.56 1.60 0.31 1.20 0.65 0.07 0.13 2.74 2.72 0.62 0.24 0.05 0.35 0.80 0.36 2.07 1.99 0.25 0.17 2.72 2.70 0.60 0.23 0.08 0.35 0.58 1.02

I got: 2.73 2.77 0.62 2.70 2.71 1.31 0.50 0.05 0.63 1.32 1.72 2.77 1.97 1.70 2.72 2.72 0.73 0.27 0.07 0.41 0.69 0.86 0.71 0.39 0.46 2.77 2.77 2.71 1.16 0.44 0.07 0.57 1.11 1.15 0.46 0.20 0.24 0.36 0.30 0.24 0.07 0.06 0.24 0.23 0.18 0.06 0.05 0.18 0.03 0.72 1.16 0.57 2.70 0.70 0.05 0.57 1.14 1.11 0.34 0.16 0.08 0.65 0.81 1.50 2.72 2.74 0.19 0.73 1.35 1.20 0.38 0.13 0.14 1.02 1.22 1.77 2.38 2.70 2.77 2.71 2.29 1.90 0.61 0.19 0.01 0.01 0.01 0.01 0.01 0.01 0.01 0.05 0.01 0.02 0.08 0.04 0.06 0.76 0.77 0.74 0.15 0.24 2.70 2.10 0.73 1.58 0.44 0.17 0.01 0.70 0.61 0.67 0.12 0.23 2.70 2.69 0.74 2.14 0.77 0.18 0.19 0.95 0.81 0.76 0.13 0.24 2.69 2.73 1.94 2.49 2.77 0.36 1.32 1.15 0.69 0.60 0.10 0.19 2.72 2.75 1.39 1.78 2.34 2.26 2.12 1.12 0.84 0.20 0.21 2.72 2.71 1.77 0.88 0.27 2.77 2.77 0.68 0.44 0.05 0.18 2.70 2.71 0.73 0.28 0.07 0.55 1.59 0.31 1.19 0.66 0.07 0.13 2.76 2.72 0.62 0.24 0.05 0.34 0.82 0.36 2.07 1.98 0.25 0.17 2.71 2.71 0.60 0.23 0.08 0.33 0.59 1.02

I got: 2.74 2.77 0.62 2.70 2.72 1.31 0.50 0.05 0.61 1.34 1.71 2.77 1.97 1.70 2.73 2.72 0.73 0.27 0.07 0.38 0.72 0.86 0.71 0.39 0.47 2.77 2.77 2.71 1.16 0.44 0.07 0.48 1.19 1.14 0.46 0.20 0.24 0.36 0.30 0.24 0.07 0.06 0.24 0.09 0.04 0.05 0.05 0.19 0.03 0.72 1.16 0.57 2.70 0.70 0.05 0.49 1.22 1.11 0.34 0.17 0.08 0.66 0.81 1.49 2.72 2.74 0.18 0.68 1.40 1.20 0.38 0.13 0.14 1.02 1.22 1.77 2.38 2.70 2.77 2.67 2.33 1.90 0.60 0.19 0.01 0.01 0.01 0.01 0.01 0.01 0.01 0.05 0.01 0.01 0.06 0.06 0.06 0.76 0.76 0.73 0.15 0.24 2.71 2.08 0.72 1.57 0.44 0.17 0.01 0.70 0.66 0.73 0.16 0.23 2.69 2.69 0.76 2.20 0.78 0.19 0.19 0.95 0.81 0.76 0.13 0.24 2.70 2.69 1.94 2.50 2.77 0.36 1.32 1.15 0.69 0.60 0.10 0.19 2.72 2.71 1.39 1.78 2.34 2.26 2.11 1.12 0.84 0.20 0.21 2.72 2.71 1.77 0.87 0.27 2.77 2.77 0.69 0.44 0.05 0.18 2.69 2.70 0.73 0.28 0.07 0.49 1.60 0.32 1.18 0.66 0.07 0.13 2.73 2.72 0.62 0.24 0.05 0.29 0.87 0.36 2.07 1.99 0.25 0.17 2.71 2.70 0.60 0.23 0.07 0.28 0.65 1.02

