I got: 2.58 2.56 0.64 2.72 2.70 1.05 0.80 0.04 0.62 0.76 1.25 2.77 1.61 1.49 2.71 2.71 0.55 0.44 0.07 0.37 0.44 0.53 0.72 0.40 0.48 2.73 2.78 2.73 0.96 0.70 0.06 0.55 0.64 0.51 0.39 0.20 0.24 0.34 0.29 0.24 0.30 0.03 0.24 0.11 0.16 0.05 0.05 0.18 0.09 0.44 0.95 0.55 2.70 1.74 0.06 0.92 1.02 0.31 0.08 0.12 0.06 0.41 0.45 1.23 2.71 2.70 0.66 2.57 2.73 0.73 0.16 0.12 0.04 0.69 0.80 1.52 2.13 2.70 2.77 2.76 2.77 1.61 0.36 0.17 0.01 0.01 0.01 0.01 0.01 0.01 0.01 0.06 0.02 0.01 0.09 0.04 0.05 0.68 0.63 0.67 0.16 0.25 2.70 2.77 1.14 2.23 0.44 0.18 0.02 0.50 0.39 0.48 0.11 0.17 2.73 2.71 1.34 2.77 0.56 0.13 0.15 0.70 0.40 0.40 0.06 0.18 2.71 2.70 2.76 2.76 2.77 0.31 1.21 0.98 0.40 0.33 0.04 0.14 2.72 2.72 2.77 2.77 2.77 1.85 1.68 0.52 0.38 0.07 0.14 2.73 2.72 2.77 2.77 0.67 2.77 2.77 0.60 0.27 0.12 0.16 2.70 2.70 0.80 0.66 0.04 0.86 1.49 0.30 1.11 0.62 0.05 0.12 2.72 2.72 0.49 0.40 0.04 0.40 0.55 0.33 2.02 1.75 0.25 0.17 2.71 2.70 0.44 0.36 0.07 0.38 0.32 0.87

I got: 2.58 2.56 0.65 2.69 2.72 1.05 0.80 0.04 0.69 0.69 1.25 2.77 1.61 1.49 2.71 2.71 0.55 0.44 0.07 0.45 0.38 0.53 0.72 0.41 0.49 2.73 2.77 2.70 0.96 0.70 0.06 0.63 0.55 0.51 0.39 0.20 0.24 0.35 0.29 0.24 0.29 0.03 0.24 0.24 0.18 0.05 0.05 0.18 0.09 0.44 0.96 0.55 2.70 1.74 0.06 1.00 0.94 0.30 0.08 0.13 0.06 0.40 0.45 1.23 2.69 2.72 0.66 2.60 2.70 0.73 0.16 0.12 0.04 0.69 0.80 1.52 2.13 2.70 2.77 2.77 2.77 1.61 0.36 0.18 0.01 0.02 0.01 0.01 0.01 0.01 0.01 0.05 0.02 0.01 0.05 0.06 0.05 0.68 0.62 0.67 0.16 0.25 2.69 2.77 1.14 2.22 0.43 0.17 0.02 0.50 0.39 0.48 0.11 0.17 2.72 2.70 1.34 2.77 0.55 0.13 0.15 0.70 0.40 0.40 0.06 0.18 2.71 2.71 2.77 2.77 2.76 0.31 1.21 0.99 0.40 0.33 0.04 0.14 2.71 2.72 2.77 2.77 2.77 1.86 1.77 0.61 0.51 0.06 0.13 2.71 2.77 2.77 2.77 0.65 2.74 2.74 0.60 0.27 0.11 0.16 2.69 2.70 0.80 0.66 0.04 0.78 1.49 0.30 1.13 0.62 0.05 0.12 2.74 2.72 0.49 0.40 0.04 0.35 0.60 0.33 2.02 1.76 0.25 0.17 2.73 2.69 0.44 0.36 0.07 0.31 0.38 0.87

I got: 2.57 2.56 0.65 2.69 2.72 1.05 0.80 0.04 0.62 0.76 1.25 2.77 1.61 1.49 2.72 2.72 0.55 0.44 0.07 0.37 0.44 0.53 0.72 0.40 0.48 2.73 2.77 2.71 0.97 0.70 0.06 0.55 0.63 0.51 0.39 0.20 0.24 0.35 0.29 0.24 0.30 0.03 0.24 0.11 0.16 0.05 0.05 0.19 0.09 0.44 0.95 0.55 2.70 1.75 0.06 0.91 1.01 0.31 0.08 0.13 0.06 0.41 0.45 1.23 2.70 2.72 0.66 2.57 2.73 0.73 0.16 0.12 0.04 0.69 0.80 1.52 2.13 2.69 2.77 2.77 2.77 1.62 0.36 0.18 0.01 0.01 0.01 0.01 0.01 0.01 0.01 0.07 0.02 0.01 0.08 0.09 0.03 0.68 0.61 0.67 0.15 0.25 2.70 2.77 1.13 2.20 0.43 0.18 0.02 0.50 0.39 0.48 0.11 0.17 2.72 2.71 1.34 2.77 0.56 0.13 0.15 0.70 0.40 0.40 0.06 0.18 2.71 2.70 2.77 2.77 2.77 0.31 1.21 0.99 0.40 0.33 0.05 0.14 2.70 2.72 2.77 2.77 2.77 1.86 1.72 0.61 0.37 0.07 0.14 2.72 2.71 2.77 2.77 0.66 2.76 2.74 0.60 0.27 0.11 0.16 2.69 2.69 0.80 0.66 0.04 0.78 1.48 0.31 1.11 0.61 0.05 0.12 2.73 2.72 0.49 0.40 0.04 0.35 0.60 0.34 2.02 1.76 0.25 0.17 2.70 2.70 0.44 0.36 0.07 0.31 0.38 0.87

I got: 2.58 2.56 0.64 2.70 2.70 1.05 0.80 0.04 0.62 0.76 1.26 2.77 1.61 1.49 2.71 2.71 0.55 0.44 0.07 0.37 0.44 0.53 0.72 0.40 0.49 2.73 2.77 2.70 0.96 0.70 0.06 0.55 0.63 0.51 0.38 0.21 0.24 0.35 0.29 0.24 0.29 0.03 0.24 0.11 0.16 0.05 0.05 0.18 0.09 0.44 0.95 0.55 2.69 1.75 0.07 0.92 1.02 0.30 0.08 0.13 0.06 0.40 0.45 1.23 2.69 2.72 0.66 2.57 2.74 0.73 0.16 0.12 0.04 0.69 0.80 1.52 2.13 2.69 2.77 2.77 2.77 1.61 0.36 0.18 0.01 0.01 0.01 0.01 0.01 0.01 0.01 0.06 0.02 0.01 0.07 0.07 0.03 0.63 0.61 0.67 0.15 0.25 2.70 2.77 1.13 2.21 0.43 0.17 0.02 0.50 0.39 0.48 0.11 0.17 2.74 2.72 1.34 2.77 0.55 0.13 0.15 0.70 0.40 0.40 0.06 0.18 2.70 2.73 2.76 2.76 2.77 0.31 1.21 0.98 0.40 0.33 0.04 0.14 2.72 2.74 2.77 2.77 2.77 1.85 1.75 0.59 0.37 0.07 0.13 2.71 2.76 2.77 2.77 0.66 2.76 2.75 0.60 0.26 0.12 0.16 2.71 2.72 0.79 0.66 0.04 0.79 1.49 0.30 1.09 0.62 0.04 0.12 2.71 2.73 0.49 0.40 0.04 0.35 0.60 0.33 2.02 1.77 0.25 0.17 2.72 2.73 0.44 0.36 0.07 0.31 0.38 0.87

I got: 2.58 2.56 0.65 2.73 2.70 1.05 0.80 0.04 0.62 0.76 1.26 2.77 1.62 1.49 2.71 2.70 0.55 0.44 0.07 0.37 0.44 0.53 0.72 0.40 0.48 2.72 2.77 2.70 0.96 0.70 0.06 0.55 0.63 0.52 0.38 0.21 0.24 0.35 0.29 0.24 0.30 0.03 0.24 0.11 0.16 0.05 0.05 0.18 0.09 0.45 0.95 0.55 2.70 1.75 0.07 0.92 1.02 0.31 0.09 0.13 0.06 0.41 0.45 1.23 2.71 2.69 0.66 2.57 2.73 0.74 0.17 0.12 0.04 0.69 0.80 1.52 2.13 2.70 2.77 2.77 2.77 1.61 0.36 0.18 0.01 0.01 0.01 0.01 0.01 0.01 0.01 0.07 0.02 0.01 0.05 0.08 0.03 0.68 0.62 0.67 0.16 0.25 2.70 2.77 1.14 2.22 0.44 0.17 0.02 0.50 0.38 0.47 0.11 0.17 2.73 2.70 1.34 2.77 0.55 0.13 0.15 0.70 0.40 0.40 0.06 0.18 2.71 2.70 2.77 2.77 2.77 0.32 1.21 0.99 0.40 0.33 0.04 0.14 2.69 2.72 2.77 2.77 2.77 1.86 1.79 0.63 0.38 0.07 0.14 2.72 2.72 2.77 2.77 0.60 2.77 2.77 0.59 0.27 0.11 0.16 2.70 2.69 0.80 0.66 0.04 0.88 1.49 0.31 1.11 0.62 0.05 0.12 2.72 2.73 0.49 0.40 0.04 0.42 0.53 0.33 2.02 1.76 0.25 0.17 2.72 2.70 0.44 0.36 0.07 0.40 0.29 0.87

I got: 2.58 2.56 0.64 2.72 2.72 1.05 0.80 0.04 0.72 0.66 1.25 2.77 1.62 1.49 2.72 2.71 0.55 0.44 0.07 0.47 0.35 0.53 0.72 0.40 0.48 2.72 2.77 2.71 0.96 0.70 0.06 0.65 0.53 0.51 0.38 0.20 0.24 0.35 0.29 0.24 0.30 0.03 0.24 0.28 0.18 0.06 0.06 0.18 0.09 0.44 0.95 0.55 2.70 1.75 0.07 1.02 0.91 0.31 0.09 0.13 0.06 0.40 0.45 1.23 2.70 2.70 0.66 2.61 2.69 0.73 0.16 0.12 0.04 0.70 0.80 1.52 2.13 2.75 2.77 2.77 2.76 1.62 0.36 0.18 0.01 0.01 0.01 0.01 0.01 0.01 0.01 0.05 0.01 0.01 0.07 0.06 0.05 0.69 0.64 0.69 0.16 0.25 2.72 2.77 1.16 2.25 0.45 0.17 0.02 0.50 0.38 0.47 0.11 0.17 2.75 2.70 1.34 2.77 0.55 0.14 0.15 0.70 0.40 0.41 0.06 0.18 2.71 2.70 2.77 2.77 2.77 0.31 1.21 0.98 0.40 0.33 0.04 0.14 2.71 2.72 2.77 2.77 2.76 1.85 1.81 0.62 0.39 0.07 0.15 2.72 2.72 2.77 2.77 0.72 2.77 2.77 0.59 0.27 0.11 0.16 2.71 2.71 0.79 0.66 0.04 0.88 1.48 0.30 1.10 0.62 0.05 0.11 2.74 2.72 0.49 0.40 0.04 0.42 0.53 0.34 2.02 1.76 0.25 0.17 2.71 2.72 0.44 0.36 0.07 0.40 0.29 0.87

I got: 2.58 2.56 0.65 2.72 2.71 1.05 0.80 0.04 0.72 0.66 1.26 2.77 1.61 1.48 2.71 2.71 0.55 0.44 0.07 0.47 0.35 0.53 0.72 0.40 0.48 2.72 2.77 2.70 0.96 0.70 0.06 0.66 0.53 0.51 0.39 0.20 0.25 0.34 0.29 0.24 0.29 0.03 0.24 0.28 0.18 0.06 0.05 0.18 0.09 0.44 0.95 0.55 2.70 1.75 0.06 1.02 0.91 0.31 0.08 0.13 0.06 0.41 0.45 1.24 2.71 2.70 0.66 2.62 2.69 0.73 0.16 0.12 0.04 0.69 0.80 1.52 2.13 2.70 2.76 2.77 2.77 1.61 0.36 0.17 0.01 0.01 0.01 0.01 0.01 0.01 0.01 0.06 0.03 0.01 0.06 0.07 0.06 0.70 0.65 0.69 0.17 0.25 2.70 2.77 1.17 2.26 0.45 0.18 0.02 0.50 0.38 0.47 0.10 0.17 2.72 2.70 1.33 2.77 0.55 0.13 0.15 0.70 0.40 0.40 0.06 0.18 2.72 2.70 2.77 2.76 2.77 0.31 1.21 0.99 0.40 0.33 0.04 0.14 2.70 2.73 2.77 2.77 2.77 1.85 1.85 0.64 0.39 0.07 0.15 2.71 2.70 2.77 2.77 0.72 2.77 2.77 0.59 0.26 0.11 0.16 2.71 2.70 0.79 0.65 0.04 0.88 1.48 0.30 1.10 0.62 0.05 0.12 2.73 2.73 0.49 0.40 0.04 0.42 0.53 0.33 2.02 1.77 0.25 0.17 2.72 2.70 0.44 0.36 0.07 0.39 0.29 0.87

I got: 2.57 2.55 0.65 2.71 2.72 1.06 0.80 0.04 0.72 0.66 1.26 2.77 1.61 1.49 2.72 2.72 0.56 0.44 0.07 0.47 0.35 0.54 0.72 0.40 0.48 2.72 2.77 2.71 0.97 0.71 0.06 0.66 0.53 0.52 0.39 0.20 0.24 0.34 0.29 0.24 0.29 0.03 0.24 0.28 0.18 0.05 0.05 0.18 0.09 0.45 0.95 0.55 2.74 1.75 0.07 1.02 0.91 0.30 0.08 0.12 0.06 0.40 0.45 1.24 2.75 2.72 0.66 2.61 2.69 0.74 0.17 0.12 0.04 0.69 0.80 1.52 2.13 2.69 2.77 2.77 2.77 1.62 0.36 0.18 0.01 0.01 0.01 0.01 0.01 0.01 0.01 0.06 0.02 0.01 0.07 0.09 0.06 0.70 0.64 0.69 0.16 0.25 2.70 2.77 1.16 2.26 0.45 0.18 0.02 0.49 0.38 0.46 0.10 0.17 2.71 2.72 1.32 2.77 0.55 0.13 0.15 0.70 0.40 0.40 0.06 0.18 2.70 2.70 2.77 2.77 2.77 0.31 1.21 0.98 0.40 0.33 0.04 0.14 2.72 2.71 2.77 2.77 2.77 1.85 1.83 0.63 0.38 0.07 0.15 2.71 2.70 2.77 2.77 0.71 2.77 2.77 0.59 0.26 0.11 0.16 2.69 2.70 0.79 0.65 0.04 0.87 1.47 0.30 1.09 0.62 0.05 0.12 2.72 2.73 0.49 0.40 0.04 0.41 0.53 0.33 2.03 1.76 0.25 0.17 2.70 2.71 0.44 0.36 0.07 0.39 0.30 0.87

I got: 2.58 2.55 0.65 2.72 2.70 1.05 0.80 0.04 0.71 0.67 1.26 2.77 1.62 1.49 2.69 2.70 0.55 0.44 0.07 0.46 0.36 0.53 0.72 0.41 0.48 2.72 2.77 2.70 0.96 0.70 0.06 0.65 0.54 0.51 0.39 0.20 0.25 0.34 0.29 0.24 0.29 0.03 0.24 0.27 0.18 0.05 0.05 0.18 0.09 0.44 0.95 0.55 2.69 1.74 0.06 1.01 0.92 0.31 0.08 0.13 0.06 0.40 0.45 1.23 2.70 2.71 0.66 2.61 2.69 0.73 0.16 0.12 0.04 0.69 0.80 1.52 2.13 2.69 2.75 2.77 2.77 1.61 0.36 0.17 0.01 0.01 0.01 0.01 0.01 0.01 0.01 0.08 0.01 0.02 0.08 0.06 0.05 0.68 0.62 0.67 0.16 0.25 2.69 2.77 1.14 2.23 0.44 0.17 0.02 0.50 0.38 0.47 0.10 0.17 2.71 2.72 1.33 2.77 0.55 0.14 0.15 0.70 0.40 0.41 0.06 0.18 2.70 2.70 2.77 2.76 2.77 0.31 1.21 0.98 0.40 0.33 0.04 0.14 2.72 2.70 2.76 2.77 2.77 1.85 1.79 0.62 0.37 0.07 0.14 2.73 2.72 2.77 2.77 0.70 2.77 2.77 0.58 0.26 0.11 0.16 2.70 2.70 0.78 0.65 0.04 0.86 1.47 0.30 1.11 0.62 0.05 0.12 2.72 2.72 0.49 0.40 0.04 0.41 0.53 0.33 2.03 1.76 0.25 0.17 2.71 2.72 0.44 0.36 0.07 0.39 0.30 0.88

I got: 2.57 2.55 0.65 2.72 2.74 1.05 0.80 0.04 0.71 0.67 1.26 2.77 1.62 1.49 2.70 2.70 0.55 0.44 0.07 0.46 0.36 0.54 0.72 0.40 0.48 2.72 2.77 2.70 0.96 0.71 0.06 0.65 0.53 0.51 0.39 0.20 0.24 0.35 0.30 0.24 0.29 0.03 0.24 0.26 0.18 0.05 0.05 0.18 0.10 0.45 0.95 0.55 2.69 1.75 0.06 1.01 0.92 0.30 0.08 0.13 0.06 0.41 0.45 1.24 2.70 2.71 0.66 2.61 2.69 0.73 0.16 0.12 0.04 0.69 0.80 1.52 2.13 2.69 2.76 2.77 2.77 1.61 0.36 0.17 0.01 0.01 0.01 0.01 0.01 0.01 0.01 0.05 0.02 0.01 0.05 0.09 0.05 0.69 0.62 0.67 0.16 0.25 2.70 2.77 1.14 2.23 0.44 0.18 0.02 0.49 0.43 0.49 0.12 0.17 2.73 2.71 1.35 2.77 0.56 0.13 0.15 0.69 0.40 0.40 0.06 0.18 2.70 2.69 2.77 2.77 2.77 0.31 1.21 0.99 0.40 0.33 0.04 0.14 2.72 2.71 2.77 2.77 2.77 1.86 1.78 0.61 0.37 0.07 0.14 2.72 2.71 2.77 2.77 0.70 2.77 2.77 0.59 0.27 0.11 0.16 2.70 2.71 0.80 0.66 0.04 0.87 1.48 0.30 1.12 0.62 0.05 0.11 2.73 2.73 0.49 0.40 0.04 0.41 0.54 0.33 2.02 1.76 0.25 0.17 2.72 2.72 0.44 0.36 0.07 0.38 0.31 0.87

I got: 2.58 2.56 0.64 2.73 2.70 1.05 0.80 0.04 0.71 0.68 1.25 2.77 1.61 1.49 2.71 2.70 0.55 0.44 0.07 0.45 0.36 0.53 0.72 0.40 0.48 2.72 2.77 2.70 0.96 0.70 0.06 0.65 0.54 0.51 0.39 0.20 0.25 0.34 0.29 0.24 0.29 0.03 0.24 0.26 0.18 0.05 0.05 0.18 0.09 0.44 0.95 0.55 2.70 1.74 0.07 1.00 0.93 0.31 0.08 0.13 0.06 0.41 0.45 1.23 2.71 2.69 0.66 2.61 2.69 0.73 0.16 0.12 0.04 0.69 0.80 1.52 2.13 2.70 2.77 2.77 2.77 1.61 0.36 0.17 0.01 0.01 0.01 0.01 0.01 0.01 0.01 0.06 0.02 0.01 0.07 0.06 0.05 0.67 0.61 0.67 0.16 0.25 2.70 2.77 1.12 2.19 0.43 0.18 0.02 0.50 0.42 0.50 0.12 0.17 2.73 2.71 1.35 2.76 0.56 0.13 0.15 0.70 0.40 0.40 0.06 0.18 2.71 2.70 2.77 2.76 2.77 0.31 1.21 0.99 0.41 0.33 0.04 0.14 2.72 2.71 2.77 2.77 2.77 1.86 1.74 0.60 0.36 0.07 0.13 2.78 2.73 2.77 2.77 0.80 2.77 2.77 0.60 0.27 0.11 0.16 2.71 2.70 0.80 0.66 0.04 0.87 1.48 0.30 1.09 0.62 0.05 0.11 2.76 2.74 0.49 0.40 0.04 0.40 0.54 0.34 2.02 1.77 0.25 0.17 2.72 2.72 0.44 0.36 0.07 0.38 0.31 0.87

I got: 2.58 2.56 0.65 2.70 2.72 1.05 0.80 0.04 0.70 0.68 1.25 2.77 1.61 1.49 2.73 2.72 0.55 0.44 0.07 0.45 0.37 0.53 0.72 0.40 0.48 2.73 2.77 2.71 0.96 0.70 0.06 0.64 0.55 0.51 0.39 0.20 0.24 0.35 0.29 0.24 0.30 0.03 0.24 0.25 0.18 0.05 0.05 0.18 0.09 0.44 0.95 0.55 2.70 1.75 0.07 1.00 0.93 0.31 0.08 0.13 0.06 0.40 0.45 1.23 2.70 2.72 0.66 2.60 2.69 0.73 0.16 0.12 0.04 0.69 0.80 1.52 2.13 2.69 2.77 2.77 2.77 1.61 0.36 0.18 0.01 0.01 0.01 0.01 0.01 0.01 0.01 0.06 0.01 0.01 0.08 0.09 0.05 0.67 0.60 0.66 0.15 0.25 2.69 2.77 1.12 2.17 0.42 0.17 0.02 0.50 0.42 0.49 0.12 0.17 2.71 2.72 1.35 2.77 0.56 0.13 0.15 0.70 0.40 0.40 0.06 0.18 2.69 2.71 2.77 2.77 2.77 0.32 1.21 0.99 0.40 0.33 0.04 0.14 2.73 2.70 2.77 2.77 2.77 1.86 1.73 0.60 0.36 0.07 0.14 2.72 2.73 2.77 2.77 0.67 2.77 2.77 0.60 0.27 0.12 0.16 2.70 2.70 0.79 0.66 0.04 0.87 1.48 0.31 1.10 0.62 0.04 0.12 2.73 2.73 0.49 0.40 0.04 0.41 0.54 0.33 2.03 1.76 0.25 0.17 2.69 2.70 0.44 0.36 0.07 0.38 0.31 0.87

