I got: 2.67 2.77 0.56 2.70 2.71 1.67 0.27 0.10 0.26 0.53 1.23 2.77 2.09 2.12 2.72 2.71 1.07 0.17 0.11 0.19 0.30 0.55 0.68 0.39 0.42 2.77 2.77 2.69 1.94 0.31 0.10 0.28 0.48 0.59 0.34 0.19 0.25 0.36 0.30 0.24 0.03 0.04 0.24 0.09 0.04 0.05 0.04 0.18 0.07 0.98 1.81 0.45 2.70 1.23 0.06 0.70 1.31 1.12 0.41 0.18 0.12 0.88 1.51 2.30 2.70 2.73 0.23 0.85 1.40 1.10 0.42 0.14 0.16 1.21 2.07 2.59 2.56 2.70 2.77 2.72 2.26 1.57 0.58 0.19 0.01 0.01 0.01 0.01 0.01 0.01 0.01 0.06 0.01 0.01 0.05 0.06 0.07 0.47 0.61 0.89 0.33 0.29 2.71 2.10 0.66 0.83 0.21 0.12 0.11 0.38 0.19 0.44 0.11 0.21 2.69 2.70 0.74 1.92 0.46 0.14 0.12 0.66 0.28 0.42 0.07 0.21 2.69 2.70 1.47 2.47 2.47 0.35 1.31 0.98 0.31 0.33 0.05 0.17 2.71 2.70 1.02 1.63 1.99 1.90 2.06 0.61 0.47 0.12 0.20 2.70 2.70 1.23 0.61 0.25 2.72 2.77 0.53 0.28 0.09 0.17 2.70 2.70 0.49 0.10 0.11 0.31 1.47 0.31 1.14 0.54 0.05 0.12 2.73 2.73 0.49 0.08 0.08 0.13 0.47 0.34 2.03 1.93 0.22 0.17 2.71 2.74 0.62 0.10 0.11 0.13 0.23 0.85

I got: 2.67 2.77 0.56 2.74 2.71 1.67 0.27 0.10 0.26 0.53 1.24 2.77 2.09 2.11 2.74 2.71 1.07 0.17 0.11 0.19 0.30 0.55 0.68 0.39 0.41 2.77 2.77 2.69 1.94 0.31 0.11 0.28 0.48 0.59 0.34 0.20 0.24 0.36 0.30 0.24 0.03 0.04 0.24 0.10 0.04 0.05 0.04 0.18 0.07 0.98 1.80 0.45 2.70 1.24 0.06 0.70 1.31 1.12 0.41 0.18 0.12 0.87 1.50 2.30 2.71 2.73 0.23 0.85 1.40 1.10 0.42 0.14 0.16 1.21 2.07 2.59 2.56 2.70 2.77 2.73 2.26 1.57 0.58 0.20 0.01 0.02 0.01 0.01 0.01 0.01 0.01 0.08 0.01 0.01 0.05 0.06 0.07 0.47 0.61 0.89 0.33 0.28 2.70 2.08 0.65 0.83 0.20 0.12 0.11 0.37 0.19 0.44 0.11 0.21 2.70 2.71 0.74 1.92 0.46 0.14 0.12 0.66 0.28 0.42 0.07 0.21 2.70 2.69 1.48 2.48 2.47 0.35 1.31 0.98 0.31 0.33 0.05 0.17 2.70 2.70 1.02 1.62 1.99 1.90 2.04 0.61 0.45 0.11 0.19 2.70 2.70 1.22 0.58 0.25 2.74 2.77 0.52 0.28 0.09 0.17 2.70 2.70 0.49 0.10 0.11 0.39 1.48 0.31 1.10 0.55 0.05 0.12 2.72 2.73 0.49 0.08 0.08 0.18 0.41 0.33 2.04 1.89 0.22 0.17 2.71 2.70 0.62 0.10 0.11 0.20 0.17 0.85

I got: 2.67 2.77 0.56 2.73 2.70 1.67 0.27 0.09 0.34 0.45 1.24 2.77 2.09 2.12 2.69 2.69 1.08 0.17 0.11 0.26 0.23 0.56 0.68 0.39 0.41 2.77 2.77 2.70 1.94 0.31 0.10 0.37 0.40 0.59 0.34 0.19 0.24 0.36 0.30 0.24 0.03 0.04 0.24 0.23 0.17 0.05 0.04 0.18 0.07 0.98 1.80 0.45 2.69 1.24 0.06 0.78 1.23 1.12 0.42 0.18 0.12 0.87 1.50 2.30 2.72 2.74 0.23 0.89 1.35 1.11 0.42 0.14 0.16 1.21 2.07 2.59 2.56 2.71 2.77 2.76 2.23 1.57 0.58 0.19 0.01 0.01 0.01 0.01 0.01 0.01 0.01 0.06 0.01 0.02 0.09 0.06 0.04 0.47 0.58 0.86 0.31 0.28 2.72 1.99 0.63 0.80 0.20 0.12 0.11 0.37 0.19 0.44 0.11 0.21 2.71 2.69 0.74 1.93 0.46 0.14 0.12 0.66 0.28 0.42 0.07 0.21 2.74 2.69 1.47 2.48 2.47 0.34 1.31 0.98 0.31 0.33 0.05 0.17 2.75 2.70 1.02 1.62 1.98 1.90 1.90 0.59 0.45 0.11 0.18 2.73 2.71 1.19 0.58 0.24 2.68 2.77 0.52 0.28 0.09 0.17 2.71 2.72 0.49 0.10 0.11 0.39 1.47 0.31 1.13 0.54 0.05 0.12 2.72 2.75 0.49 0.08 0.08 0.18 0.42 0.34 2.06 1.89 0.22 0.17 2.72 2.70 0.63 0.10 0.11 0.20 0.17 0.85

I got: 2.68 2.77 0.56 2.71 2.71 1.67 0.27 0.09 0.34 0.45 1.24 2.77 2.09 2.12 2.72 2.71 1.08 0.17 0.11 0.25 0.23 0.55 0.68 0.39 0.41 2.77 2.77 2.69 1.94 0.31 0.10 0.37 0.40 0.59 0.34 0.19 0.24 0.36 0.30 0.24 0.03 0.04 0.24 0.22 0.16 0.05 0.04 0.19 0.07 0.99 1.80 0.45 2.70 1.23 0.06 0.69 1.32 1.12 0.41 0.19 0.12 0.87 1.51 2.30 2.71 2.71 0.23 0.84 1.39 1.11 0.42 0.14 0.16 1.21 2.07 2.59 2.56 2.70 2.77 2.73 2.27 1.57 0.58 0.20 0.01 0.01 0.01 0.01 0.01 0.01 0.01 0.05 0.01 0.01 0.07 0.08 0.04 0.48 0.60 0.88 0.32 0.28 2.70 2.05 0.65 0.82 0.20 0.12 0.11 0.37 0.18 0.44 0.11 0.21 2.69 2.70 0.74 1.91 0.46 0.15 0.12 0.66 0.28 0.42 0.07 0.22 2.69 2.70 1.47 2.47 2.47 0.35 1.31 0.98 0.31 0.33 0.05 0.17 2.71 2.71 1.02 1.62 1.99 1.89 2.01 0.60 0.45 0.11 0.19 2.70 2.69 1.25 0.61 0.25 2.74 2.77 0.52 0.28 0.09 0.17 2.69 2.70 0.49 0.10 0.11 0.32 1.46 0.31 1.12 0.54 0.05 0.12 2.73 2.73 0.49 0.08 0.08 0.13 0.47 0.33 2.03 1.91 0.22 0.17 2.69 2.72 0.62 0.10 0.11 0.13 0.24 0.85

I got: 2.67 2.77 0.56 2.71 2.70 1.67 0.27 0.10 0.26 0.53 1.24 2.77 2.09 2.12 2.71 2.69 1.08 0.17 0.11 0.18 0.30 0.56 0.68 0.39 0.41 2.77 2.77 2.70 1.94 0.31 0.11 0.28 0.48 0.58 0.34 0.20 0.24 0.36 0.30 0.24 0.03 0.04 0.24 0.10 0.04 0.05 0.04 0.18 0.07 0.98 1.80 0.45 2.69 1.23 0.06 0.70 1.31 1.12 0.41 0.18 0.12 0.87 1.51 2.30 2.73 2.74 0.23 0.84 1.40 1.10 0.41 0.14 0.16 1.22 2.07 2.59 2.56 2.71 2.77 2.73 2.27 1.57 0.58 0.20 0.01 0.01 0.01 0.01 0.01 0.01 0.01 0.06 0.01 0.01 0.05 0.05 0.07 0.45 0.46 0.86 0.32 0.29 2.70 2.03 0.64 0.81 0.20 0.12 0.11 0.37 0.18 0.44 0.11 0.22 2.70 2.75 0.74 1.91 0.46 0.14 0.12 0.66 0.28 0.42 0.07 0.22 2.72 2.69 1.47 2.48 2.47 0.35 1.31 0.98 0.31 0.33 0.05 0.17 2.72 2.70 1.02 1.62 1.98 1.89 1.99 0.59 0.46 0.11 0.19 2.71 2.70 1.22 0.62 0.25 2.76 2.77 0.52 0.28 0.09 0.17 2.69 2.70 0.49 0.10 0.11 0.40 1.47 0.30 1.13 0.54 0.05 0.12 2.74 2.73 0.49 0.08 0.08 0.18 0.41 0.33 2.02 1.89 0.22 0.17 2.71 2.71 0.62 0.10 0.11 0.21 0.16 0.85

I got: 2.67 2.77 0.56 2.72 2.69 1.67 0.27 0.10 0.35 0.44 1.24 2.77 2.09 2.12 2.71 2.70 1.08 0.17 0.11 0.27 0.22 0.55 0.68 0.39 0.41 2.77 2.77 2.70 1.94 0.31 0.11 0.38 0.39 0.59 0.34 0.19 0.25 0.36 0.30 0.24 0.03 0.04 0.24 0.24 0.18 0.05 0.04 0.18 0.07 0.98 1.80 0.45 2.70 1.23 0.06 0.78 1.23 1.12 0.41 0.18 0.12 0.87 1.51 2.30 2.70 2.74 0.23 0.89 1.36 1.10 0.42 0.13 0.16 1.21 2.07 2.59 2.56 2.71 2.77 2.72 2.26 1.58 0.58 0.19 0.01 0.02 0.01 0.01 0.01 0.01 0.01 0.06 0.01 0.01 0.06 0.06 0.04 0.47 0.59 0.88 0.33 0.28 2.71 2.02 0.64 0.80 0.20 0.12 0.11 0.37 0.18 0.44 0.11 0.21 2.71 2.70 0.74 1.92 0.46 0.14 0.12 0.66 0.28 0.42 0.07 0.22 2.70 2.68 1.47 2.48 2.47 0.35 1.31 0.98 0.31 0.33 0.05 0.17 2.70 2.70 1.02 1.62 1.98 1.89 1.95 0.57 0.46 0.11 0.19 2.69 2.71 1.20 0.58 0.24 2.67 2.77 0.52 0.28 0.08 0.17 2.71 2.69 0.49 0.10 0.11 0.32 1.46 0.30 1.10 0.55 0.06 0.12 2.72 2.71 0.48 0.08 0.08 0.13 0.47 0.33 2.06 1.88 0.22 0.17 2.70 2.70 0.63 0.10 0.11 0.13 0.24 0.85

I got: 2.66 2.77 0.56 2.73 2.69 1.67 0.27 0.09 0.26 0.52 1.24 2.77 2.09 2.12 2.70 2.70 1.08 0.17 0.11 0.18 0.30 0.55 0.68 0.39 0.41 2.77 2.77 2.71 1.94 0.31 0.11 0.28 0.48 0.59 0.34 0.19 0.25 0.36 0.30 0.24 0.03 0.04 0.24 0.09 0.04 0.05 0.04 0.18 0.07 0.99 1.80 0.45 2.70 1.23 0.06 0.69 1.32 1.12 0.41 0.19 0.12 0.87 1.51 2.29 2.71 2.74 0.23 0.84 1.40 1.10 0.42 0.13 0.17 1.21 2.07 2.59 2.56 2.73 2.77 2.73 2.27 1.58 0.58 0.20 0.01 0.01 0.01 0.01 0.01 0.01 0.01 0.06 0.01 0.01 0.08 0.08 0.04 0.48 0.60 0.88 0.33 0.28 2.71 2.06 0.65 0.82 0.20 0.12 0.11 0.37 0.18 0.43 0.10 0.21 2.69 2.69 0.74 1.91 0.46 0.14 0.12 0.66 0.28 0.42 0.07 0.21 2.70 2.70 1.47 2.48 2.47 0.35 1.31 0.98 0.31 0.34 0.05 0.17 2.72 2.71 1.02 1.63 1.99 1.89 1.99 0.59 0.46 0.11 0.19 2.71 2.70 1.21 0.59 0.24 2.71 2.77 0.52 0.28 0.08 0.17 2.69 2.71 0.49 0.10 0.11 0.32 1.47 0.30 1.12 0.54 0.05 0.12 2.72 2.71 0.48 0.08 0.08 0.13 0.47 0.33 2.04 1.88 0.22 0.17 2.71 2.71 0.63 0.10 0.11 0.13 0.23 0.85

I got: 2.67 2.77 0.56 2.71 2.72 1.67 0.27 0.10 0.26 0.53 1.24 2.77 2.09 2.12 2.70 2.71 1.08 0.17 0.11 0.18 0.30 0.56 0.68 0.39 0.41 2.77 2.77 2.70 1.94 0.31 0.10 0.28 0.48 0.58 0.34 0.20 0.24 0.36 0.30 0.24 0.03 0.04 0.24 0.10 0.04 0.05 0.04 0.18 0.07 0.98 1.81 0.45 2.70 1.23 0.06 0.69 1.31 1.12 0.41 0.18 0.12 0.87 1.51 2.30 2.72 2.73 0.23 0.85 1.40 1.10 0.42 0.14 0.17 1.21 2.07 2.58 2.56 2.70 2.77 2.73 2.26 1.57 0.58 0.19 0.01 0.02 0.01 0.01 0.01 0.01 0.01 0.07 0.01 0.01 0.06 0.06 0.04 0.48 0.61 0.89 0.33 0.28 2.70 2.07 0.65 0.82 0.20 0.12 0.11 0.37 0.18 0.44 0.10 0.21 2.69 2.70 0.73 1.90 0.46 0.14 0.12 0.66 0.28 0.41 0.07 0.21 2.70 2.70 1.47 2.48 2.47 0.35 1.31 0.98 0.31 0.33 0.05 0.17 2.70 2.70 1.02 1.62 1.99 1.89 2.03 0.61 0.47 0.11 0.19 2.70 2.72 1.25 0.61 0.25 2.74 2.77 0.52 0.28 0.09 0.17 2.70 2.70 0.49 0.10 0.11 0.39 1.46 0.30 1.11 0.55 0.05 0.12 2.72 2.72 0.49 0.08 0.08 0.18 0.41 0.34 2.06 1.90 0.22 0.17 2.70 2.71 0.63 0.10 0.11 0.21 0.17 0.85

I got: 2.67 2.77 0.56 2.71 2.71 1.67 0.27 0.09 0.35 0.44 1.24 2.77 2.09 2.12 2.70 2.70 1.08 0.17 0.11 0.26 0.22 0.56 0.68 0.39 0.41 2.77 2.77 2.74 1.94 0.31 0.11 0.38 0.40 0.59 0.34 0.20 0.25 0.36 0.30 0.24 0.03 0.04 0.24 0.23 0.17 0.06 0.04 0.18 0.07 0.98 1.80 0.45 2.72 1.24 0.06 0.78 1.23 1.12 0.41 0.18 0.12 0.87 1.51 2.30 2.72 2.72 0.23 0.90 1.35 1.10 0.42 0.14 0.16 1.21 2.07 2.59 2.56 2.71 2.77 2.76 2.23 1.57 0.58 0.19 0.01 0.01 0.01 0.01 0.01 0.01 0.01 0.05 0.02 0.02 0.05 0.06 0.05 0.47 0.58 0.86 0.31 0.28 2.70 1.99 0.63 0.79 0.18 0.13 0.11 0.37 0.17 0.43 0.10 0.21 2.71 2.70 0.73 1.90 0.46 0.14 0.13 0.66 0.28 0.42 0.07 0.21 2.70 2.69 1.47 2.49 2.46 0.35 1.31 0.99 0.31 0.33 0.05 0.17 2.70 2.70 1.02 1.62 1.97 1.89 2.01 0.60 0.62 0.11 0.19 2.70 2.70 1.27 0.62 0.25 2.77 2.77 0.52 0.28 0.09 0.17 2.70 2.71 0.49 0.09 0.11 0.40 1.45 0.30 1.12 0.54 0.05 0.12 2.74 2.72 0.49 0.08 0.08 0.19 0.41 0.34 2.04 1.91 0.22 0.17 2.71 2.71 0.63 0.10 0.11 0.21 0.16 0.85

I got: 2.67 2.77 0.56 2.71 2.70 1.67 0.27 0.10 0.35 0.44 1.24 2.77 2.08 2.12 2.71 2.69 1.08 0.17 0.11 0.27 0.22 0.55 0.68 0.39 0.41 2.77 2.77 2.70 1.94 0.31 0.10 0.38 0.39 0.59 0.34 0.19 0.24 0.36 0.30 0.24 0.03 0.04 0.24 0.25 0.18 0.05 0.04 0.19 0.07 0.98 1.80 0.45 2.69 1.23 0.06 0.79 1.22 1.12 0.41 0.19 0.12 0.87 1.50 2.29 2.72 2.73 0.23 0.90 1.34 1.10 0.42 0.14 0.16 1.21 2.07 2.59 2.56 2.70 2.77 2.77 2.24 1.56 0.58 0.19 0.01 0.01 0.01 0.01 0.01 0.01 0.01 0.06 0.02 0.01 0.06 0.08 0.04 0.48 0.60 0.88 0.32 0.28 2.70 2.05 0.65 0.81 0.20 0.13 0.11 0.37 0.18 0.43 0.10 0.22 2.71 2.69 0.73 1.90 0.46 0.14 0.13 0.66 0.28 0.42 0.08 0.22 2.70 2.69 1.47 2.48 2.47 0.35 1.31 0.98 0.31 0.34 0.05 0.17 2.69 2.71 1.02 1.62 1.99 1.89 2.00 0.60 0.46 0.11 0.18 2.70 2.71 1.19 0.59 0.24 2.70 2.77 0.52 0.28 0.08 0.17 2.70 2.69 0.49 0.10 0.11 0.31 1.46 0.30 1.12 0.54 0.05 0.12 2.74 2.71 0.48 0.08 0.08 0.13 0.47 0.33 2.04 1.91 0.22 0.17 2.77 2.70 0.62 0.10 0.11 0.13 0.24 0.85

I got: 2.67 2.77 0.56 2.71 2.73 1.67 0.27 0.09 0.26 0.53 1.24 2.77 2.09 2.12 2.72 2.73 1.08 0.17 0.11 0.19 0.32 0.54 0.68 0.39 0.41 2.77 2.77 2.70 1.94 0.31 0.10 0.28 0.49 0.58 0.34 0.20 0.24 0.36 0.30 0.24 0.03 0.04 0.24 0.10 0.04 0.05 0.04 0.18 0.07 0.98 1.80 0.45 2.70 1.23 0.06 0.69 1.32 1.11 0.41 0.18 0.12 0.87 1.51 2.30 2.70 2.73 0.23 0.85 1.40 1.10 0.42 0.13 0.16 1.22 2.07 2.59 2.56 2.70 2.77 2.73 2.27 1.57 0.58 0.19 0.01 0.01 0.01 0.01 0.01 0.01 0.01 0.05 0.02 0.02 0.06 0.05 0.07 0.47 0.60 0.88 0.33 0.28 2.70 2.07 0.65 0.82 0.20 0.13 0.11 0.38 0.17 0.42 0.10 0.22 2.70 2.70 0.73 1.88 0.46 0.14 0.12 0.66 0.28 0.41 0.07 0.22 2.69 2.70 1.47 2.47 2.47 0.35 1.31 0.98 0.31 0.33 0.05 0.17 2.72 2.70 1.02 1.62 1.99 1.89 1.93 0.59 0.46 0.11 0.18 2.71 2.71 1.22 0.59 0.24 2.69 2.77 0.52 0.28 0.09 0.17 2.69 2.70 0.48 0.10 0.11 0.31 1.45 0.30 1.11 0.54 0.05 0.12 2.72 2.72 0.48 0.08 0.08 0.13 0.46 0.34 2.04 1.90 0.22 0.17 2.70 2.73 0.62 0.10 0.11 0.13 0.24 0.85

I got: 2.67 2.77 0.56 2.72 2.72 1.67 0.27 0.10 0.26 0.53 1.22 2.77 2.09 2.12 2.71 2.71 1.08 0.17 0.11 0.19 0.30 0.55 0.68 0.39 0.41 2.77 2.77 2.70 1.94 0.31 0.10 0.29 0.49 0.58 0.34 0.19 0.24 0.36 0.30 0.24 0.03 0.04 0.24 0.10 0.05 0.06 0.04 0.18 0.07 0.98 1.80 0.45 2.69 1.23 0.06 0.69 1.34 1.13 0.41 0.19 0.12 0.87 1.51 2.30 2.72 2.73 51.53 0.85 1.38 1.11 0.42 0.14 0.16 1.21 2.07 2.59 2.56 2.70 2.77 2.76 2.23 1.57 0.58 0.19 0.01 0.01 0.01 0.01 0.01 0.00 0.01 0.05 0.02 0.05 0.05 0.05 0.04 0.48 0.60 0.88 0.32 0.28 2.70 2.05 0.65 0.81 0.20 0.12 0.11 0.37 0.18 0.43 0.10 0.22 2.70 2.70 0.73 1.90 0.46 0.14 0.13 0.66 0.28 0.42 0.07 0.22 2.69 2.69 1.47 2.48 2.47 0.36 1.31 0.99 0.31 0.34 0.05 0.17 2.70 2.70 1.02 1.63 1.99 1.89 1.96 0.62 0.46 0.11 0.19 2.70 2.74 1.24 0.60 0.24 2.67 2.77 0.52 0.28 0.09 0.17 2.72 2.71 0.49 0.10 0.11 0.40 1.45 0.30 1.13 0.54 0.05 0.12 2.74 2.73 0.48 0.08 0.08 0.19 0.40 0.33 2.06 1.89 0.22 0.17 2.73 2.70 0.63 0.10 0.11 0.22 0.16 0.85

