I got: 1.05 0.63 0.54 0.61 2.66 0.22 1.47 0.84 0.64 0.56 0.49 1.16 1.08 0.59 0.53 2.66 0.13 2.65 1.36 0.78 0.56 0.40 0.56 0.94 1.13 1.27 0.74 2.65 0.14 2.66 1.40 1.52 0.79 0.52 0.58 0.48 0.50 1.33 1.20 2.65 0.13 2.67 0.70 1.26 1.20 0.64 0.60 0.36 0.36 0.77 1.35 2.70 0.17 2.65 0.57 0.71 1.21 1.31 0.90 0.42 0.40 0.67 0.89 1.69 0.29 2.66 0.70 0.70 0.86 1.71 2.00 0.70 0.07 0.01 0.01 0.07 0.01 0.87 0.08 0.01 0.00 0.01 0.08 0.01 0.01 0.01 0.01 0.01 0.01 0.83 0.01 0.01 0.01 0.01 0.01 0.06 1.12 0.58 0.63 0.64 2.65 0.06 1.50 0.84 0.70 0.52 0.57 1.09 1.01 0.66 0.54 2.64 0.12 2.64 1.33 0.82 0.51 0.47 0.47 0.95 1.22 1.35 0.74 2.66 0.13 2.65 1.39 1.54 0.75 0.58 0.49 0.49 0.54 1.23 1.18 2.65 0.14 2.65 0.69 1.24 1.16 0.70 0.51 0.37 0.44 0.73 1.45 2.66 0.09 2.65 0.60 0.74 1.29 1.43 0.85 0.46 0.48 0.59 0.94 1.59 0.05 2.65 0.69 0.70 0.87 1.68 1.90 0.73 0.16 0.08 0.13 0.14 0.02 2.62 0.02 0.01 0.03 0.05 0.15 0.11 0.19 0.03 0.07 0.14 0.02 2.64 0.02 0.01 0.02 0.08 0.10 0.05

I got: 1.06 0.62 0.54 0.61 2.64 0.23 1.47 0.83 0.65 0.54 0.49 1.16 1.08 0.59 0.53 2.66 0.14 2.66 1.36 0.79 0.54 0.40 0.56 0.94 1.09 1.21 0.73 2.65 0.14 2.67 1.39 1.52 0.77 0.51 0.58 0.48 0.50 1.33 1.20 2.66 0.13 2.67 0.71 1.26 1.20 0.64 0.60 0.36 0.38 0.79 1.41 2.65 0.18 2.64 0.59 0.74 1.26 1.34 0.93 0.43 0.40 0.67 0.89 1.69 0.30 2.65 0.70 0.70 0.86 1.70 2.00 0.71 0.06 0.06 0.04 0.06 0.01 0.54 0.11 0.01 0.01 0.01 0.08 0.01 0.01 0.00 0.01 0.01 0.01 0.50 0.01 0.01 0.01 0.01 0.01 0.06 1.08 0.62 0.63 0.64 2.65 0.06 1.49 0.84 0.69 0.53 0.57 1.09 1.06 0.66 0.54 2.64 0.14 2.65 1.33 0.81 0.52 0.47 0.47 0.94 1.23 1.36 0.75 2.64 0.12 2.65 1.41 1.55 0.75 0.58 0.49 0.50 0.54 1.23 1.18 2.65 0.16 2.65 0.70 1.24 1.16 0.70 0.51 0.37 0.44 0.74 1.45 2.65 0.11 2.65 0.61 0.75 1.29 1.42 0.85 0.46 0.47 0.61 0.92 1.59 0.05 2.67 0.69 0.70 0.87 1.68 1.91 0.73 0.16 0.03 0.06 0.14 0.02 2.64 0.02 0.01 0.03 0.06 0.16 0.11 0.20 0.04 0.06 0.14 0.02 2.63 0.02 0.01 0.02 0.09 0.10 0.06

I got: 1.07 0.61 0.53 0.61 2.66 0.21 1.47 0.84 0.65 0.54 0.49 1.16 1.07 0.59 0.53 2.65 0.13 2.69 1.36 0.79 0.55 0.40 0.56 0.94 1.22 1.28 0.73 2.66 0.15 2.67 1.40 1.52 0.78 0.51 0.58 0.48 0.50 1.33 1.19 2.69 0.14 2.67 0.71 1.26 1.21 0.63 0.60 0.36 0.37 0.78 1.38 2.64 0.17 2.65 0.58 0.72 1.23 1.32 0.91 0.42 0.40 0.67 0.89 1.69 0.30 2.65 0.70 0.70 0.86 1.71 2.00 0.71 0.08 0.01 0.01 0.06 0.01 0.37 0.07 0.01 0.01 0.06 0.08 0.01 0.01 0.01 0.01 0.01 0.01 0.37 0.01 0.01 0.01 0.01 0.01 0.07 1.12 0.58 0.63 0.64 2.66 0.07 1.50 0.84 0.70 0.52 0.57 1.09 1.01 0.66 0.54 2.65 0.15 2.65 1.34 0.83 0.50 0.47 0.47 0.95 1.24 1.37 0.75 2.66 0.12 2.65 1.42 1.58 0.75 0.59 0.50 0.50 0.54 1.23 1.18 2.65 0.16 2.65 0.70 1.24 1.15 0.70 0.51 0.37 0.43 0.71 1.43 2.66 0.09 2.65 0.60 0.73 1.27 1.40 0.83 0.45 0.47 0.59 0.95 1.59 0.04 2.65 0.70 0.70 0.87 1.68 1.91 0.73 0.15 0.09 0.15 0.14 0.02 2.65 0.02 0.01 0.03 0.08 0.18 0.11 0.19 0.08 0.16 0.14 0.02 2.64 0.03 0.01 0.02 0.10 0.12 0.05

I got: 1.03 0.66 0.54 0.61 2.65 0.21 1.47 0.84 0.65 0.54 0.49 1.16 1.11 0.59 0.53 2.67 0.13 2.65 1.36 0.79 0.55 0.40 0.56 0.94 1.18 1.26 0.72 2.65 0.13 2.67 1.36 1.46 0.74 0.49 0.55 0.46 0.50 1.32 1.19 2.65 0.13 2.68 0.71 1.26 1.20 0.64 0.60 0.36 0.38 0.74 1.44 2.65 0.17 2.65 0.59 0.74 1.25 1.34 0.91 0.43 0.41 0.62 0.93 1.69 0.30 2.65 0.70 0.70 0.86 1.70 2.00 0.71 0.08 0.10 0.01 0.01 0.01 0.85 0.07 0.01 0.01 0.01 0.07 0.01 0.01 0.01 0.01 0.01 0.01 0.83 0.01 0.01 0.01 0.01 0.01 0.08 1.08 0.62 0.62 0.64 2.65 0.06 1.50 0.84 0.69 0.52 0.57 1.09 1.06 0.66 0.54 2.65 0.15 2.64 1.34 0.82 0.52 0.47 0.47 0.95 1.29 1.42 0.78 2.66 0.13 2.65 1.47 1.63 0.78 0.61 0.52 0.51 0.54 1.23 1.18 2.65 0.14 2.64 0.70 1.24 1.15 0.70 0.51 0.37 0.43 0.72 1.44 2.67 0.10 2.65 0.60 0.73 1.27 1.40 0.84 0.45 0.47 0.59 0.95 1.60 0.05 2.65 0.70 0.70 0.88 1.68 1.92 0.73 0.15 0.11 0.17 0.14 0.03 2.66 0.02 0.01 0.03 0.07 0.17 0.11 0.19 0.10 0.18 0.14 0.02 2.63 0.03 0.01 0.02 0.10 0.12 0.06

I got: 1.02 0.66 0.53 0.61 2.64 0.20 1.47 0.84 0.65 0.54 0.49 1.16 1.11 0.59 0.52 2.66 0.16 2.65 1.36 0.79 0.54 0.40 0.56 0.95 1.25 1.31 0.75 2.64 0.14 2.65 1.42 1.55 0.79 0.52 0.58 0.49 0.50 1.33 1.19 2.67 0.13 2.67 0.71 1.26 1.20 0.64 0.60 0.36 0.37 0.78 1.37 2.65 0.18 2.66 0.58 0.72 1.24 1.32 0.91 0.43 0.40 0.67 0.89 1.69 0.29 2.65 0.70 0.70 0.86 1.71 2.01 0.71 0.06 0.06 0.01 0.01 0.01 0.77 0.07 0.01 0.01 0.01 0.08 0.01 0.01 0.01 0.01 0.01 0.00 0.70 0.01 0.01 0.00 0.01 0.01 0.06 1.12 0.58 0.63 0.64 2.65 0.06 1.49 0.84 0.70 0.51 0.57 1.09 1.01 0.66 0.54 2.65 0.13 2.65 1.34 0.83 0.50 0.47 0.47 0.94 1.24 1.38 0.76 2.66 0.14 2.65 1.43 1.59 0.75 0.59 0.50 0.50 0.54 1.23 1.18 2.65 0.13 2.65 0.69 1.25 1.14 0.70 0.51 0.37 0.42 0.69 1.40 2.66 0.09 2.65 0.58 0.71 1.24 1.37 0.81 0.44 0.47 0.60 0.95 1.60 0.07 2.66 0.70 0.70 0.88 1.67 1.91 0.73 0.15 0.07 0.13 0.14 0.03 2.62 0.02 0.01 0.03 0.10 0.20 0.11 0.19 0.04 0.06 0.14 0.02 2.64 0.03 0.01 0.02 0.13 0.14 0.06

I got: 1.07 0.61 0.54 0.61 2.65 0.22 1.47 0.84 0.64 0.56 0.49 1.16 1.07 0.59 0.53 2.66 0.12 2.66 1.36 0.78 0.56 0.40 0.56 0.95 1.26 1.33 0.76 2.64 0.15 2.66 1.45 1.56 0.83 0.53 0.60 0.50 0.50 1.33 1.19 2.65 0.12 2.67 0.71 1.26 1.22 0.64 0.60 0.36 0.35 0.76 1.33 2.65 0.20 2.65 0.56 0.69 1.19 1.26 0.88 0.42 0.40 0.67 0.89 1.69 0.32 2.66 0.70 0.70 0.86 1.71 2.00 0.71 0.07 0.04 0.01 0.01 0.01 0.48 0.06 0.01 0.01 0.01 0.07 0.01 0.01 0.01 0.01 0.01 0.01 0.45 0.01 0.01 0.01 0.01 0.01 0.06 1.12 0.58 0.63 0.64 2.65 0.07 1.50 0.84 0.70 0.52 0.57 1.09 1.01 0.66 0.54 2.65 0.14 2.64 1.34 0.83 0.51 0.47 0.48 0.95 1.26 1.40 0.77 2.64 0.13 2.70 1.45 1.62 0.76 0.60 0.51 0.51 0.54 1.23 1.18 2.65 0.16 2.65 0.70 1.25 1.14 0.70 0.51 0.37 0.42 0.70 1.40 2.69 0.09 2.66 0.58 0.72 1.24 1.38 0.82 0.44 0.47 0.60 0.95 1.60 0.04 2.67 0.70 0.70 0.88 1.67 1.92 0.73 0.15 0.07 0.13 0.14 0.03 2.62 0.02 0.01 0.03 0.10 0.20 0.11 0.20 0.06 0.13 0.14 0.02 2.64 0.03 0.01 0.02 0.13 0.15 0.06

I got: 1.03 0.65 0.54 0.61 2.67 0.22 1.47 0.84 0.63 0.56 0.49 1.16 1.07 0.59 0.53 2.66 0.13 2.67 1.36 0.77 0.57 0.40 0.56 0.95 1.23 1.30 0.74 2.66 0.16 2.65 1.42 1.53 0.81 0.52 0.58 0.49 0.50 1.32 1.19 2.68 0.14 2.65 0.71 1.27 1.21 0.64 0.60 0.36 0.35 0.75 1.32 2.65 0.19 2.64 0.63 0.79 1.39 1.48 1.01 0.48 0.40 0.67 0.89 1.69 0.29 2.64 0.70 0.70 0.86 1.70 2.00 0.71 0.05 0.01 0.01 0.07 0.01 0.58 0.06 0.01 0.01 0.08 0.06 0.01 0.01 0.00 0.01 0.01 0.01 0.60 0.01 0.01 0.01 0.01 0.01 0.08 1.12 0.58 0.63 0.64 2.66 0.06 1.50 0.84 0.68 0.53 0.57 1.09 1.01 0.66 0.54 2.65 0.13 2.64 1.34 0.80 0.53 0.47 0.48 0.94 1.25 1.38 0.76 2.66 0.12 2.65 1.44 1.57 0.78 0.60 0.51 0.50 0.53 1.23 1.18 2.65 0.16 2.64 0.70 1.25 1.27 0.61 0.51 0.37 0.48 0.81 1.62 2.67 0.11 2.65 0.68 0.84 1.45 1.51 0.95 0.51 0.47 0.59 0.95 1.59 0.05 2.64 0.70 0.70 0.87 1.69 1.91 0.72 0.15 0.10 0.16 0.14 0.02 2.64 0.02 0.01 0.03 0.03 0.08 0.11 0.19 0.09 0.17 0.14 0.02 2.63 0.03 0.01 0.02 0.01 0.02 0.14

I got: 1.03 0.66 0.54 0.61 2.65 0.24 1.47 0.84 0.66 0.45 0.56 1.15 1.11 0.59 0.52 2.67 0.13 2.66 1.37 0.78 0.49 0.47 0.56 0.95 1.23 1.29 0.74 2.65 0.15 2.65 1.41 1.52 0.73 0.59 0.58 0.49 0.50 1.32 1.19 2.66 0.13 2.66 0.71 1.27 1.16 0.69 0.60 0.36 0.43 0.89 1.60 2.65 0.16 2.65 0.68 0.84 1.44 1.61 1.04 0.50 0.41 0.69 0.91 1.74 0.28 2.65 0.72 0.72 0.89 1.75 2.06 0.74 0.07 0.01 0.01 0.06 0.01 0.89 0.07 0.00 0.01 0.09 0.08 0.01 0.01 0.01 0.01 0.01 0.01 0.86 0.01 0.01 0.01 0.01 0.01 0.07 1.12 0.58 0.63 0.64 2.66 0.06 1.49 0.83 0.68 0.53 0.57 1.09 1.01 0.66 0.54 2.65 0.14 2.68 1.34 0.80 0.53 0.47 0.48 0.94 1.25 1.38 0.76 2.67 0.14 2.66 1.43 1.57 0.78 0.60 0.50 0.50 0.54 1.23 1.18 2.65 0.15 2.65 0.70 1.25 1.17 0.70 0.51 0.37 0.49 0.82 1.65 2.67 0.10 2.65 0.68 0.85 1.47 1.62 0.97 0.51 0.48 0.61 0.98 1.65 0.04 2.65 0.72 0.73 0.91 1.75 1.99 0.75 0.15 0.09 0.16 0.14 0.03 2.64 0.02 0.01 0.03 0.03 0.09 0.11 0.19 0.09 0.16 0.14 0.02 2.63 0.03 0.01 0.02 0.01 0.03 0.06

I got: 1.03 0.66 0.54 0.61 2.66 0.24 1.47 0.84 0.66 0.53 0.48 1.16 1.11 0.59 0.52 2.65 0.15 2.67 1.36 0.80 0.54 0.40 0.56 0.95 1.22 1.27 0.73 2.66 0.15 2.65 1.39 1.53 0.77 0.51 0.57 0.49 0.50 1.32 1.19 2.66 0.13 2.65 0.71 1.26 1.20 0.64 0.60 0.36 0.43 0.89 1.60 2.65 0.16 2.66 0.68 0.84 1.44 1.54 1.04 0.50 0.41 0.69 0.92 1.75 0.29 2.65 0.72 0.73 0.89 1.75 2.06 0.74 0.11 0.01 0.01 0.01 0.01 0.59 0.07 0.01 0.01 0.06 0.09 0.01 0.01 0.01 0.01 0.01 0.01 0.55 0.01 0.01 0.01 0.01 0.01 0.07 1.12 0.58 0.63 0.64 2.66 0.06 1.49 0.83 0.68 0.53 0.57 1.09 1.01 0.66 0.54 2.64 0.15 2.64 1.34 0.80 0.53 0.47 0.48 0.94 1.22 1.35 0.74 2.65 0.15 2.64 1.25 1.36 0.67 0.53 0.43 0.43 0.54 1.25 1.18 2.65 0.15 2.65 0.70 1.25 1.17 0.70 0.51 0.37 0.49 0.85 1.62 2.66 0.11 2.66 0.69 0.85 1.47 1.62 0.97 0.51 0.49 0.65 0.95 1.65 0.06 2.66 0.72 0.73 0.91 1.75 1.99 0.75 0.15 0.03 0.06 0.14 0.03 2.65 0.02 0.01 0.03 0.03 0.09 0.11 0.20 0.04 0.06 0.14 0.02 2.63 0.03 0.01 0.02 0.01 0.03 0.06

I got: 1.07 0.61 0.53 0.61 2.65 0.21 1.47 0.83 0.66 0.53 0.48 1.15 1.07 0.59 0.52 2.66 0.13 2.66 1.36 0.80 0.54 0.40 0.56 0.95 1.06 1.12 0.64 2.65 0.13 2.65 1.40 1.56 0.79 0.52 0.59 0.49 0.50 1.32 1.19 2.65 0.15 2.71 0.71 1.27 1.20 0.63 0.60 0.36 0.43 0.90 1.60 2.64 0.18 2.70 0.68 0.84 1.44 1.54 1.04 0.50 0.42 0.69 0.91 1.75 0.30 2.65 0.72 0.73 0.89 1.75 2.06 0.74 0.07 0.05 0.01 0.01 0.01 0.40 0.06 0.01 0.01 0.07 0.09 0.01 0.01 0.01 0.00 0.01 0.01 0.35 0.01 0.01 0.01 0.01 0.01 0.05 1.12 0.58 0.62 0.64 2.65 0.06 1.49 0.83 0.68 0.53 0.57 1.09 1.01 0.66 0.54 2.65 0.13 2.65 1.34 0.80 0.53 0.47 0.48 0.94 1.27 1.41 0.77 2.66 0.12 2.65 1.46 1.60 0.79 0.61 0.52 0.51 0.54 1.23 1.18 2.65 0.14 2.64 0.70 1.25 1.18 0.70 0.52 0.36 0.49 0.82 1.65 2.66 0.11 2.65 0.69 0.85 1.47 1.62 0.97 0.51 0.48 0.65 0.95 1.66 0.06 2.65 0.72 0.73 0.91 1.75 1.99 0.75 0.16 0.03 0.06 0.14 0.02 2.62 0.02 0.01 0.03 0.04 0.09 0.11 0.19 0.04 0.06 0.14 0.02 2.65 0.03 0.01 0.02 0.01 0.03 0.06

I got: 1.07 0.61 0.54 0.61 2.67 0.23 1.47 0.84 0.66 0.53 0.48 1.15 1.07 0.59 0.52 2.66 0.14 2.67 1.37 0.80 0.54 0.40 0.56 0.95 1.25 1.31 0.75 2.66 0.16 2.65 1.44 1.58 0.79 0.53 0.59 0.50 0.50 1.32 1.19 2.67 0.13 2.65 0.71 1.27 1.20 0.64 0.60 0.36 0.43 0.89 1.60 2.65 0.17 2.66 0.68 0.85 1.44 1.54 1.04 0.50 0.42 0.64 0.96 1.75 0.29 2.65 0.72 0.73 0.89 1.75 2.06 0.74 0.07 0.08 0.08 0.01 0.01 0.80 0.07 0.01 0.01 0.08 0.08 0.01 0.01 0.01 0.01 0.01 0.01 0.77 0.01 0.01 0.01 0.01 0.01 0.09 1.07 0.62 0.63 0.64 2.65 0.06 1.49 0.84 0.68 0.53 0.57 1.09 1.05 0.66 0.54 2.65 0.13 2.65 1.34 0.80 0.53 0.47 0.48 0.95 1.27 1.41 0.77 2.65 0.14 2.65 1.46 1.59 0.79 0.61 0.51 0.50 0.53 1.23 1.18 2.65 0.15 2.65 0.70 1.25 1.17 0.70 0.52 0.36 0.49 0.85 1.62 2.66 0.11 2.65 0.69 0.85 1.47 1.63 0.97 0.51 0.48 0.65 0.95 1.66 0.04 2.64 0.72 0.73 0.91 1.75 1.99 0.75 0.15 0.03 0.06 0.14 0.03 2.64 0.02 0.01 0.03 0.04 0.09 0.11 0.19 0.04 0.06 0.14 0.02 2.65 0.03 0.01 0.02 0.01 0.03 0.06

I got: 1.07 0.61 0.53 0.61 2.70 0.23 1.47 0.84 0.66 0.53 0.48 1.15 1.06 0.59 0.52 2.68 0.13 2.67 1.37 0.80 0.54 0.40 0.56 0.95 1.06 1.12 0.64 2.67 0.13 2.68 1.42 1.56 0.79 0.52 0.59 0.50 0.49 1.32 1.19 2.67 0.13 2.67 0.71 1.27 1.20 0.63 0.60 0.37 0.42 0.88 1.57 2.65 0.16 2.65 0.67 0.83 1.41 1.51 1.02 0.49 0.41 0.68 0.96 1.74 0.29 2.65 0.72 0.72 0.89 1.75 2.06 0.74 0.08 0.08 0.08 0.05 0.00 0.80 0.10 0.00 0.01 0.07 0.08 0.01 0.01 0.01 0.01 0.00 0.00 0.75 0.01 0.01 0.01 0.01 0.01 0.08 1.07 0.61 0.63 0.64 2.66 0.06 1.49 0.84 0.68 0.53 0.57 1.09 1.05 0.66 0.54 2.65 0.14 2.65 1.34 0.80 0.53 0.47 0.48 0.94 1.28 1.43 0.79 2.65 0.13 2.65 1.48 1.62 0.81 0.62 0.53 0.51 0.54 1.23 1.18 2.65 0.15 2.65 0.70 1.25 1.18 0.70 0.52 0.36 0.47 0.79 1.58 2.65 0.10 2.66 0.66 0.82 1.41 1.56 0.93 0.46 0.48 0.62 0.99 1.65 0.05 2.65 0.72 0.73 0.91 1.73 1.98 0.75 0.15 0.11 0.18 0.14 0.03 2.63 0.02 0.01 0.03 0.09 0.21 0.11 0.19 0.10 0.18 0.14 0.02 2.63 0.03 0.01 0.02 0.14 0.17 0.06

I got: 1.03 0.66 0.54 0.61 2.67 0.22 1.47 0.84 0.63 0.56 0.48 1.15 1.11 0.59 0.52 2.65 0.14 2.67 1.37 0.78 0.56 0.40 0.56 0.96 1.23 1.29 0.74 2.65 0.15 2.65 1.42 1.53 0.74 0.59 0.58 0.49 0.49 1.32 1.19 2.66 0.14 2.66 0.71 1.26 1.15 0.70 0.60 0.37 0.35 0.71 1.39 2.65 0.17 2.65 0.57 0.70 1.20 1.37 0.89 0.42 0.42 0.64 0.96 1.75 0.31 2.65 0.72 0.73 0.89 1.77 2.06 0.74 0.09 0.07 0.11 0.06 0.01 0.49 0.07 0.01 0.01 0.07 0.09 0.01 0.00 0.01 0.01 0.01 0.01 0.48 0.01 0.01 0.01 0.01 0.01 0.07 1.07 0.62 0.63 0.64 2.65 0.07 1.49 0.84 0.71 0.51 0.57 1.09 1.05 0.66 0.54 2.65 0.13 2.65 1.34 0.83 0.57 0.40 0.48 0.94 1.28 1.42 0.78 2.65 0.12 2.65 1.46 1.62 0.83 0.53 0.52 0.50 0.53 1.25 1.18 2.64 0.13 2.65 0.70 1.25 1.22 0.61 0.52 0.36 0.43 0.73 1.39 2.67 0.10 2.70 0.59 0.73 1.26 1.32 0.84 0.44 0.48 0.65 0.95 1.66 0.06 2.69 0.72 0.73 0.91 1.74 1.99 0.75 0.15 0.03 0.06 0.14 0.03 2.64 0.02 0.01 0.03 0.10 0.21 0.10 0.20 0.04 0.06 0.14 0.02 2.64 0.03 0.01 0.02 0.13 0.15 0.06

I got: 1.07 0.61 0.54 0.61 2.65 0.23 1.47 0.84 0.63 0.47 0.57 1.15 1.06 0.59 0.52 2.67 0.15 2.66 1.37 0.78 0.49 0.47 0.56 0.95 1.21 1.27 0.73 2.65 0.14 2.66 1.41 1.54 0.72 0.59 0.58 0.50 0.49 1.32 1.19 2.66 0.14 2.68 0.71 1.27 1.15 0.69 0.60 0.37 0.36 0.76 1.34 2.65 0.17 2.65 0.57 0.71 1.22 1.36 0.89 0.42 0.39 0.61 0.93 1.69 0.29 2.65 0.70 0.70 0.86 1.71 2.00 0.72 0.07 0.06 0.07 0.01 0.01 0.40 0.07 0.01 0.01 0.10 0.08 0.01 0.01 0.01 0.01 0.01 0.01 0.54 0.01 0.01 0.01 0.01 0.01 0.07 1.07 0.62 0.62 0.64 2.65 0.05 1.49 0.83 0.70 0.51 0.57 1.09 1.05 0.66 0.54 2.65 0.16 2.65 1.34 0.83 0.50 0.47 0.48 0.94 1.24 1.38 0.75 2.65 0.12 2.65 1.41 1.57 0.74 0.59 0.49 0.47 0.53 1.22 1.18 2.65 0.14 2.64 0.70 1.25 1.14 0.70 0.52 0.36 0.42 0.74 1.40 2.67 0.10 2.67 0.59 0.73 1.26 1.39 0.83 0.44 0.46 0.62 0.91 1.59 0.04 2.66 0.70 0.70 0.88 1.67 1.92 0.72 0.15 0.03 0.06 0.14 0.03 2.63 0.02 0.01 0.03 0.10 0.19 0.10 0.19 0.04 0.06 0.14 0.02 2.65 0.03 0.01 0.02 0.12 0.13 0.06

