I got: 1.32 0.77 0.51 0.53 2.66 0.21 1.38 0.74 0.56 0.56 0.58 1.45 1.24 0.62 0.49 2.66 0.15 2.68 1.27 0.67 0.50 0.40 0.73 1.29 1.46 1.42 0.77 2.65 0.16 2.65 1.47 1.49 0.74 0.48 0.68 0.81 0.61 1.26 1.18 2.68 0.12 2.66 0.65 1.24 1.12 0.55 0.58 0.53 0.47 0.71 1.20 2.64 0.17 2.64 0.48 0.64 1.17 1.16 0.82 0.55 0.60 0.68 0.77 1.57 0.31 2.66 0.61 0.63 0.83 1.76 1.93 0.88 0.03 0.01 0.01 0.07 0.01 0.59 0.07 0.01 0.01 0.07 0.06 0.01 0.01 0.01 0.01 0.01 0.00 0.57 0.01 0.01 0.01 0.01 0.01 0.09 1.42 0.68 0.61 0.56 2.65 0.05 1.39 0.73 0.63 0.50 0.67 1.39 1.12 0.70 0.51 2.64 0.14 2.65 1.24 0.73 0.42 0.48 0.66 1.26 1.48 1.53 0.80 2.66 0.13 2.66 1.49 1.58 0.68 0.56 0.61 0.80 0.65 1.16 1.18 2.66 0.16 2.65 0.63 1.22 1.03 0.62 0.50 0.51 0.53 0.64 1.24 2.67 0.08 2.68 0.49 0.64 1.20 1.25 0.76 0.54 0.67 0.60 0.85 1.49 0.05 2.67 0.62 0.63 0.85 1.72 1.87 0.88 0.16 0.13 0.19 0.15 0.03 2.63 0.02 0.01 0.03 0.11 0.22 0.12 0.21 0.11 0.21 0.15 0.03 2.63 0.03 0.01 0.02 0.14 0.16 0.07

I got: 1.32 0.77 0.51 0.53 2.64 0.20 1.38 0.74 0.55 0.56 0.57 1.45 1.24 0.62 0.49 2.67 0.13 2.66 1.27 0.67 0.50 0.40 0.73 1.29 1.46 1.42 0.77 2.66 0.16 2.66 1.47 1.49 0.74 0.47 0.68 0.82 0.61 1.26 1.18 2.65 0.12 2.67 0.65 1.24 1.12 0.55 0.58 0.53 0.47 0.71 1.20 2.65 0.17 2.69 0.48 0.64 1.17 1.16 0.82 0.55 0.60 0.68 0.77 1.57 0.30 2.69 0.61 0.63 0.83 1.76 1.93 0.88 0.01 0.01 0.01 0.01 0.00 0.08 0.07 0.01 0.01 0.06 0.07 0.01 0.01 0.01 0.01 0.01 0.01 0.37 0.01 0.01 0.01 0.01 0.01 0.06 1.42 0.68 0.60 0.56 2.67 0.07 1.40 0.73 0.63 0.50 0.67 1.39 1.12 0.70 0.50 2.66 0.14 2.65 1.24 0.73 0.43 0.48 0.66 1.26 1.47 1.53 0.80 2.66 0.11 2.65 1.49 1.58 0.68 0.56 0.61 0.80 0.65 1.16 1.18 2.65 0.15 2.64 0.63 1.22 1.03 0.62 0.50 0.51 0.53 0.64 1.23 2.68 0.10 2.65 0.49 0.65 1.20 1.25 0.76 0.54 0.67 0.60 0.85 1.49 0.04 2.65 0.62 0.63 0.85 1.72 1.87 0.88 0.16 0.13 0.20 0.15 0.03 2.64 0.02 0.01 0.03 0.12 0.22 0.12 0.21 0.12 0.21 0.15 0.03 2.66 0.03 0.01 0.02 0.14 0.16 0.07

I got: 1.32 0.77 0.51 0.53 2.67 0.21 1.39 0.74 0.56 0.56 0.58 1.45 1.23 0.62 0.49 2.66 0.14 2.68 1.27 0.67 0.50 0.40 0.73 1.29 1.46 1.42 0.77 2.65 0.15 2.65 1.47 1.50 0.74 0.47 0.68 0.81 0.61 1.26 1.18 2.68 0.14 2.66 0.65 1.24 1.12 0.55 0.58 0.53 0.47 0.72 1.20 2.64 0.17 2.65 0.48 0.64 1.17 1.17 0.82 0.55 0.60 0.68 0.77 1.57 0.29 2.65 0.61 0.62 0.82 1.75 1.93 0.88 0.01 0.06 0.01 0.01 0.01 0.13 0.08 0.01 0.01 0.08 0.10 0.01 0.01 0.01 0.01 0.01 0.00 0.76 0.01 0.01 0.01 0.01 0.01 0.07 1.42 0.68 0.60 0.56 2.65 0.08 1.40 0.73 0.63 0.50 0.67 1.38 1.12 0.70 0.51 2.65 0.14 2.65 1.24 0.73 0.43 0.48 0.65 1.26 1.48 1.53 0.80 2.65 0.13 2.65 1.49 1.57 0.68 0.56 0.61 0.81 0.65 1.16 1.18 2.64 0.14 2.65 0.63 1.22 1.03 0.62 0.51 0.51 0.53 0.64 1.24 2.67 0.11 2.66 0.49 0.65 1.20 1.26 0.76 0.55 0.67 0.60 0.84 1.49 0.05 2.65 0.61 0.63 0.85 1.72 1.87 0.87 0.16 0.12 0.20 0.15 0.03 2.63 0.02 0.01 0.03 0.11 0.22 0.12 0.21 0.11 0.21 0.15 0.03 2.64 0.03 0.01 0.02 0.14 0.16 0.06

I got: 1.32 0.77 0.51 0.53 2.69 0.21 1.38 0.74 0.56 0.56 0.58 1.45 1.23 0.62 0.49 2.72 0.14 2.68 1.27 0.67 0.49 0.40 0.73 1.29 1.46 1.42 0.77 2.65 0.16 2.65 1.47 1.50 0.74 0.48 0.68 0.81 0.61 1.26 1.18 2.68 0.11 2.69 0.64 1.24 1.12 0.55 0.58 0.53 0.47 0.71 1.19 2.64 0.18 2.65 0.48 0.63 1.17 1.17 0.82 0.55 0.59 0.67 0.76 1.56 0.29 2.65 0.61 0.62 0.82 1.74 1.92 0.87 0.01 0.01 0.01 0.01 0.01 0.83 0.08 0.01 0.01 0.08 0.11 0.01 0.01 0.01 0.01 0.01 0.01 0.77 0.01 0.01 0.00 0.01 0.01 0.08 1.42 0.68 0.60 0.56 2.66 0.06 1.39 0.73 0.63 0.50 0.66 1.38 1.12 0.70 0.51 2.65 0.14 2.65 1.24 0.73 0.48 0.42 0.65 1.26 1.48 1.53 0.80 2.65 0.13 2.65 1.49 1.58 0.74 0.50 0.61 0.80 0.65 1.15 1.18 2.64 0.14 2.64 0.63 1.22 1.11 0.54 0.51 0.51 0.53 0.64 1.24 2.67 0.08 2.66 0.49 0.65 1.20 1.20 0.76 0.54 0.66 0.59 0.84 1.47 0.04 2.65 0.61 0.62 0.84 1.70 1.85 0.86 0.16 0.13 0.20 0.15 0.03 2.63 0.02 0.01 0.03 0.11 0.21 0.12 0.21 0.12 0.21 0.15 0.03 2.64 0.03 0.01 0.03 0.14 0.15 0.07

I got: 1.32 0.77 0.51 0.53 2.67 0.21 1.38 0.74 0.56 0.56 0.58 1.44 1.23 0.62 0.49 2.65 0.12 2.68 1.27 0.67 0.50 0.40 0.73 1.29 1.46 1.42 0.77 2.65 0.14 2.65 1.47 1.50 0.74 0.47 0.68 0.81 0.61 1.26 1.18 2.67 0.12 2.67 0.65 1.24 1.12 0.55 0.58 0.53 0.47 0.71 1.19 2.64 0.16 2.65 0.48 0.64 1.17 1.24 0.82 0.55 0.60 0.68 0.77 1.58 0.30 2.65 0.62 0.63 0.83 1.76 1.94 0.88 0.01 0.01 0.00 0.01 0.01 0.49 0.07 0.01 0.01 0.06 0.08 0.01 0.01 0.01 0.01 0.01 0.01 0.48 0.01 0.01 0.01 0.01 0.01 0.09 1.42 0.68 0.60 0.56 2.65 0.07 1.39 0.73 0.63 0.54 0.61 1.38 1.12 0.70 0.51 2.65 0.13 2.65 1.24 0.73 0.48 0.42 0.65 1.26 1.47 1.53 0.80 2.65 0.12 2.65 1.49 1.58 0.74 0.50 0.61 0.80 0.65 1.15 1.18 2.65 0.16 2.65 0.63 1.22 1.11 0.55 0.50 0.51 0.53 0.64 1.24 2.66 0.08 2.66 0.49 0.64 1.20 1.19 0.76 0.54 0.53 0.59 0.84 1.48 0.04 2.66 0.61 0.63 0.84 1.72 1.87 0.87 0.16 0.13 0.20 0.15 0.03 2.66 0.02 0.01 0.03 0.11 0.21 0.12 0.21 0.11 0.21 0.15 0.03 2.68 0.03 0.01 0.02 0.14 0.16 0.07

I got: 1.31 0.77 0.51 0.53 2.68 0.21 1.38 0.74 0.56 0.49 0.64 1.44 1.23 0.62 0.49 2.68 0.14 2.67 1.27 0.67 0.44 0.45 0.73 1.29 1.46 1.42 0.77 2.66 0.15 2.66 1.47 1.50 0.67 0.54 0.68 0.81 0.61 1.26 1.18 2.66 0.14 2.67 0.65 1.24 1.07 0.60 0.58 0.53 0.47 0.71 1.20 2.65 0.16 2.65 0.49 0.64 1.17 1.24 0.83 0.55 0.59 0.67 0.76 1.55 0.29 2.65 0.61 0.62 0.82 1.74 1.91 0.87 0.01 0.01 0.01 0.01 0.01 0.08 0.06 0.01 0.01 0.08 0.07 0.01 0.01 0.01 0.01 0.01 0.01 0.47 0.01 0.01 0.01 0.01 0.01 0.06 1.41 0.68 0.60 0.56 2.66 0.07 1.39 0.73 0.63 0.50 0.67 1.38 1.12 0.70 0.50 2.66 0.13 2.65 1.24 0.73 0.43 0.48 0.66 1.26 1.47 1.53 0.80 2.67 0.12 2.65 1.49 1.58 0.68 0.56 0.61 0.81 0.65 1.15 1.18 2.65 0.14 2.65 0.63 1.22 1.03 0.62 0.50 0.51 0.53 0.64 1.24 2.67 0.10 2.65 0.49 0.65 1.20 1.25 0.76 0.54 0.66 0.59 0.84 1.47 0.05 2.65 0.61 0.62 0.84 1.70 1.85 0.86 0.16 0.13 0.20 0.15 0.03 2.63 0.02 0.01 0.03 0.11 0.21 0.12 0.20 0.12 0.21 0.15 0.03 2.65 0.03 0.01 0.02 0.14 0.15 0.07

I got: 1.31 0.77 0.51 0.53 2.67 0.23 1.38 0.74 0.56 0.56 0.57 1.44 1.23 0.62 0.49 2.66 0.14 2.66 1.27 0.67 0.50 0.40 0.73 1.29 1.46 1.42 0.77 2.65 0.15 2.65 1.47 1.50 0.74 0.47 0.67 0.82 0.61 1.26 1.18 2.66 0.13 2.66 0.65 1.24 1.12 0.55 0.58 0.53 0.47 0.72 1.20 2.65 0.19 2.65 0.48 0.64 1.17 1.18 0.83 0.55 0.59 0.67 0.76 1.55 0.29 2.65 0.61 0.62 0.82 1.74 1.91 0.87 0.02 0.06 0.01 0.07 0.01 0.85 0.09 0.01 0.01 0.07 0.08 0.01 0.01 0.01 0.01 0.01 0.01 0.84 0.01 0.01 0.01 0.01 0.01 0.07 1.41 0.68 0.60 0.56 2.66 0.05 1.39 0.73 0.62 0.50 0.66 1.38 1.12 0.70 0.51 2.66 0.15 2.65 1.23 0.72 0.43 0.48 0.66 1.26 1.47 1.53 0.80 2.70 0.13 2.65 1.49 1.57 0.68 0.56 0.61 0.81 0.65 1.15 1.18 2.69 0.15 2.65 0.63 1.22 1.03 0.62 0.51 0.51 0.53 0.64 1.24 2.68 0.11 2.70 0.49 0.65 1.21 1.26 0.76 0.55 0.66 0.59 0.84 1.47 0.04 2.66 0.61 0.62 0.84 1.70 1.85 0.86 0.16 0.13 0.20 0.15 0.03 2.63 0.02 0.01 0.03 0.11 0.21 0.12 0.21 0.11 0.21 0.15 0.03 2.63 0.03 0.01 0.02 0.14 0.15 0.07

I got: 1.31 0.77 0.51 0.53 2.65 0.22 1.38 0.74 0.56 0.56 0.57 1.44 1.23 0.61 0.49 2.67 0.14 2.65 1.27 0.67 0.50 0.40 0.73 1.29 1.46 1.42 0.77 2.66 0.17 2.66 1.47 1.50 0.74 0.47 0.68 0.81 0.61 1.26 1.18 2.66 0.12 2.68 0.65 1.24 1.11 0.55 0.58 0.53 0.47 0.72 1.20 2.65 0.20 2.66 0.49 0.64 1.18 1.18 0.83 0.55 0.59 0.67 0.76 1.55 0.29 2.65 0.61 0.62 0.82 1.73 1.91 0.87 0.01 0.01 0.00 0.01 0.01 0.68 0.09 0.01 0.01 0.06 0.07 0.01 0.01 0.01 0.01 0.01 0.01 0.64 0.01 0.01 0.01 0.01 0.01 0.09 1.41 0.67 0.60 0.56 2.66 0.07 1.38 0.73 0.62 0.49 0.66 1.38 1.12 0.70 0.51 2.66 0.14 2.66 1.24 0.73 0.43 0.48 0.66 1.26 1.47 1.53 0.80 2.67 0.10 2.65 1.49 1.57 0.68 0.56 0.61 0.80 0.65 1.15 1.18 2.65 0.15 2.65 0.63 1.22 1.03 0.62 0.50 0.51 0.53 0.64 1.24 2.66 0.10 2.67 0.49 0.65 1.20 1.26 0.76 0.55 0.66 0.59 0.83 1.47 0.03 2.66 0.61 0.62 0.83 1.70 1.84 0.86 0.16 0.13 0.20 0.15 0.03 2.62 0.02 0.01 0.03 0.11 0.21 0.12 0.20 0.12 0.21 0.15 0.03 2.64 0.03 0.01 0.02 0.14 0.15 0.07

I got: 1.31 0.77 0.51 0.53 2.67 0.23 1.38 0.74 0.56 0.56 0.57 1.44 1.23 0.62 0.49 2.65 0.14 2.66 1.27 0.67 0.50 0.40 0.73 1.29 1.46 1.42 0.77 2.65 0.17 2.66 1.47 1.50 0.74 0.47 0.68 0.81 0.61 1.26 1.18 2.67 0.13 2.67 0.65 1.24 1.12 0.54 0.58 0.53 0.46 0.71 1.19 2.65 0.17 2.65 0.48 0.63 1.16 1.16 0.82 0.55 0.59 0.67 0.75 1.55 0.31 2.65 0.61 0.62 0.81 1.73 1.91 0.87 0.01 0.01 0.01 0.08 0.01 0.11 0.08 0.01 0.01 0.07 0.09 0.01 0.01 0.01 0.01 0.01 0.01 0.43 0.01 0.01 0.01 0.01 0.01 0.07 1.41 0.67 0.60 0.56 2.66 0.07 1.39 0.73 0.63 0.49 0.66 1.38 1.12 0.70 0.50 2.68 0.14 2.64 1.24 0.73 0.43 0.48 0.65 1.26 1.47 1.53 0.80 2.69 0.13 2.65 1.49 1.58 0.68 0.56 0.61 0.80 0.65 1.15 1.18 2.65 0.16 2.65 0.63 1.22 1.10 0.55 0.50 0.51 0.52 0.64 1.23 2.68 0.08 2.67 0.49 0.64 1.19 1.19 0.76 0.54 0.66 0.59 0.84 1.47 0.03 2.65 0.61 0.62 0.84 1.70 1.85 0.86 0.16 0.13 0.20 0.15 0.03 2.63 0.02 0.01 0.03 0.12 0.22 0.12 0.21 0.12 0.21 0.15 0.03 2.64 0.03 0.01 0.02 0.14 0.16 0.07

I got: 1.31 0.77 0.51 0.53 2.66 0.21 1.38 0.74 0.56 0.56 0.57 1.44 1.23 0.61 0.49 2.65 0.13 2.66 1.27 0.67 0.50 0.40 0.73 1.29 1.46 1.42 0.77 2.66 0.15 2.66 1.47 1.50 0.74 0.47 0.68 0.81 0.61 1.26 1.18 2.66 0.12 2.67 0.65 1.24 1.12 0.55 0.58 0.52 0.46 0.71 1.19 2.65 0.18 2.65 0.48 0.64 1.17 1.16 0.82 0.55 0.59 0.67 0.76 1.55 0.31 2.66 0.60 0.62 0.81 1.73 1.91 0.87 0.01 0.05 0.01 0.01 0.01 0.10 0.06 0.01 0.01 0.07 0.08 0.01 0.01 0.01 0.01 0.01 0.01 0.67 0.01 0.01 0.01 0.01 0.01 0.06 1.41 0.67 0.60 0.56 2.65 0.06 1.39 0.73 0.62 0.49 0.66 1.38 1.11 0.70 0.50 2.65 0.14 2.65 1.24 0.73 0.43 0.48 0.66 1.26 1.47 1.52 0.80 2.66 0.14 2.66 1.49 1.58 0.68 0.56 0.61 0.80 0.65 1.15 1.18 2.66 0.15 2.65 0.63 1.22 1.03 0.62 0.51 0.51 0.53 0.63 1.23 2.65 0.11 2.68 0.49 0.64 1.20 1.25 0.76 0.54 0.65 0.59 0.83 1.46 0.04 2.67 0.60 0.62 0.83 1.69 1.84 0.86 0.16 0.13 0.20 0.15 0.03 2.65 0.02 0.01 0.03 0.11 0.21 0.12 0.21 0.12 0.21 0.15 0.03 2.64 0.03 0.01 0.02 0.14 0.15 0.07

I got: 1.31 0.77 0.51 0.53 2.65 0.22 1.38 0.74 0.56 0.56 0.58 1.44 1.23 0.62 0.49 2.67 0.15 2.65 1.27 0.67 0.49 0.40 0.73 1.29 1.46 1.42 0.77 2.66 0.15 2.65 1.47 1.50 0.74 0.48 0.68 0.82 0.61 1.26 1.18 2.66 0.12 2.65 0.65 1.24 1.12 0.55 0.58 0.53 0.47 0.71 1.19 2.69 0.17 2.65 0.48 0.64 1.17 1.16 0.82 0.55 0.58 0.66 0.75 1.53 0.29 2.68 0.60 0.61 0.80 1.71 1.88 0.86 0.01 0.05 0.01 0.06 0.01 0.85 0.08 0.01 0.01 0.07 0.08 0.01 0.00 0.01 0.01 0.01 0.01 0.81 0.01 0.01 0.01 0.01 0.01 0.06 1.41 0.67 0.60 0.56 2.65 0.05 1.38 0.73 0.62 0.49 0.66 1.37 1.11 0.70 0.51 2.65 0.14 2.65 1.23 0.73 0.43 0.47 0.65 1.26 1.47 1.52 0.80 2.65 0.12 2.66 1.49 1.58 0.74 0.50 0.61 0.80 0.65 1.15 1.18 2.64 0.14 2.65 0.63 1.22 1.10 0.55 0.50 0.51 0.53 0.63 1.23 2.69 0.09 2.66 0.49 0.64 1.20 1.19 0.76 0.54 0.53 0.48 0.69 1.21 0.04 2.66 0.50 0.51 0.69 1.40 1.52 0.71 0.16 0.13 0.20 0.15 0.03 2.65 0.02 0.01 0.03 0.11 0.09 0.12 0.20 0.12 0.21 0.15 0.03 2.63 0.03 0.01 0.02 0.14 0.04 0.13

I got: 1.31 0.77 0.50 0.53 2.66 0.21 1.38 0.74 0.55 0.49 0.64 1.44 1.23 0.61 0.49 2.65 0.13 2.68 1.27 0.67 0.44 0.45 0.73 1.29 1.46 1.42 0.77 2.64 0.14 2.65 1.47 1.50 0.68 0.54 0.68 0.82 0.61 1.26 1.18 2.66 0.14 2.66 0.65 1.24 1.07 0.59 0.58 0.53 0.46 0.71 1.19 2.65 0.17 2.65 0.48 0.63 1.17 1.23 0.82 0.55 0.45 0.66 0.74 1.54 0.29 2.66 0.60 0.61 0.80 1.71 1.88 0.86 0.02 0.05 0.01 0.06 0.01 0.52 0.07 0.01 0.01 0.07 0.01 0.01 0.01 0.01 0.01 0.01 0.01 0.50 0.01 0.01 0.01 0.01 0.01 0.07 1.41 0.67 0.60 0.55 2.65 0.06 1.39 0.72 0.63 0.54 0.61 1.37 1.11 0.70 0.50 2.64 0.15 2.65 1.24 0.73 0.48 0.42 0.66 1.26 1.47 1.52 0.80 2.66 0.12 2.66 1.49 1.58 0.74 0.50 0.61 0.80 0.65 1.15 1.18 2.65 0.14 2.65 0.63 1.22 1.10 0.55 0.51 0.51 0.53 0.63 1.23 2.67 0.09 2.68 0.49 0.64 1.20 1.19 0.76 0.54 0.65 0.58 0.83 1.46 0.04 2.65 0.60 0.62 0.83 1.69 1.84 0.86 0.16 0.13 0.20 0.15 0.03 2.66 0.02 0.01 0.03 0.11 0.21 0.12 0.21 0.12 0.21 0.15 0.03 2.64 0.03 0.01 0.02 0.14 0.04 0.13

I got: 1.31 0.77 0.51 0.53 2.65 0.21 1.38 0.74 0.56 0.51 0.62 1.44 1.23 0.61 0.49 2.68 0.15 2.71 1.27 0.67 0.45 0.44 0.73 1.29 1.46 1.42 0.77 2.69 0.15 2.66 1.47 1.50 0.69 0.52 0.68 0.82 0.61 1.25 1.18 2.69 0.11 2.66 0.65 1.24 1.08 0.59 0.58 0.52 0.46 0.71 1.19 2.65 0.19 2.66 0.48 0.63 1.16 1.23 0.82 0.55 0.58 0.66 0.74 1.53 0.30 2.66 0.60 0.61 0.80 1.71 1.89 0.86 0.01 0.01 0.01 0.01 0.01 0.07 0.07 0.01 0.01 0.06 0.07 0.01 0.01 0.01 0.01 0.01 0.01 0.38 0.01 0.01 0.01 0.01 0.01 0.07 1.40 0.67 0.60 0.55 2.66 0.06 1.38 0.72 0.62 0.49 0.66 1.37 1.11 0.70 0.50 2.66 0.14 2.65 1.24 0.73 0.43 0.48 0.66 1.26 1.47 1.52 0.80 2.66 0.13 2.65 1.49 1.57 0.68 0.56 0.61 0.80 0.65 1.14 1.18 2.65 0.14 2.65 0.63 1.22 1.03 0.62 0.51 0.50 0.53 0.64 1.23 2.68 0.10 2.65 0.49 0.64 1.19 1.20 0.76 0.54 0.64 0.57 0.81 1.43 0.04 2.65 0.59 0.61 0.81 1.65 1.80 0.84 0.16 0.13 0.20 0.15 0.03 2.63 0.02 0.01 0.03 0.11 0.19 0.12 0.20 0.12 0.21 0.15 0.03 2.65 0.03 0.01 0.02 0.14 0.05 0.14

I got: 1.31 0.77 0.51 0.53 2.67 0.21 1.38 0.74 0.56 0.49 0.64 1.44 1.23 0.61 0.49 2.66 0.14 2.68 1.27 0.67 0.44 0.45 0.73 1.29 1.45 1.42 0.77 2.65 0.15 2.65 1.47 1.50 0.67 0.54 0.68 0.82 0.61 1.26 1.18 2.68 0.14 2.67 0.65 1.24 1.07 0.60 0.58 0.53 0.46 0.71 1.19 2.64 0.18 2.65 0.48 0.63 1.16 1.23 0.82 0.55 0.58 0.66 0.75 1.53 0.29 2.65 0.60 0.61 0.80 1.70 1.88 0.85 0.02 0.05 0.01 0.07 0.01 0.83 0.07 0.01 0.01 0.11 0.06 0.01 0.01 0.01 0.01 0.01 0.01 0.80 0.01 0.01 0.00 0.01 0.01 0.08 1.41 0.67 0.60 0.55 2.66 0.05 1.38 0.72 0.62 0.54 0.61 1.37 1.11 0.70 0.50 2.65 0.15 2.65 1.23 0.73 0.48 0.42 0.66 1.26 1.47 1.52 0.80 2.65 0.13 2.65 1.49 1.57 0.73 0.51 0.61 0.81 0.65 1.15 1.18 2.64 0.14 2.65 0.63 1.22 1.10 0.55 0.51 0.51 0.52 0.63 1.23 2.67 0.10 2.66 0.49 0.64 1.20 1.20 0.76 0.54 0.64 0.57 0.81 1.43 0.04 2.65 0.59 0.61 0.81 1.66 1.81 0.84 0.16 0.13 0.20 0.15 0.03 2.65 0.02 0.01 0.03 0.12 0.08 0.12 0.20 0.12 0.21 0.15 0.03 2.64 0.03 0.01 0.02 0.15 0.07 0.14

