I got: 0.62 0.60 0.53 0.59 2.65 0.20 1.34 0.78 0.63 0.52 0.45 0.75 0.96 0.57 0.53 2.67 0.13 2.65 1.41 0.86 0.62 0.51 0.70 0.38 0.81 1.09 0.65 2.65 0.13 2.66 1.23 1.37 0.73 0.53 0.67 0.28 0.35 1.36 1.18 2.66 0.13 2.66 0.72 1.27 1.21 0.69 0.74 0.29 0.30 0.95 1.67 2.66 0.17 2.65 0.70 0.87 1.46 1.57 1.18 0.43 0.27 0.77 1.03 1.75 0.28 2.65 0.74 0.75 0.91 1.77 2.15 0.65 0.01 0.01 0.10 0.01 0.01 0.08 0.13 0.01 0.01 0.08 0.01 0.01 0.01 0.01 0.01 0.01 0.01 0.83 0.01 0.01 0.01 0.01 0.01 0.07 0.61 0.58 0.63 0.60 2.64 0.08 1.31 0.74 0.62 0.50 0.54 0.67 0.94 0.66 0.54 2.64 0.14 2.65 1.36 0.85 0.60 0.59 0.62 0.41 0.74 1.18 0.66 2.65 0.16 2.65 1.23 1.37 0.71 0.62 0.59 0.33 0.33 1.30 1.17 2.66 0.15 2.65 0.70 1.25 1.18 0.76 0.66 0.35 0.29 0.95 1.64 2.66 0.12 2.66 0.71 0.87 1.49 1.66 1.12 0.50 0.26 0.77 1.03 1.66 0.05 2.67 0.74 0.75 0.94 1.78 2.12 0.71 0.05 0.05 0.06 0.15 0.03 2.64 0.02 0.01 0.03 0.03 0.08 0.18 0.06 0.06 0.07 0.15 0.02 2.63 0.03 0.01 0.03 0.01 0.02 0.07

I got: 0.62 0.60 0.53 0.59 2.66 0.20 1.34 0.78 0.63 0.52 0.45 0.75 0.96 0.57 0.53 2.67 0.14 2.66 1.41 0.86 0.62 0.51 0.70 0.37 0.81 1.09 0.65 2.67 0.15 2.66 1.23 1.37 0.73 0.53 0.67 0.28 0.35 1.36 1.18 2.66 0.14 2.67 0.72 1.27 1.21 0.68 0.74 0.29 0.30 0.95 1.67 2.65 0.17 2.65 0.70 0.86 1.46 1.57 1.18 0.43 0.27 0.77 1.03 1.75 0.28 2.66 0.74 0.75 0.91 1.77 2.15 0.64 0.05 0.03 0.06 0.06 0.01 0.12 0.08 0.01 0.01 0.08 0.12 0.01 0.01 0.01 0.01 0.01 0.01 0.54 0.01 0.01 0.01 0.01 0.01 0.09 0.61 0.57 0.63 0.60 2.65 0.09 1.31 0.74 0.62 0.50 0.54 0.67 0.94 0.66 0.54 2.66 0.14 2.65 1.36 0.85 0.60 0.59 0.62 0.41 0.74 1.18 0.66 2.66 0.14 2.65 1.23 1.36 0.71 0.62 0.60 0.33 0.33 1.30 1.17 2.64 0.15 2.65 0.70 1.25 1.18 0.76 0.66 0.35 0.29 0.95 1.64 2.66 0.12 2.66 0.71 0.87 1.49 1.66 1.12 0.50 0.26 0.78 1.03 1.66 0.05 2.65 0.74 0.75 0.94 1.78 2.12 0.71 0.05 0.05 0.06 0.15 0.03 2.64 0.02 0.01 0.03 0.04 0.08 0.19 0.06 0.06 0.07 0.15 0.02 2.63 0.03 0.01 0.03 0.01 0.03 0.08

I got: 0.62 0.59 0.53 0.59 2.67 0.20 1.34 0.78 0.63 0.52 0.45 0.75 0.96 0.57 0.53 2.65 0.13 2.66 1.41 0.86 0.62 0.51 0.70 0.38 0.81 1.09 0.65 2.68 0.12 2.71 1.24 1.37 0.73 0.53 0.67 0.28 0.35 1.35 1.17 2.68 0.14 2.72 0.72 1.27 1.21 0.69 0.74 0.29 0.30 0.95 1.67 2.68 0.15 2.66 0.70 0.87 1.46 1.56 1.18 0.43 0.27 0.77 1.03 1.75 0.28 2.65 0.74 0.75 0.91 1.77 2.16 0.64 0.01 0.01 0.08 0.01 0.01 0.02 0.11 0.01 0.01 0.07 0.02 0.01 0.01 0.01 0.01 0.01 0.01 0.33 0.01 0.01 0.01 0.01 0.01 0.07 0.61 0.57 0.63 0.60 2.65 0.07 1.31 0.74 0.62 0.50 0.53 0.67 0.94 0.66 0.54 2.65 0.14 2.65 1.36 0.85 0.60 0.59 0.62 0.41 0.74 1.18 0.66 2.65 0.15 2.65 1.23 1.37 0.71 0.62 0.59 0.33 0.33 1.30 1.17 2.66 0.14 2.66 0.70 1.25 1.18 0.76 0.66 0.35 0.29 0.95 1.64 2.67 0.10 2.66 0.71 0.87 1.50 1.66 1.12 0.50 0.26 0.77 1.03 1.66 0.03 2.66 0.74 0.75 0.94 1.77 2.12 0.71 0.05 0.05 0.06 0.15 0.03 2.66 0.02 0.01 0.03 0.03 0.08 0.19 0.06 0.06 0.07 0.15 0.02 2.64 0.03 0.01 0.03 0.01 0.02 0.07

I got: 0.62 0.59 0.53 0.59 2.65 0.23 1.34 0.78 0.63 0.52 0.45 0.75 0.96 0.57 0.53 2.66 0.14 2.66 1.41 0.86 0.62 0.51 0.69 0.37 0.81 1.09 0.65 2.66 0.12 2.67 1.24 1.37 0.73 0.53 0.67 0.28 0.35 1.36 1.17 2.67 0.13 2.67 0.72 1.27 1.21 0.68 0.74 0.29 0.30 0.95 1.67 2.66 0.17 2.66 0.70 0.87 1.46 1.57 1.18 0.43 0.27 0.77 1.03 1.75 0.28 2.66 0.74 0.75 0.91 1.77 2.16 0.65 0.01 0.01 0.08 0.00 0.01 0.09 0.07 0.01 0.01 0.07 0.08 0.01 0.01 0.00 0.01 0.01 0.01 0.79 0.01 0.01 0.01 0.01 0.01 0.07 0.61 0.57 0.63 0.60 2.66 0.07 1.31 0.74 0.62 0.50 0.54 0.67 0.94 0.66 0.54 2.66 0.14 2.65 1.36 0.85 0.60 0.59 0.62 0.41 0.73 1.18 0.66 2.66 0.13 2.65 1.23 1.37 0.71 0.62 0.60 0.33 0.32 1.30 1.17 2.65 0.15 2.65 0.70 1.25 1.18 0.76 0.66 0.35 0.29 0.95 1.64 2.66 0.12 2.65 0.71 0.87 1.49 1.66 1.12 0.50 0.26 0.77 1.03 1.66 0.04 2.65 0.74 0.75 0.94 1.77 2.13 0.71 0.05 0.05 0.06 0.15 0.03 2.64 0.02 0.01 0.03 0.03 0.08 0.19 0.06 0.06 0.07 0.15 0.02 2.68 0.03 0.01 0.03 0.01 0.02 0.07

I got: 0.61 0.59 0.53 0.59 2.68 0.23 1.34 0.78 0.63 0.52 0.45 0.75 0.96 0.57 0.53 2.65 0.14 2.69 1.41 0.86 0.62 0.51 0.70 0.38 0.80 1.09 0.64 2.66 0.12 2.68 1.23 1.37 0.73 0.53 0.67 0.28 0.35 1.35 1.17 2.68 0.12 2.69 0.72 1.27 1.21 0.68 0.74 0.29 0.30 0.95 1.67 2.66 0.18 2.66 0.70 0.87 1.46 1.56 1.19 0.43 0.27 0.77 1.03 1.75 0.28 2.66 0.74 0.75 0.91 1.77 2.16 0.64 0.05 0.01 0.08 0.06 0.01 0.10 0.07 0.01 0.01 0.09 0.07 0.01 0.01 0.01 0.01 0.01 0.01 0.70 0.01 0.01 0.00 0.01 0.01 0.08 0.61 0.57 0.63 0.60 2.66 0.07 1.31 0.74 0.62 0.50 0.54 0.67 0.93 0.66 0.54 2.65 0.13 2.65 1.36 0.85 0.60 0.59 0.62 0.41 0.73 1.18 0.66 2.66 0.14 2.65 1.23 1.37 0.71 0.62 0.60 0.33 0.33 1.30 1.17 2.65 0.14 2.66 0.70 1.25 1.18 0.76 0.66 0.35 0.29 0.95 1.64 2.67 0.13 2.66 0.71 0.87 1.49 1.66 1.12 0.50 0.26 0.77 1.03 1.66 0.05 2.65 0.74 0.75 0.94 1.77 2.12 0.71 0.05 0.05 0.06 0.15 0.03 2.64 0.02 0.01 0.03 0.05 0.16 0.19 0.06 0.06 0.07 0.15 0.02 2.64 0.03 0.01 0.03 0.07 0.10 0.07

I got: 0.61 0.59 0.53 0.59 2.67 0.21 1.34 0.78 0.62 0.52 0.45 0.75 0.96 0.57 0.53 2.65 0.13 2.67 1.41 0.86 0.62 0.51 0.70 0.37 0.81 1.08 0.65 2.66 0.12 2.68 1.23 1.37 0.73 0.53 0.67 0.28 0.35 1.36 1.17 2.67 0.13 2.67 0.72 1.27 1.21 0.68 0.74 0.29 0.27 0.86 1.51 2.65 0.18 2.65 0.63 0.78 1.31 1.40 1.07 0.39 0.27 0.77 1.03 1.75 0.30 2.66 0.74 0.75 0.91 1.77 2.17 0.64 0.05 0.02 0.08 0.13 0.01 0.07 0.09 0.01 0.01 0.06 0.08 0.01 0.01 0.01 0.01 0.01 0.01 0.47 0.01 0.01 0.01 0.01 0.01 0.07 0.61 0.57 0.63 0.60 2.65 0.06 1.31 0.74 0.63 0.49 0.54 0.66 0.93 0.66 0.54 2.65 0.15 2.66 1.36 0.86 0.60 0.59 0.62 0.41 0.73 1.18 0.66 2.65 0.15 2.65 1.23 1.38 0.71 0.62 0.60 0.33 0.33 1.29 1.17 2.65 0.15 2.70 0.70 1.25 1.17 0.76 0.66 0.35 0.26 0.86 1.48 2.67 0.10 2.72 0.64 0.78 1.34 1.50 1.00 0.45 0.26 0.77 1.03 1.66 0.05 2.66 0.74 0.75 0.94 1.77 2.12 0.71 0.05 0.05 0.06 0.15 0.03 2.64 0.02 0.01 0.03 0.06 0.17 0.19 0.06 0.06 0.07 0.15 0.02 2.63 0.03 0.01 0.03 0.09 0.11 0.07

I got: 0.61 0.59 0.53 0.59 2.66 0.20 1.34 0.78 0.63 0.53 0.45 0.75 0.96 0.57 0.53 2.68 0.13 2.65 1.41 0.86 0.63 0.51 0.70 0.38 0.80 1.09 0.65 2.67 0.14 2.67 1.23 1.37 0.73 0.53 0.67 0.28 0.35 1.35 1.17 2.66 0.13 2.66 0.72 1.27 1.22 0.68 0.74 0.29 0.27 0.86 1.51 2.65 0.21 2.65 0.63 0.77 1.30 1.39 1.06 0.38 0.27 0.77 1.03 1.75 0.32 2.66 0.74 0.75 0.91 1.78 2.16 0.64 0.07 0.01 0.07 0.07 0.01 0.03 0.07 0.01 0.01 0.08 0.08 0.01 0.01 0.01 0.00 0.01 0.01 0.55 0.01 0.01 0.01 0.01 0.01 0.06 0.61 0.57 0.62 0.60 2.66 0.06 1.31 0.74 0.63 0.49 0.53 0.66 0.94 0.66 0.54 2.66 0.13 2.65 1.36 0.86 0.60 0.59 0.62 0.41 0.73 1.18 0.66 2.66 0.14 2.65 1.23 1.38 0.70 0.62 0.60 0.33 0.32 1.29 1.17 2.65 0.15 2.65 0.70 1.25 1.17 0.76 0.66 0.35 0.26 0.86 1.48 2.66 0.09 2.66 0.63 0.78 1.34 1.49 1.01 0.45 0.26 0.77 1.03 1.66 0.04 2.65 0.74 0.75 0.94 1.77 2.12 0.72 0.05 0.05 0.06 0.15 0.03 2.64 0.02 0.01 0.03 0.05 0.17 0.19 0.06 0.06 0.07 0.15 0.02 2.65 0.03 0.01 0.03 0.08 0.10 0.07

I got: 0.61 0.59 0.53 0.59 2.68 0.21 1.34 0.78 0.62 0.53 0.45 0.75 0.96 0.57 0.53 2.65 0.14 2.67 1.41 0.86 0.63 0.51 0.70 0.38 0.81 1.08 0.64 2.66 0.13 2.67 1.23 1.37 0.73 0.53 0.67 0.29 0.35 1.35 1.17 2.67 0.14 2.68 0.72 1.27 1.22 0.68 0.74 0.30 0.27 0.85 1.51 2.65 0.18 2.65 0.63 0.78 1.31 1.40 1.07 0.39 0.27 0.77 1.03 1.75 0.31 2.65 0.74 0.75 0.91 1.77 2.16 0.65 0.01 0.01 0.07 0.03 0.01 0.06 0.09 0.01 0.01 0.10 0.06 0.01 0.01 0.01 0.01 0.01 0.01 0.82 0.01 0.01 0.01 0.01 0.01 0.07 0.61 0.57 0.62 0.60 2.70 0.08 1.31 0.74 0.63 0.49 0.53 0.66 0.93 0.66 0.54 2.69 0.13 2.65 1.36 0.86 0.60 0.59 0.62 0.41 0.73 1.18 0.66 2.66 0.16 2.69 1.23 1.38 0.70 0.62 0.60 0.33 0.32 1.30 1.17 2.65 0.15 2.65 0.70 1.25 1.17 0.76 0.66 0.35 0.26 0.85 1.47 2.66 0.09 2.66 0.63 0.78 1.34 1.49 1.01 0.44 0.26 0.77 1.03 1.66 0.04 2.66 0.74 0.75 0.94 1.77 2.12 0.71 0.05 0.05 0.06 0.15 0.03 2.64 0.02 0.01 0.03 0.06 0.17 0.19 0.06 0.06 0.07 0.15 0.02 2.65 0.03 0.01 0.03 0.09 0.11 0.07

I got: 0.61 0.59 0.53 0.59 2.66 0.20 1.34 0.78 0.62 0.53 0.45 0.75 0.96 0.57 0.53 2.66 0.15 2.67 1.41 0.86 0.63 0.51 0.70 0.38 0.81 1.08 0.65 2.66 0.13 2.68 1.23 1.36 0.73 0.53 0.67 0.28 0.35 1.35 1.17 2.65 0.13 2.68 0.72 1.27 1.21 0.68 0.74 0.29 0.27 0.85 1.50 2.65 0.16 2.65 0.63 0.77 1.30 1.39 1.06 0.38 0.27 0.77 1.03 1.75 0.30 2.65 0.74 0.75 0.91 1.78 2.15 0.64 0.06 0.01 0.06 0.06 0.01 0.14 0.11 0.01 0.01 0.11 0.07 0.01 0.01 0.01 0.01 0.00 0.01 0.56 0.01 0.01 0.01 0.01 0.01 0.07 0.61 0.57 0.63 0.60 2.65 0.08 1.31 0.74 0.64 0.49 0.53 0.66 0.93 0.66 0.54 2.65 0.14 2.65 1.36 0.86 0.60 0.59 0.62 0.41 0.73 1.18 0.66 2.65 0.14 2.66 1.23 1.38 0.70 0.62 0.60 0.33 0.32 1.29 1.17 2.65 0.16 2.64 0.70 1.25 1.17 0.76 0.66 0.35 0.26 0.86 1.49 2.67 0.12 2.66 0.64 0.79 1.35 1.51 1.01 0.45 0.26 0.77 1.03 1.66 0.04 2.67 0.74 0.75 0.94 1.77 2.12 0.71 0.05 0.05 0.06 0.15 0.03 2.66 0.02 0.01 0.03 0.05 0.16 0.19 0.06 0.06 0.07 0.15 0.02 2.64 0.03 0.01 0.02 0.08 0.10 0.07

I got: 0.61 0.59 0.53 0.59 2.66 0.20 1.34 0.78 0.62 0.52 0.45 0.75 0.96 0.57 0.53 2.68 0.14 2.67 1.41 0.85 0.63 0.51 0.70 0.38 0.80 1.08 0.64 2.66 0.14 2.67 1.23 1.37 0.73 0.53 0.67 0.28 0.35 1.35 1.17 2.65 0.13 2.66 0.72 1.27 1.21 0.68 0.74 0.30 0.27 0.85 1.51 2.65 0.17 2.66 0.63 0.78 1.31 1.40 1.07 0.38 0.27 0.77 1.03 1.75 0.31 2.69 0.74 0.75 0.91 1.77 2.16 0.64 0.05 0.01 0.07 0.08 0.01 0.04 0.08 0.01 0.01 0.06 0.06 0.01 0.01 0.01 0.01 0.01 0.01 0.37 0.01 0.01 0.01 0.01 0.01 0.06 0.61 0.57 0.62 0.60 2.66 0.08 1.31 0.74 0.63 0.49 0.53 0.66 0.93 0.66 0.54 2.66 0.13 2.64 1.36 0.86 0.60 0.59 0.62 0.41 0.73 1.18 0.66 2.66 0.14 2.65 1.23 1.37 0.71 0.62 0.59 0.33 0.32 1.29 1.17 2.66 0.14 2.65 0.70 1.25 1.17 0.76 0.66 0.35 0.26 0.86 1.48 2.66 0.10 2.67 0.64 0.79 1.35 1.50 1.01 0.45 0.26 0.77 1.03 1.66 0.05 2.65 0.74 0.75 0.94 1.77 2.12 0.71 0.05 0.05 0.06 0.15 0.03 2.61 0.02 0.01 0.03 0.05 0.16 0.19 0.06 0.06 0.07 0.15 0.02 2.65 0.03 0.01 0.03 0.08 0.10 0.07

I got: 0.61 0.59 0.53 0.59 2.68 0.20 1.34 0.78 0.62 0.52 0.45 0.75 0.96 0.57 0.53 2.66 0.13 2.68 1.41 0.86 0.62 0.51 0.69 0.38 0.80 1.08 0.64 2.67 0.13 2.67 1.23 1.37 0.73 0.53 0.67 0.28 0.35 1.35 1.17 2.68 0.12 2.66 0.72 1.27 1.21 0.68 0.73 0.29 0.27 0.85 1.51 2.66 0.19 2.65 0.63 0.78 1.31 1.40 1.07 0.38 0.27 0.77 1.03 1.75 0.28 2.65 0.74 0.75 0.91 1.77 2.15 0.64 0.04 0.01 0.06 0.08 0.01 0.06 0.07 0.01 0.01 0.06 0.08 0.01 0.01 0.01 0.01 0.01 0.01 0.73 0.01 0.01 0.01 0.01 0.01 0.07 0.60 0.57 0.62 0.60 2.65 0.08 1.31 0.74 0.63 0.49 0.53 0.66 0.93 0.66 0.54 2.65 0.14 2.65 1.36 0.86 0.60 0.59 0.62 0.41 0.73 1.18 0.66 2.65 0.14 2.65 1.23 1.37 0.71 0.62 0.59 0.33 0.32 1.29 1.17 2.66 0.14 2.65 0.70 1.25 1.17 0.76 0.66 0.35 0.26 0.86 1.48 2.67 0.11 2.65 0.64 0.78 1.34 1.50 1.01 0.45 0.26 0.77 1.03 1.66 0.04 2.67 0.74 0.75 0.94 1.78 2.12 0.71 0.05 0.05 0.06 0.15 0.03 2.63 0.02 0.01 0.03 0.06 0.17 0.19 0.06 0.06 0.07 0.15 0.02 2.63 0.03 0.01 0.03 0.08 0.11 0.07

I got: 0.61 0.59 0.53 0.59 2.66 0.20 1.33 0.78 0.63 0.53 0.45 0.75 0.96 0.57 0.53 2.72 0.15 2.67 1.41 0.85 0.63 0.51 0.70 0.38 0.80 1.08 0.64 2.72 0.14 2.68 1.23 1.37 0.73 0.53 0.67 0.28 0.35 1.35 1.17 2.66 0.12 2.66 0.72 1.27 1.21 0.68 0.74 0.29 0.27 0.86 1.51 2.66 0.18 2.69 0.63 0.78 1.30 1.40 1.07 0.39 0.27 0.77 1.03 1.75 0.29 2.65 0.74 0.75 0.91 1.77 2.15 0.64 0.05 0.01 0.07 0.09 0.01 0.11 0.11 0.01 0.01 0.07 0.08 0.01 0.01 0.01 0.01 0.01 0.01 0.77 0.01 0.01 0.01 0.01 0.01 0.06 0.60 0.57 0.62 0.60 2.65 0.07 1.31 0.74 0.63 0.49 0.53 0.66 0.93 0.66 0.54 2.65 0.13 2.65 1.36 0.86 0.60 0.59 0.62 0.41 0.73 1.18 0.66 2.65 0.14 2.65 1.23 1.37 0.70 0.62 0.59 0.33 0.32 1.29 1.17 2.65 0.14 2.65 0.70 1.25 1.17 0.76 0.66 0.35 0.26 0.86 1.47 2.66 0.09 2.66 0.63 0.78 1.34 1.50 1.01 0.45 0.26 0.77 1.03 1.66 0.05 2.67 0.74 0.75 0.94 1.77 2.12 0.71 0.05 0.05 0.06 0.15 0.03 2.65 0.02 0.01 0.03 0.06 0.17 0.19 0.06 0.06 0.07 0.15 0.02 2.63 0.03 0.01 0.03 0.07 0.11 0.07

I got: 0.61 0.59 0.53 0.59 2.66 0.21 1.33 0.77 0.62 0.53 0.45 0.75 0.96 0.57 0.53 2.68 0.14 2.67 1.41 0.86 0.63 0.51 0.70 0.37 0.81 1.08 0.64 2.67 0.13 2.66 1.23 1.36 0.73 0.53 0.67 0.28 0.35 1.35 1.17 2.66 0.11 2.66 0.72 1.27 1.21 0.68 0.74 0.29 0.27 0.85 1.50 2.65 0.18 2.66 0.63 0.77 1.30 1.39 1.06 0.38 0.27 0.77 1.02 1.75 0.28 2.66 0.74 0.75 0.91 1.77 2.16 0.64 0.01 0.01 0.05 0.01 0.01 0.09 0.07 0.00 0.01 0.08 0.07 0.01 0.01 0.01 0.01 0.01 0.01 0.48 0.01 0.01 0.01 0.01 0.01 0.07 0.60 0.57 0.62 0.60 2.65 0.07 1.31 0.74 0.63 0.49 0.53 0.66 0.93 0.66 0.54 2.66 0.15 2.65 1.36 0.86 0.60 0.59 0.62 0.41 0.73 1.17 0.66 2.66 0.16 2.65 1.23 1.37 0.71 0.62 0.59 0.33 0.32 1.29 1.17 2.65 0.13 2.65 0.70 1.25 1.18 0.76 0.66 0.35 0.26 0.86 1.48 2.66 0.10 2.65 0.64 0.79 1.35 1.51 1.01 0.45 0.26 0.77 1.03 1.66 0.05 2.66 0.74 0.75 0.94 1.77 2.12 0.72 0.05 0.05 0.06 0.15 0.03 2.68 0.02 0.01 0.04 0.05 0.16 0.19 0.06 0.05 0.07 0.15 0.02 2.66 0.03 0.01 0.03 0.07 0.09 0.08

