I got: 2.70 1.69 0.74 1.17 2.74 2.67 2.78 1.54 0.82 0.59 2.76 2.78 2.26 0.70 0.79 1.95 2.68 2.66 2.15 0.73 0.44 1.87 1.23 1.86 1.96 2.22 1.66 2.41 2.66 2.66 2.46 2.20 1.04 2.19 0.90 0.85 0.82 2.78 2.76 2.77 2.66 2.67 1.55 2.77 2.77 2.66 1.07 0.73 0.82 2.75 2.78 2.78 2.64 2.67 1.50 2.47 2.75 2.77 1.45 0.85 0.62 2.74 2.38 2.61 2.66 2.66 1.55 1.96 2.29 2.35 2.26 1.02 1.65 2.42 1.42 1.09 2.38 2.67 2.22 1.86 1.42 0.96 2.54 2.31 0.02 0.01 0.01 0.01 0.01 0.05 0.08 0.14 0.01 0.15 0.01 0.14 2.77 1.54 0.81 1.30 1.65 2.67 2.76 1.66 0.69 1.95 1.83 2.75 2.12 0.75 0.97 0.57 2.66 2.65 2.42 0.72 1.87 0.57 1.44 1.92 2.75 2.16 1.65 1.05 2.66 2.66 2.56 2.21 2.36 0.87 1.13 0.94 2.34 2.70 2.77 1.85 2.65 2.67 1.65 2.78 2.78 1.72 1.35 0.86 2.32 2.06 2.76 2.76 2.67 2.67 1.55 2.51 2.77 2.76 1.76 0.99 2.21 1.28 2.27 2.33 2.66 2.67 1.49 1.90 2.26 2.47 2.48 1.19 2.77 0.80 1.56 0.99 2.23 2.65 2.21 1.85 1.44 1.19 1.69 2.64 2.77 1.57 0.71 0.16 0.25 2.02 0.37 0.17 0.04 0.25 1.20 2.76

I got: 2.70 1.69 0.73 1.16 2.74 2.67 2.78 1.54 0.82 0.59 2.75 2.78 2.26 0.69 0.79 1.95 2.67 2.67 2.14 0.73 0.44 1.87 1.23 1.86 1.97 2.22 1.66 2.41 2.67 2.65 2.47 2.19 1.04 2.18 0.90 0.85 0.82 2.78 2.75 2.77 2.67 2.66 1.55 2.78 2.77 2.66 1.07 0.74 0.82 2.76 2.78 2.78 2.66 2.67 1.50 2.46 2.76 2.76 1.45 0.86 0.62 2.74 2.38 2.60 2.67 2.67 1.55 1.96 2.29 2.36 2.26 1.02 1.65 2.42 1.42 1.09 2.39 2.67 2.21 1.85 1.43 0.96 2.54 2.31 0.02 0.01 0.01 0.01 0.01 0.06 0.10 0.14 0.01 0.14 0.01 0.17 2.78 1.54 0.81 1.30 1.66 2.67 2.76 1.66 0.69 1.95 1.82 2.75 2.12 0.75 0.97 0.57 2.67 2.64 2.42 0.72 1.86 0.57 1.44 1.92 2.74 2.15 1.65 1.06 2.67 2.65 2.58 2.21 2.35 0.87 1.13 0.94 2.34 2.71 2.77 1.85 2.66 2.66 1.64 2.77 2.78 1.72 1.35 0.86 2.32 2.06 2.75 2.75 2.65 2.67 1.55 2.51 2.78 2.75 1.76 0.99 2.21 1.28 2.27 2.33 2.65 2.67 1.49 1.90 2.27 2.46 2.48 1.19 2.77 0.80 1.56 0.99 2.23 2.64 2.21 1.85 1.44 1.19 1.69 2.65 2.76 1.57 0.71 0.16 0.25 2.01 0.37 0.17 0.04 0.24 1.20 2.77

I got: 2.70 1.69 0.73 1.16 2.73 2.67 2.77 1.54 0.81 0.59 2.74 2.77 2.26 0.70 0.79 1.98 2.66 2.67 2.14 0.72 0.44 1.87 1.23 1.86 1.96 2.21 1.66 2.41 2.67 2.67 2.48 2.19 1.04 2.19 0.90 0.85 0.81 2.78 2.75 2.77 2.67 2.65 1.55 2.77 2.76 2.66 1.07 0.73 0.82 2.77 2.78 2.78 2.67 2.66 1.50 2.46 2.78 2.76 1.45 0.85 0.62 2.76 2.37 2.59 2.65 2.67 1.55 1.96 2.29 2.36 2.27 1.02 1.64 2.43 1.42 1.09 2.38 2.66 2.22 1.85 1.42 0.96 2.56 2.30 0.02 0.01 0.01 0.01 0.01 0.05 0.10 0.13 0.01 0.14 0.01 0.13 2.78 1.54 0.81 1.30 1.65 2.66 2.75 1.66 0.69 1.94 1.82 2.76 2.12 0.74 0.97 0.57 2.67 2.66 2.42 0.72 1.86 0.57 1.45 1.92 2.76 2.15 1.65 1.05 2.67 2.67 2.60 2.21 2.36 0.87 1.13 0.94 2.34 2.70 2.76 1.86 2.67 2.65 1.64 2.76 2.78 1.72 1.35 0.86 2.32 2.06 2.77 2.74 2.65 2.67 1.55 2.53 2.78 2.75 1.76 0.99 2.20 1.29 2.27 2.34 2.66 2.66 1.49 1.90 2.27 2.48 2.47 1.19 2.76 0.80 1.56 0.99 2.23 2.67 2.22 1.86 1.44 1.19 1.69 2.65 2.75 1.57 0.70 0.16 0.25 2.03 0.37 0.17 0.04 0.24 1.20 2.77

I got: 2.69 1.69 0.73 1.16 2.73 2.67 2.77 1.54 0.82 0.59 2.75 2.77 2.25 0.69 0.79 1.96 2.64 2.67 2.14 0.72 0.44 1.87 1.23 1.86 1.96 2.21 1.66 2.43 2.67 2.67 2.48 2.20 1.04 2.19 0.90 0.85 0.81 2.77 2.77 2.76 2.67 2.66 1.55 2.77 2.76 2.65 1.07 0.73 0.82 2.78 2.78 2.77 2.67 2.65 1.50 2.47 2.78 2.76 1.45 0.85 0.62 2.77 2.37 2.59 2.66 2.67 1.55 1.96 2.28 2.36 2.27 1.02 1.64 2.43 1.42 1.09 2.38 2.67 2.22 1.85 1.42 0.96 2.56 2.30 0.02 0.01 0.01 0.01 0.01 0.05 0.14 0.15 0.01 0.15 0.01 0.17 2.78 1.54 0.81 1.30 1.64 2.67 2.76 1.66 0.69 1.94 1.82 2.77 2.12 0.75 0.97 0.56 2.67 2.66 2.43 0.72 1.86 0.57 1.44 1.92 2.77 2.15 1.65 1.05 2.67 2.66 2.60 2.21 2.36 0.87 1.13 0.94 2.33 2.70 2.76 1.84 2.67 2.65 1.64 2.75 2.77 1.72 1.35 0.86 2.32 2.06 2.78 2.74 2.66 2.66 1.55 2.54 2.78 2.74 1.76 0.99 2.20 1.28 2.26 2.35 2.66 2.66 1.49 1.90 2.27 2.48 2.47 1.19 2.76 0.80 1.56 0.99 2.23 2.67 2.22 1.85 1.44 1.19 1.68 2.64 2.75 1.57 0.71 0.16 0.25 2.04 0.37 0.17 0.04 0.24 1.20 2.76

I got: 2.69 1.69 0.73 1.16 2.72 2.66 2.76 1.54 0.82 0.59 2.77 2.76 2.25 0.69 0.79 1.97 2.66 2.67 2.14 0.73 0.44 1.87 1.22 1.86 1.96 2.21 1.66 2.43 2.68 2.67 2.47 2.20 1.04 2.19 0.90 0.85 0.81 2.76 2.78 2.76 2.67 2.67 1.55 2.77 2.75 2.64 1.07 0.74 0.82 2.78 2.77 2.77 2.67 2.67 1.50 2.48 2.78 2.77 1.45 0.85 0.62 2.77 2.37 2.61 2.67 2.66 1.55 1.96 2.28 2.35 2.27 1.02 1.64 2.43 1.42 1.09 2.37 2.68 2.22 1.85 1.42 0.96 2.56 2.30 0.02 0.01 0.01 0.01 0.01 0.04 0.12 0.13 0.01 0.15 0.01 0.13 2.77 1.54 0.81 1.30 1.65 2.65 2.78 1.66 0.68 1.94 1.82 2.78 2.12 0.74 0.96 0.57 2.66 2.67 2.43 0.72 1.86 0.56 1.44 1.92 2.77 2.15 1.65 1.05 2.68 2.67 2.59 2.21 2.37 0.87 1.13 0.94 2.33 2.69 2.75 1.84 2.67 2.68 1.64 2.74 2.76 1.72 1.34 0.86 2.32 2.06 2.78 2.77 2.67 2.65 1.55 2.54 2.78 2.76 1.76 0.99 2.20 1.28 2.27 2.35 2.67 2.69 1.49 1.90 2.27 2.48 2.47 1.19 2.75 0.80 1.56 0.99 2.23 2.67 2.22 1.85 1.44 1.19 1.69 2.63 2.76 1.57 0.70 0.16 0.25 2.01 0.37 0.17 0.04 0.25 1.20 2.76

I got: 2.68 1.69 0.73 1.16 2.73 2.65 2.76 1.54 0.82 0.58 2.77 2.76 2.25 0.69 0.79 1.96 2.67 2.67 2.14 0.72 0.44 1.87 1.22 1.85 1.97 2.21 1.66 2.42 2.67 2.67 2.47 2.21 1.04 2.20 0.90 0.85 0.81 2.75 2.78 2.75 2.67 2.67 1.55 2.75 2.74 2.63 1.07 0.73 0.82 2.77 2.76 2.75 2.67 2.67 1.50 2.48 2.78 2.78 1.45 0.85 0.62 2.77 2.37 2.62 2.67 2.65 1.55 1.96 2.29 2.35 2.27 1.03 1.64 2.42 1.42 1.09 2.37 2.66 2.23 1.85 1.42 0.96 2.56 2.31 0.02 0.01 0.01 0.01 0.01 0.04 0.01 0.16 0.01 0.16 0.01 0.13 2.77 1.54 0.81 1.30 1.65 2.65 2.78 1.66 0.69 1.94 1.82 2.77 2.12 0.74 0.96 0.56 2.67 2.67 2.43 0.72 1.86 0.56 1.44 1.92 2.77 2.15 1.65 1.05 2.66 2.67 2.58 2.22 2.37 0.87 1.13 0.94 2.33 2.70 2.76 1.87 2.67 2.67 1.64 2.77 2.75 1.72 1.35 0.86 2.31 2.07 2.78 2.77 2.67 2.67 1.55 2.53 2.77 2.77 1.76 0.99 2.21 1.29 2.26 2.35 2.68 2.66 1.49 1.90 2.27 2.47 2.47 1.19 2.74 0.79 1.56 0.99 2.22 2.67 2.21 1.85 1.44 1.19 1.69 2.62 2.78 1.57 0.70 0.16 0.25 2.02 0.37 0.17 0.04 0.24 1.20 2.75

I got: 2.67 1.69 0.73 1.16 2.74 2.65 2.75 1.55 0.81 0.59 2.76 2.75 2.25 0.69 0.79 1.97 2.67 2.66 2.15 0.72 0.44 1.87 1.22 1.86 1.97 2.22 1.66 2.41 2.64 2.67 2.47 2.21 1.04 2.19 0.90 0.85 0.82 2.76 2.77 2.75 2.66 2.67 1.55 2.75 2.74 2.63 1.07 0.73 0.82 2.76 2.75 2.77 2.67 2.67 1.50 2.47 2.77 2.78 1.45 0.85 0.62 2.76 2.38 2.62 2.67 2.65 1.56 1.96 2.29 2.34 2.27 1.02 1.64 2.41 1.42 1.09 2.38 2.67 2.22 1.85 1.42 0.96 2.55 2.31 0.02 0.01 0.01 0.01 0.01 0.06 0.06 0.14 0.01 0.14 0.01 0.16 2.76 1.55 0.81 1.30 1.63 2.66 2.78 1.66 0.68 1.94 1.82 2.77 2.12 0.74 0.96 0.57 2.65 2.67 2.43 0.72 1.86 0.56 1.44 1.92 2.76 2.16 1.65 1.04 2.64 2.67 2.57 2.22 2.37 0.87 1.13 0.94 2.33 2.71 2.78 1.85 2.68 2.67 1.64 2.78 2.77 1.72 1.35 0.86 2.31 2.06 2.77 2.77 2.67 2.67 1.55 2.52 2.76 2.77 1.76 0.99 2.21 1.28 2.26 2.35 2.68 2.67 1.50 1.90 2.27 2.47 2.48 1.19 2.76 0.80 1.56 0.99 2.22 2.67 2.21 1.85 1.44 1.19 1.68 2.62 2.78 1.57 0.70 0.17 0.25 2.02 0.37 0.17 0.04 0.25 1.20 2.74

I got: 2.68 1.69 0.73 1.16 2.74 2.66 2.77 1.55 0.81 0.59 2.76 2.77 2.26 0.69 0.79 1.97 2.67 2.69 2.15 0.73 0.44 1.87 1.22 1.86 1.97 2.22 1.66 2.41 2.66 2.67 2.46 2.20 1.04 2.19 0.90 0.85 0.82 2.77 2.76 2.77 2.64 2.67 1.55 2.76 2.76 2.65 1.07 0.73 0.82 2.76 2.78 2.78 2.65 2.67 1.50 2.47 2.76 2.78 1.45 0.85 0.62 2.75 2.38 2.62 2.67 2.67 1.55 1.96 2.29 2.34 2.27 1.02 1.64 2.42 1.42 1.09 2.39 2.67 2.22 1.85 1.42 0.96 2.54 2.31 0.02 0.01 0.01 0.01 0.01 0.05 0.12 0.13 0.01 0.15 0.01 0.12 2.75 1.54 0.81 1.30 1.64 2.67 2.77 1.66 0.68 1.94 1.82 2.76 2.12 0.74 0.97 0.57 2.65 2.66 2.43 0.71 1.86 0.56 1.44 1.92 2.75 2.16 1.65 1.05 2.66 2.66 2.56 2.21 2.37 0.87 1.13 0.94 2.34 2.71 2.78 1.86 2.65 2.67 1.64 2.78 2.78 1.72 1.35 0.86 2.31 2.06 2.77 2.76 2.67 2.67 1.55 2.51 2.75 2.77 1.76 0.99 2.21 1.28 2.27 2.34 2.66 2.67 1.49 1.90 2.26 2.47 2.48 1.19 2.77 0.79 1.56 0.99 2.23 2.66 2.21 1.85 1.44 1.19 1.69 2.62 2.77 1.57 0.70 0.16 0.25 2.01 0.37 0.17 0.04 0.25 1.20 2.74

I got: 2.69 1.69 0.73 1.16 2.73 2.67 2.78 1.54 0.82 0.58 2.75 2.78 2.26 0.69 0.79 1.95 2.68 2.66 2.14 0.72 0.44 1.87 1.22 1.85 1.97 2.22 1.66 2.40 2.67 2.66 2.46 2.20 1.04 2.19 0.90 0.85 0.82 2.78 2.76 2.77 2.66 2.67 1.55 2.77 2.77 2.66 1.07 0.73 0.82 2.75 2.78 2.78 2.65 2.67 1.50 2.47 2.75 2.77 1.45 0.85 0.62 2.75 2.38 2.61 2.66 2.66 1.55 1.96 2.29 2.35 2.26 1.02 1.65 2.42 1.42 1.09 2.39 2.67 2.22 1.85 1.43 0.96 2.53 2.31 0.02 0.01 0.01 0.01 0.01 0.05 0.14 0.16 0.01 0.15 0.01 0.16 2.77 1.54 0.81 1.30 1.65 2.67 2.77 1.66 0.69 1.94 1.82 2.76 2.12 0.74 0.97 0.57 2.66 2.65 2.42 0.72 1.86 0.56 1.43 1.92 2.75 2.16 1.65 1.05 2.67 2.65 2.57 2.22 2.36 0.87 1.13 0.94 2.34 2.71 2.77 1.85 2.64 2.67 1.64 2.78 2.78 1.72 1.34 0.86 2.32 2.07 2.76 2.76 2.67 2.67 1.55 2.51 2.77 2.76 1.76 0.99 2.21 1.29 2.27 2.33 2.65 2.67 1.49 1.90 2.27 2.47 2.48 1.19 2.77 0.79 1.56 0.99 2.23 2.65 2.21 1.85 1.44 1.19 1.69 2.63 2.77 1.56 0.70 0.17 0.26 2.02 0.37 0.17 0.04 0.25 1.20 2.76

I got: 2.70 1.69 0.73 1.16 2.74 2.67 2.78 1.54 0.81 0.58 2.75 2.78 2.26 0.70 0.79 1.97 2.67 2.67 2.14 0.72 0.44 1.87 1.22 1.85 1.97 2.22 1.66 2.42 2.67 2.65 2.47 2.19 1.04 2.18 0.90 0.85 0.82 2.78 2.75 2.77 2.67 2.66 1.55 2.78 2.77 2.66 1.07 0.73 0.82 2.75 2.78 2.78 2.66 2.66 1.50 2.47 2.76 2.76 1.45 0.85 0.62 2.74 2.38 2.60 2.66 2.67 1.55 1.96 2.29 2.36 2.27 1.02 1.65 2.43 1.42 1.09 2.39 2.67 2.22 1.85 1.43 0.96 2.55 2.31 0.02 0.01 0.01 0.01 0.01 0.04 0.12 0.13 0.01 0.14 0.01 0.15 2.78 1.54 0.81 1.30 1.65 2.67 2.76 1.66 0.69 1.94 1.82 2.75 2.12 0.74 0.97 0.56 2.67 2.65 2.42 0.71 1.86 0.56 1.43 1.92 2.74 2.15 1.65 1.05 2.67 2.65 2.59 2.22 2.36 0.86 1.13 0.93 2.34 2.71 2.77 1.85 2.66 2.66 1.64 2.77 2.78 1.72 1.34 0.86 2.32 2.06 2.75 2.75 2.65 2.67 1.55 2.51 2.78 2.75 1.76 0.99 2.21 1.29 2.27 2.34 2.65 2.67 1.50 1.90 2.27 2.47 2.48 1.19 2.77 0.79 1.56 0.99 2.23 2.64 2.22 1.85 1.44 1.20 1.69 2.65 2.76 1.57 0.70 0.17 0.26 2.01 0.37 0.17 0.04 0.25 1.20 2.77

I got: 2.69 1.69 0.73 1.16 2.74 2.67 2.77 1.55 0.82 0.59 2.74 2.77 2.26 0.70 0.79 1.95 2.66 2.67 2.14 0.72 0.44 1.86 1.22 1.85 1.97 2.22 1.66 2.42 2.67 2.67 2.48 2.20 1.04 2.19 0.90 0.84 0.81 2.78 2.76 2.77 2.67 2.65 1.55 2.77 2.76 2.66 1.07 0.73 0.82 2.78 2.78 2.78 2.67 2.66 1.50 2.46 2.78 2.75 1.45 0.85 0.62 2.76 2.38 2.59 2.64 2.67 1.56 1.96 2.29 2.36 2.27 1.02 1.65 2.43 1.42 1.09 2.39 2.66 2.23 1.85 1.43 0.96 2.57 2.30 0.02 0.01 0.01 0.01 0.01 0.07 0.13 0.13 0.01 0.15 0.01 0.14 2.78 1.55 0.81 1.30 1.65 2.67 2.75 1.66 0.68 1.94 1.81 2.77 2.12 0.74 0.97 0.57 2.67 2.67 2.43 0.71 1.86 0.56 1.44 1.92 2.77 2.15 1.65 1.05 2.67 2.68 2.60 2.21 2.35 0.86 1.13 0.94 2.34 2.71 2.76 1.85 2.67 2.65 1.64 2.76 2.78 1.72 1.34 0.86 2.32 2.06 2.77 2.74 2.65 2.67 1.55 2.53 2.78 2.74 1.76 0.99 2.20 1.29 2.27 2.35 2.66 2.66 1.50 1.90 2.27 2.48 2.47 1.19 2.76 0.80 1.56 0.99 2.23 2.67 2.22 1.85 1.44 1.20 1.68 2.64 2.75 1.57 0.70 0.17 0.25 2.03 0.37 0.17 0.04 0.25 1.20 2.77

I got: 2.69 1.69 0.74 1.16 2.72 2.67 2.77 1.55 0.82 0.59 2.75 2.77 2.26 0.70 0.79 1.95 2.65 2.67 2.14 0.72 0.44 1.87 1.22 1.86 1.97 2.21 1.66 2.42 2.67 2.67 2.48 2.20 1.04 2.19 0.90 0.85 0.81 2.77 2.77 2.76 2.67 2.67 1.56 2.77 2.75 2.66 1.07 0.73 0.82 2.78 2.77 2.77 2.67 2.65 1.50 2.47 2.78 2.76 1.45 0.85 0.62 2.77 2.37 2.60 2.66 2.67 1.56 1.96 2.29 2.36 2.27 1.02 1.65 2.43 1.43 1.09 2.38 2.67 2.23 1.85 1.43 0.96 2.57 2.31 0.02 0.01 0.01 0.01 0.01 0.06 0.14 0.15 0.01 0.14 0.01 0.15 2.78 1.55 0.81 1.30 1.65 2.67 2.76 1.66 0.69 1.94 1.81 2.78 2.12 0.74 0.97 0.56 2.67 2.67 2.43 0.71 1.86 0.56 1.44 1.92 2.77 2.15 1.65 1.07 2.67 2.67 2.60 2.21 2.36 0.86 1.13 0.94 2.33 2.70 2.75 1.86 2.67 2.67 1.64 2.76 2.77 1.72 1.34 0.86 2.32 2.07 2.78 2.75 2.66 2.66 1.55 2.54 2.78 2.75 1.76 0.99 2.20 1.29 2.27 2.36 2.67 2.67 1.50 1.90 2.27 2.49 2.48 1.19 2.76 0.80 1.56 0.99 2.23 2.67 2.22 1.85 1.44 1.19 1.68 2.64 2.75 1.57 0.70 0.17 0.26 2.01 0.37 0.17 0.03 0.25 1.20 2.76

