I got: 2.75 1.81 0.07 0.90 2.76 2.67 2.78 2.16 1.13 1.57 2.46 2.78 2.27 0.05 0.64 2.44 2.69 2.66 2.40 0.99 1.14 1.55 1.50 1.93 2.15 0.05 0.85 2.77 2.67 2.66 2.78 2.31 1.90 1.95 1.33 1.11 1.38 2.78 0.97 2.76 2.67 2.65 2.46 2.78 2.77 2.67 1.66 1.16 1.73 2.78 2.24 2.76 2.67 2.66 2.28 2.78 2.79 2.78 2.16 1.42 2.07 2.77 2.15 0.17 2.65 2.68 2.15 2.72 2.76 2.74 2.77 1.76 2.15 2.77 1.51 0.09 1.61 2.67 2.29 2.30 1.88 1.11 2.34 2.38 0.02 0.01 0.01 0.01 0.01 0.06 0.12 0.13 0.01 0.14 0.01 0.01 2.79 1.98 0.11 0.75 2.26 2.67 2.77 2.22 1.00 1.51 2.46 2.76 2.40 0.13 0.49 1.05 2.67 2.66 2.67 0.99 1.18 1.70 1.63 2.00 2.75 0.20 0.63 1.65 2.67 2.66 2.76 2.32 1.98 2.08 1.51 1.21 2.67 2.46 0.66 1.80 2.65 2.67 2.49 2.78 2.77 2.76 1.88 1.28 2.77 2.64 1.98 1.74 2.68 2.67 2.30 2.75 2.78 2.78 2.30 1.54 2.76 2.58 1.91 0.04 2.68 2.67 2.16 2.73 2.77 2.77 2.76 1.93 2.78 1.84 1.28 0.09 1.77 2.66 2.29 2.32 1.94 1.36 2.58 2.70 2.77 1.51 0.30 0.15 0.69 2.27 0.37 0.32 0.17 0.33 0.90 1.87

I got: 2.77 1.82 0.08 0.90 2.78 2.67 2.78 2.16 1.13 1.57 2.49 2.78 2.27 0.05 0.64 2.45 2.66 2.67 2.39 0.99 1.14 1.57 1.49 1.93 2.16 0.05 0.85 2.77 2.67 2.65 2.77 2.31 1.90 1.95 1.33 1.12 1.38 2.78 0.97 2.75 2.67 2.64 2.46 2.77 2.77 2.67 1.66 1.16 1.73 2.79 2.24 2.75 2.67 2.66 2.28 2.78 2.79 2.79 2.16 1.42 2.07 2.75 2.16 0.18 2.66 2.67 2.15 2.72 2.76 2.76 2.76 1.76 2.14 2.77 1.50 0.09 1.59 2.67 2.28 2.29 1.87 1.10 2.32 2.36 0.02 0.01 0.01 0.01 0.01 0.06 0.14 0.15 0.01 0.14 0.01 0.01 2.79 1.98 0.11 0.75 2.27 2.67 2.76 2.22 1.00 1.51 2.45 2.76 2.39 0.13 0.49 1.05 2.67 2.65 2.67 0.99 1.18 1.73 1.61 2.00 2.77 0.20 0.63 1.64 2.67 2.65 2.75 2.32 1.98 2.11 1.49 1.20 2.66 2.46 0.66 1.79 2.65 2.67 2.50 2.78 2.75 2.77 1.87 1.28 2.76 2.65 1.98 1.74 2.66 2.68 2.29 2.76 2.79 2.77 2.29 1.54 2.75 2.57 1.91 0.04 2.68 2.67 2.16 2.74 2.77 2.76 2.77 1.93 2.78 1.82 1.27 0.09 1.75 2.65 2.28 2.30 1.91 1.35 2.56 2.69 2.76 1.50 0.29 0.16 0.70 2.27 0.37 0.32 0.17 0.33 0.90 1.77

I got: 2.78 1.82 0.08 0.90 2.78 2.67 2.77 2.15 1.14 1.57 2.49 2.77 2.27 0.05 0.64 2.44 2.65 2.68 2.39 0.99 1.14 1.56 1.49 1.93 2.16 0.05 0.85 2.76 2.67 2.68 2.77 2.31 1.90 1.95 1.33 1.11 1.38 2.77 0.97 2.76 2.67 2.67 2.45 2.75 2.75 2.66 1.66 1.16 1.73 2.78 2.24 2.75 2.67 2.66 2.27 2.77 2.78 2.78 2.15 1.42 2.07 2.77 2.15 0.18 2.67 2.66 2.16 2.70 2.75 2.76 2.76 1.76 2.16 2.76 1.51 0.09 1.61 2.65 2.30 2.30 1.89 1.12 2.34 2.39 0.02 0.01 0.01 0.01 0.01 0.05 0.14 0.13 0.01 0.13 0.01 0.01 2.78 1.98 0.11 0.75 2.27 2.66 2.75 2.22 1.00 1.51 2.45 2.76 2.39 0.13 0.49 1.05 2.67 2.67 2.65 0.99 1.17 1.70 1.64 2.00 2.78 0.20 0.63 1.65 2.67 2.67 2.75 2.32 1.98 2.09 1.51 1.20 2.65 2.48 0.66 1.79 2.67 2.66 2.49 2.76 2.77 2.77 1.88 1.28 2.76 2.65 1.98 1.74 2.65 2.67 2.30 2.78 2.79 2.75 2.30 1.54 2.76 2.60 1.91 0.04 2.65 2.67 48.61 2.74 2.76 2.75 2.78 1.93 2.77 1.82 1.27 0.09 1.76 2.68 2.28 2.31 1.92 1.35 2.56 2.70 2.75 1.50 0.30 0.16 0.70 2.26 0.37 0.32 0.17 0.33 0.90 1.78

I got: 2.78 1.82 0.08 0.90 2.78 2.68 2.76 2.15 1.14 1.57 2.49 2.76 2.27 0.05 0.64 2.43 2.66 2.67 2.38 0.99 1.14 1.56 1.50 1.93 2.16 0.05 0.85 2.75 2.67 2.67 2.76 2.31 1.90 1.94 1.34 1.11 1.38 2.76 0.97 2.78 2.67 2.67 2.45 2.77 2.77 2.65 1.66 1.16 1.73 2.78 2.24 2.77 2.67 2.67 2.27 2.77 2.76 2.78 2.15 1.42 2.07 2.79 2.15 0.18 2.67 2.65 2.16 2.69 2.74 2.75 2.75 1.76 2.14 2.75 1.49 0.09 1.59 2.68 2.28 2.29 1.86 1.10 2.31 2.38 0.02 0.01 0.01 0.01 0.01 0.05 0.13 0.14 0.01 0.13 0.01 0.01 2.77 1.98 0.11 0.75 2.28 2.67 2.78 2.21 1.01 1.51 2.47 2.77 2.38 0.13 0.49 1.06 2.67 2.67 2.64 0.99 1.18 1.73 1.61 2.00 2.77 0.20 0.63 1.65 2.67 2.67 2.77 2.31 1.98 2.10 1.50 1.21 2.65 2.48 0.66 1.81 2.67 48.61 2.48 2.75 2.78 2.76 1.87 1.29 2.74 2.65 1.98 1.75 2.66 2.66 2.30 2.78 2.77 2.77 2.30 1.54 2.78 2.61 1.91 0.04 2.66 2.67 2.16 2.74 2.76 2.74 2.78 1.93 2.76 1.82 1.27 0.09 1.75 2.67 2.27 2.31 1.91 1.35 2.55 2.69 2.77 1.50 0.30 0.16 0.70 2.26 0.37 0.32 0.17 0.33 0.90 1.76

I got: 2.77 1.82 0.08 0.90 2.77 2.66 2.75 2.15 1.14 1.57 2.48 2.75 2.27 0.05 0.64 2.43 2.67 2.67 2.39 0.99 1.14 1.56 1.50 1.93 2.16 0.05 0.85 2.74 2.65 2.67 2.75 2.31 1.90 1.94 1.34 1.11 1.38 2.77 0.97 2.78 2.64 2.67 2.45 2.79 2.78 2.64 1.66 1.16 1.73 2.77 2.23 2.78 2.67 2.67 2.27 2.76 2.74 2.77 2.16 1.42 2.06 2.78 2.14 0.18 2.67 2.68 2.16 2.71 2.77 2.75 2.76 1.76 2.15 2.77 1.50 0.09 1.59 2.67 2.28 2.29 1.86 1.11 2.31 2.38 0.02 0.01 0.01 0.01 0.01 0.06 0.14 0.15 0.01 0.16 0.01 0.01 2.75 1.98 0.12 0.74 2.28 2.65 2.78 2.22 1.01 1.51 2.46 2.78 2.39 0.14 0.49 1.06 2.67 2.67 2.66 0.99 1.18 1.72 1.62 2.00 2.77 0.20 0.63 1.65 2.66 2.67 2.78 2.32 1.98 2.10 1.50 1.21 2.63 2.47 0.66 1.80 2.67 2.66 2.48 2.78 2.78 2.75 1.87 1.28 2.75 2.64 1.98 1.75 2.67 2.66 2.30 2.77 2.74 2.78 2.30 1.54 2.78 2.61 1.91 0.04 2.67 2.66 2.16 2.73 2.75 2.77 2.77 1.93 2.75 1.82 1.27 0.09 1.75 2.67 2.28 2.31 1.91 1.35 2.53 2.68 2.78 1.50 0.30 0.16 0.70 2.26 0.36 0.32 0.17 0.32 0.90 1.78

I got: 2.77 1.82 0.08 0.90 2.76 2.65 2.77 2.15 1.14 1.57 2.48 2.77 2.28 0.05 0.64 2.44 2.68 2.68 2.40 0.99 1.14 1.56 1.50 1.93 2.15 0.05 0.86 2.77 2.66 2.67 2.76 2.31 1.90 1.94 1.34 1.11 1.39 2.78 0.97 2.77 2.66 2.67 2.45 2.79 2.78 2.65 1.66 1.16 1.73 2.76 2.24 2.78 2.65 2.67 2.28 2.75 2.77 2.75 2.16 1.42 2.07 2.78 2.15 0.18 2.68 2.67 2.15 2.72 2.77 2.74 2.77 1.75 2.14 2.78 1.50 0.09 1.58 2.67 2.28 2.29 1.86 1.10 2.31 2.38 0.02 0.01 0.01 0.01 0.01 0.05 0.12 0.13 0.01 0.13 0.01 0.01 2.77 1.99 0.12 0.75 2.28 2.66 2.78 2.22 1.01 1.51 2.46 2.78 2.40 0.13 0.49 1.06 2.64 2.67 2.67 0.99 1.18 1.73 1.61 2.00 2.76 0.20 0.63 1.65 2.65 2.67 2.77 2.32 1.98 2.11 1.50 1.20 2.64 2.46 0.66 1.80 2.69 2.67 2.48 2.79 2.78 2.74 1.87 1.28 2.77 2.62 1.98 1.74 2.68 2.67 2.29 2.77 2.76 2.78 2.29 1.54 2.77 2.60 1.91 0.04 2.67 2.68 2.17 2.72 2.75 2.78 2.76 1.93 2.77 1.81 1.27 0.09 1.75 2.67 2.27 2.31 1.91 1.35 2.53 2.67 2.78 1.49 0.30 0.16 0.70 2.25 0.36 0.33 0.17 0.32 0.90 1.76

I got: 2.75 1.82 0.08 0.90 2.75 2.67 2.78 2.15 1.14 1.57 2.48 2.78 2.28 0.05 0.64 2.44 2.68 2.68 2.40 0.99 1.14 1.56 1.50 1.94 2.16 0.05 0.86 2.77 2.67 2.67 2.78 2.31 1.90 1.94 1.34 1.11 1.38 2.78 0.97 2.76 2.67 2.66 2.45 2.78 2.77 2.67 1.67 1.16 1.73 2.78 2.24 2.77 2.66 2.67 2.28 2.78 2.79 2.77 2.16 1.42 2.07 2.77 2.15 0.18 2.64 2.67 2.15 2.72 2.77 2.74 2.77 1.76 2.13 2.78 1.49 0.09 1.58 2.67 2.28 2.28 1.86 1.10 2.31 2.37 0.02 0.01 0.01 0.01 0.01 0.06 0.14 0.15 0.01 0.14 0.01 0.01 2.78 1.99 0.11 0.74 2.28 2.67 2.77 2.22 1.01 1.51 2.46 2.77 2.40 0.13 0.49 1.06 2.66 2.66 2.67 1.00 1.18 1.74 1.61 2.00 2.75 0.20 0.63 1.66 2.66 2.66 2.77 2.32 1.98 2.10 1.49 1.21 2.66 2.46 0.66 1.81 2.66 2.67 2.48 2.78 2.77 2.77 1.86 1.28 2.77 2.64 1.98 1.74 2.69 2.67 2.30 2.76 2.78 2.78 2.29 1.54 2.77 2.58 1.91 0.04 2.67 2.67 2.16 2.73 2.77 2.77 2.75 1.93 2.78 1.81 1.27 0.09 1.74 2.67 2.27 2.30 1.91 1.35 2.54 2.67 2.77 1.49 0.30 0.16 0.71 2.26 0.36 0.33 0.17 0.32 0.90 1.74

I got: 2.75 1.82 0.08 0.90 2.77 2.67 2.78 2.15 1.14 1.57 2.47 2.78 2.28 0.05 0.64 2.45 2.67 2.67 2.40 0.99 1.14 1.55 1.51 1.93 2.16 0.06 0.86 2.77 2.68 2.65 2.78 2.31 1.90 1.94 1.34 1.11 1.38 2.78 0.97 2.76 2.67 2.65 2.46 2.77 2.77 2.67 1.67 1.16 1.73 2.78 2.24 2.76 2.67 2.66 2.28 2.78 2.79 2.78 2.16 1.42 2.06 2.76 2.16 0.18 2.66 2.67 2.15 2.71 2.76 2.76 2.76 1.76 2.14 2.77 1.50 0.09 1.58 2.67 2.27 2.28 1.86 1.10 2.31 2.36 0.02 0.01 0.01 0.01 0.01 0.05 0.13 0.14 0.01 0.18 0.01 0.01 2.79 1.99 0.11 0.75 2.28 2.67 2.76 2.22 1.01 1.51 2.45 2.76 2.40 0.13 0.49 1.06 2.67 2.65 2.67 0.99 1.18 1.74 1.61 2.00 2.76 0.20 0.63 1.65 2.67 2.65 2.76 2.32 1.98 2.11 1.49 1.21 2.66 2.45 0.66 1.80 2.65 2.67 2.49 2.78 2.76 2.77 1.85 1.28 2.77 2.65 1.98 1.74 2.66 2.67 2.30 2.75 2.79 2.77 2.29 1.54 2.76 2.57 1.91 0.04 2.68 2.67 2.16 2.73 2.77 2.76 2.75 1.92 2.78 1.79 1.25 0.09 1.73 2.66 2.26 2.29 1.89 1.33 2.53 2.67 2.76 1.50 0.30 0.16 0.71 2.27 0.36 0.33 0.17 0.32 0.90 1.66

I got: 2.78 1.82 0.08 0.90 2.78 2.67 2.77 2.15 1.14 1.57 2.46 2.77 2.27 0.05 0.64 2.44 2.66 2.67 2.39 0.99 1.14 1.55 1.52 1.93 2.17 0.05 0.86 2.76 2.67 2.68 2.77 2.31 1.91 1.93 1.36 1.12 1.38 2.77 0.97 2.75 2.67 2.67 2.46 2.76 2.76 2.66 1.68 1.17 1.73 2.78 2.25 2.74 2.67 2.65 2.28 2.78 2.78 2.79 2.16 1.42 2.06 2.77 2.16 0.18 2.67 2.67 2.15 2.71 2.75 2.77 2.76 1.76 2.10 2.76 1.49 0.09 1.56 2.66 2.26 2.27 1.84 1.09 2.29 2.34 0.02 0.01 0.01 0.01 0.01 0.05 0.12 0.13 0.01 0.14 0.01 0.01 2.78 1.99 0.12 0.75 2.28 2.67 2.76 2.22 1.01 1.51 2.48 2.75 2.40 0.14 0.49 1.05 2.67 2.66 2.66 0.99 1.17 1.77 1.59 2.00 2.78 0.20 0.63 1.65 2.67 2.68 2.75 2.32 1.98 2.13 1.48 1.21 2.65 2.47 0.66 1.80 2.66 2.66 2.50 2.77 2.76 2.76 1.85 1.28 2.76 2.65 1.98 1.75 2.65 2.67 2.30 2.78 2.79 2.76 2.29 1.54 2.75 2.59 1.91 0.04 2.66 2.67 2.16 2.74 2.77 2.75 2.77 1.93 2.77 1.79 1.25 0.09 1.73 2.65 2.26 2.29 1.88 1.33 2.54 2.67 2.75 1.50 0.30 0.16 0.71 2.27 0.36 0.33 0.17 0.32 0.90 1.65

I got: 2.78 1.82 0.08 0.90 2.78 2.68 2.77 2.15 1.14 1.57 2.47 2.76 2.27 0.05 0.64 2.44 2.65 2.68 2.38 0.99 1.14 1.54 1.52 1.93 2.17 0.05 0.86 2.75 2.66 2.67 2.76 2.31 1.90 1.93 1.36 1.11 1.38 2.76 0.98 2.77 2.66 2.67 2.46 2.76 2.76 2.66 1.68 1.16 1.73 2.78 2.25 2.76 2.67 2.67 2.27 2.77 2.78 2.78 2.16 1.42 2.06 2.78 2.15 0.18 2.68 2.65 2.16 2.70 2.74 2.76 2.74 1.76 2.10 2.75 1.49 0.09 1.56 2.66 2.27 2.27 1.83 1.09 2.29 2.35 0.02 0.01 0.01 0.01 0.01 0.05 0.14 0.16 0.01 0.14 0.01 0.01 2.78 1.99 0.11 0.75 2.28 2.68 2.77 2.21 1.01 1.51 2.48 2.76 2.39 0.13 0.49 1.05 2.67 2.67 2.64 1.00 1.17 1.77 1.59 2.00 2.78 0.20 0.63 1.65 2.67 2.67 2.76 2.32 1.98 2.13 1.48 1.20 2.65 2.48 0.66 1.79 2.67 2.66 2.49 2.75 2.78 2.75 1.85 1.28 2.75 2.65 1.99 1.74 2.66 2.67 2.30 2.78 2.78 2.77 2.28 1.54 2.77 2.60 1.91 0.04 2.65 2.67 2.16 2.74 2.76 2.74 2.78 1.92 2.77 1.78 1.25 0.09 1.73 2.67 2.26 2.29 1.88 1.33 2.53 2.67 2.76 1.50 0.30 0.16 0.71 2.26 0.36 0.33 0.17 0.32 0.90 1.63

I got: 2.78 1.82 0.08 0.90 2.77 2.66 2.75 2.14 1.14 1.57 2.47 2.75 2.27 0.05 0.64 2.43 2.66 2.67 2.38 0.99 1.14 1.54 1.52 1.93 2.16 0.05 0.86 2.74 2.66 2.67 2.76 2.31 1.90 1.93 1.36 1.11 1.38 2.76 0.98 2.78 2.66 2.67 2.46 2.78 2.78 2.65 1.68 1.16 1.73 2.77 2.24 2.78 2.66 2.67 2.27 2.76 2.75 2.78 2.17 1.42 2.06 2.78 2.15 0.18 2.67 2.66 2.16 2.70 2.75 2.75 2.76 1.76 2.09 2.76 1.49 0.09 1.56 2.67 2.26 2.27 1.83 1.09 2.29 2.35 0.02 0.01 0.01 0.01 0.01 0.05 0.13 0.13 0.01 0.14 0.01 0.01 2.76 1.99 0.12 0.75 2.28 2.65 2.78 2.21 1.01 1.51 2.47 2.78 2.39 0.14 0.49 1.05 2.67 2.67 2.64 0.99 1.18 1.78 1.58 1.99 2.77 0.20 0.63 1.64 2.68 2.67 2.77 2.32 1.98 2.13 1.48 1.21 2.64 2.47 0.66 1.79 2.68 2.68 2.49 2.77 2.79 2.75 1.85 1.28 2.74 2.64 1.99 1.74 2.67 2.66 2.30 2.78 2.76 2.78 2.28 1.54 2.78 2.61 1.91 0.04 2.66 2.66 2.16 2.73 2.76 2.76 2.78 1.92 2.76 1.78 1.25 0.09 1.72 2.67 2.26 2.28 1.88 1.33 2.52 2.66 2.78 1.50 0.31 0.16 0.71 2.27 0.36 0.33 0.17 0.32 0.90 1.66

I got: 2.77 1.82 0.08 0.90 2.76 2.65 2.76 2.15 1.14 1.57 2.47 2.77 2.27 0.05 0.64 2.43 2.67 2.66 2.39 0.99 1.14 1.55 1.51 1.93 2.16 0.05 0.86 2.75 2.65 2.67 2.74 2.31 1.90 1.93 1.35 1.11 1.38 2.78 0.98 2.77 2.65 2.67 2.45 2.79 2.78 2.63 1.67 1.16 1.72 2.76 2.24 2.78 2.67 2.67 2.28 2.75 2.75 2.77 2.16 1.42 2.06 2.78 2.15 0.18 2.66 2.67 2.16 2.71 2.77 2.75 2.77 1.76 2.12 2.77 1.50 0.09 1.57 2.67 2.28 2.28 1.85 1.10 2.30 2.37 0.02 0.01 0.01 0.01 0.01 0.05 0.14 0.14 0.01 0.15 0.01 0.01 2.76 1.99 0.12 0.75 2.27 2.66 2.78 2.22 1.01 1.51 2.46 2.78 2.40 0.14 0.49 1.06 2.67 2.67 2.67 0.99 1.17 1.74 1.60 2.00 2.76 0.20 0.63 1.63 2.65 2.67 2.78 2.32 1.98 2.11 1.49 1.21 2.63 2.47 0.66 1.79 2.68 2.67 2.49 2.78 2.78 2.74 1.86 1.28 2.77 2.63 1.99 1.74 2.67 2.69 2.29 2.77 2.74 2.79 2.29 1.54 2.77 2.60 1.91 0.04 2.67 2.66 2.17 2.72 2.74 2.78 2.76 1.92 2.75 1.80 1.27 0.10 1.75 2.67 2.27 2.30 1.90 1.35 2.53 2.66 2.78 1.50 0.31 0.16 0.71 2.25 0.36 0.33 0.17 0.32 0.90 1.73

I got: 2.76 1.82 0.08 0.90 2.75 2.66 2.78 2.15 1.14 1.57 2.48 2.78 2.28 0.05 0.64 2.44 2.67 2.69 2.39 0.99 1.14 1.55 1.50 1.93 2.15 0.06 0.86 2.77 2.66 2.67 2.77 2.31 1.91 1.94 1.34 1.11 1.38 2.78 0.98 2.77 2.67 2.67 2.45 2.78 2.78 2.66 1.66 1.16 1.73 2.77 2.25 2.77 2.66 2.67 2.28 2.77 2.78 2.76 2.16 1.42 2.06 2.77 2.16 0.18 2.67 2.67 2.15 2.72 2.77 2.74 2.77 1.75 2.14 2.78 1.50 0.09 1.59 2.67 2.29 2.29 1.86 1.11 2.31 2.38 0.02 0.01 0.01 0.01 0.01 0.05 0.14 0.14 0.01 0.15 0.01 0.01 2.78 1.99 0.12 0.75 2.28 2.67 2.78 2.22 1.01 1.51 2.46 2.77 2.40 0.13 0.49 1.05 2.65 2.67 2.67 0.99 1.17 1.72 1.62 2.00 2.75 0.20 0.63 1.64 2.65 2.67 48.61 2.32 1.98 2.10 1.50 1.20 2.66 2.46 0.66 1.79 2.67 2.67 2.48 2.79 2.77 2.74 1.87 1.28 2.77 2.62 1.99 1.74 2.67 2.67 2.30 2.76 2.77 2.78 2.30 1.54 2.77 2.59 1.91 0.04 2.67 2.68 2.16 2.71 2.77 2.77 2.75 1.93 2.78 1.81 1.28 0.10 1.76 2.67 2.28 2.31 1.91 1.36 2.54 2.66 2.77 1.50 0.31 0.16 0.71 2.26 0.36 0.33 0.17 0.32 0.90 1.79

