I got: 2.76 2.34 0.81 0.68 1.96 2.66 2.77 2.06 1.10 1.54 2.48 2.77 2.63 0.86 0.58 1.40 2.67 2.69 2.35 0.96 1.11 1.55 1.46 1.94 2.22 2.36 1.07 1.79 2.66 2.67 2.77 2.28 1.87 1.92 1.30 1.12 1.22 2.78 2.76 1.87 2.65 2.67 2.34 2.79 2.78 2.43 1.40 0.99 1.23 2.76 2.75 2.13 2.65 2.67 2.23 2.75 2.76 2.76 1.76 1.11 1.88 2.77 2.19 1.28 2.65 2.67 2.29 2.76 2.76 2.78 2.78 1.78 2.18 2.78 1.77 0.74 0.78 2.67 1.80 2.15 1.88 1.16 2.40 2.46 0.02 0.01 0.01 0.01 0.01 0.07 0.14 0.15 0.01 0.16 0.01 0.01 2.77 2.30 0.95 0.91 1.17 2.67 2.78 2.15 0.96 1.47 2.44 2.77 2.59 1.02 1.03 1.50 2.65 2.67 2.63 0.96 1.14 1.66 1.62 2.01 2.75 2.34 1.28 1.33 2.66 2.67 2.77 2.29 1.94 2.04 1.50 1.21 2.56 2.69 2.77 1.27 2.65 2.67 2.37 2.79 2.77 2.55 1.64 1.13 2.56 2.11 2.77 1.15 2.67 2.67 2.24 2.76 2.77 2.78 2.03 1.26 2.77 2.30 2.17 1.07 2.67 2.69 2.29 2.77 2.78 2.77 2.75 1.95 2.78 1.71 1.84 0.58 0.66 2.67 1.82 2.18 1.94 1.41 2.64 2.77 2.77 1.49 0.66 0.09 1.08 2.38 0.30 0.30 0.16 0.33 0.90 1.98

I got: 2.75 2.35 0.81 0.68 1.96 2.67 2.78 2.07 1.10 1.54 2.49 2.78 2.62 0.86 0.58 1.39 2.69 2.66 2.35 0.96 1.11 1.55 1.46 1.94 2.23 2.37 1.08 1.79 2.67 2.66 2.78 2.28 1.86 1.92 1.30 1.12 1.22 2.78 2.75 1.87 2.67 2.67 2.34 2.78 2.78 2.44 1.39 0.99 1.24 2.75 2.78 2.14 2.66 2.67 2.23 2.78 2.78 2.75 1.76 1.11 1.88 2.76 2.18 1.28 2.67 2.67 2.30 2.78 2.76 2.77 2.77 1.78 2.16 2.77 1.75 0.73 0.78 2.67 1.79 2.15 1.87 1.15 2.39 2.44 0.02 0.01 0.01 0.01 0.01 0.04 0.12 0.14 0.01 0.14 0.01 0.01 2.79 2.30 0.95 0.91 1.17 2.67 2.77 2.15 0.97 1.47 2.44 2.76 2.58 1.02 1.03 1.51 2.67 2.65 2.62 0.96 1.14 1.66 1.62 2.00 2.77 2.35 1.27 1.35 2.67 2.66 2.76 2.30 1.94 2.04 1.50 1.21 2.58 2.69 2.76 1.27 2.66 2.67 2.37 2.78 2.75 2.54 1.64 1.13 2.58 2.11 2.77 1.14 2.66 2.67 2.24 2.75 2.79 2.77 2.03 1.26 2.76 2.30 2.16 1.07 2.69 2.67 2.29 2.77 2.77 2.76 2.77 1.94 2.78 1.69 1.82 0.58 0.66 2.66 1.80 2.17 1.91 1.39 2.62 2.75 2.76 1.49 0.66 0.09 1.08 2.38 0.30 0.30 0.16 0.32 0.90 1.87

I got: 2.78 2.35 0.81 0.68 1.95 2.67 2.78 2.07 1.10 1.54 2.49 2.78 2.65 0.86 0.58 1.39 2.66 2.67 2.35 0.96 1.11 1.54 1.47 1.94 2.23 2.37 1.08 1.79 2.67 2.66 2.77 2.28 1.87 1.91 1.31 1.12 1.22 2.78 2.74 1.87 2.67 2.65 2.33 2.77 2.77 2.43 1.40 0.99 1.24 2.77 2.78 2.14 2.67 2.66 2.23 2.78 2.79 2.78 1.76 1.11 1.88 2.77 2.19 1.28 2.67 2.66 2.30 2.78 2.78 2.76 2.76 1.78 2.16 2.76 1.75 0.73 0.78 2.66 1.78 2.14 1.86 1.14 2.38 2.44 0.02 0.01 0.01 0.01 0.01 0.05 0.14 0.16 0.01 0.15 0.01 0.01 2.78 2.30 0.95 0.91 1.18 2.67 2.75 2.14 0.97 1.47 2.44 2.75 2.56 1.02 1.03 1.50 2.67 2.67 2.61 0.96 1.14 1.67 1.61 2.01 2.78 2.36 1.27 1.34 2.67 2.68 2.75 2.29 1.94 2.05 1.49 1.22 2.58 2.69 2.75 1.27 2.67 2.66 2.36 2.77 2.76 2.54 1.64 1.13 2.59 2.11 2.75 1.13 2.65 2.67 2.25 2.78 2.79 2.75 2.03 1.26 2.75 2.30 2.16 1.07 2.66 2.67 2.29 2.76 2.76 2.75 2.78 1.94 2.77 1.69 1.82 0.58 0.66 2.65 1.80 2.17 1.91 1.39 2.62 2.75 2.75 1.49 0.66 0.09 1.08 2.37 0.30 0.30 0.16 0.33 0.90 1.88

I got: 2.78 2.35 0.81 0.68 1.95 2.68 2.77 2.07 1.10 1.54 2.49 2.77 2.65 0.86 0.58 1.39 2.65 2.67 2.35 0.96 1.11 1.54 1.47 1.94 2.23 2.37 1.07 1.78 2.67 2.66 2.76 2.29 1.87 1.91 1.31 1.12 1.22 2.77 2.74 1.86 2.67 2.68 2.33 2.77 2.76 2.42 1.40 0.99 1.24 2.78 2.77 2.14 2.67 2.66 2.22 2.77 2.78 2.78 1.77 1.12 1.88 2.78 2.19 1.28 2.67 2.66 2.29 2.77 2.78 2.75 2.74 1.78 2.16 2.75 1.75 0.73 0.79 2.68 1.78 2.15 1.86 1.15 2.37 2.44 0.02 0.01 0.01 0.01 0.01 0.05 0.13 0.13 0.01 0.15 0.01 0.01 2.78 2.30 0.95 0.92 1.17 2.68 2.77 2.14 0.97 1.47 2.44 2.78 2.55 1.02 1.03 1.49 2.67 2.67 2.60 0.96 1.14 1.66 1.62 2.01 2.78 2.36 1.27 1.32 2.67 2.67 2.77 2.29 1.94 2.05 1.49 1.21 2.57 2.68 2.74 1.27 2.67 2.67 2.35 2.76 2.78 2.55 1.64 1.13 2.58 2.11 2.76 1.14 2.67 2.66 2.25 2.78 2.78 2.77 2.03 1.26 2.77 2.30 2.17 1.07 2.65 2.67 2.29 2.74 2.75 2.77 2.78 1.95 2.76 1.69 1.82 0.58 0.66 2.67 1.80 2.17 1.92 1.40 2.61 2.75 2.77 1.49 0.66 0.09 1.08 2.36 0.30 0.29 0.16 0.33 0.90 1.88

I got: 2.78 2.33 0.81 0.68 1.96 2.66 2.75 2.07 1.10 1.54 2.48 2.75 2.65 0.86 0.58 1.39 2.67 2.67 2.34 0.96 1.11 1.54 1.47 1.94 2.23 2.35 1.07 1.78 2.66 2.67 2.75 2.29 1.87 1.91 1.31 1.13 1.22 2.76 2.77 1.86 2.68 2.67 2.33 2.77 2.75 2.43 1.40 0.99 1.24 2.78 2.77 2.15 2.67 2.67 2.22 2.76 2.77 2.78 1.76 1.11 1.88 2.78 2.19 1.28 2.66 2.67 2.30 2.76 2.77 2.77 2.77 1.78 2.15 2.75 1.75 0.73 0.78 2.67 1.78 2.15 1.86 1.14 2.38 2.44 0.02 0.01 0.01 0.01 0.01 0.05 0.11 0.13 0.01 0.12 0.01 0.01 2.75 2.29 0.95 0.92 1.17 2.65 2.78 2.15 0.97 1.47 2.44 2.78 2.58 1.02 1.03 1.49 2.66 2.67 2.60 0.96 1.14 1.66 1.62 2.01 2.77 2.35 1.27 1.33 2.67 2.67 2.78 2.30 1.94 2.05 1.50 1.22 2.56 2.68 2.77 1.26 2.67 2.66 2.37 2.77 2.78 2.57 1.64 1.13 2.57 2.11 2.78 1.13 2.67 2.66 2.24 2.77 2.76 2.78 2.03 1.26 2.78 2.30 2.17 1.07 2.67 2.66 2.30 2.77 2.77 2.78 2.77 1.94 2.75 1.69 1.82 0.58 0.66 2.67 1.80 2.18 1.91 1.40 2.59 2.74 2.78 1.49 0.66 0.09 1.08 2.36 0.30 0.29 0.16 0.33 0.90 1.88

I got: 2.76 2.34 0.81 0.68 1.95 2.66 2.77 2.07 1.10 1.54 2.48 2.77 2.63 0.86 0.58 1.38 2.67 2.68 2.34 0.96 1.11 1.54 1.47 1.94 2.22 2.36 1.07 1.78 2.65 2.67 2.77 2.28 1.87 1.91 1.31 1.12 1.22 2.77 2.77 1.86 2.65 2.67 2.34 2.79 2.78 2.43 1.40 0.99 1.24 2.77 2.75 2.14 2.66 2.67 2.23 2.75 2.75 2.77 1.77 1.12 1.88 2.77 2.19 1.28 2.65 2.67 2.30 2.75 2.76 2.78 2.77 1.78 2.16 2.78 1.75 0.73 0.78 2.67 1.78 2.15 1.86 1.15 2.38 2.43 0.02 0.01 0.01 0.01 0.01 0.04 0.16 0.16 0.01 0.14 0.01 0.01 2.77 2.30 0.95 0.92 1.16 2.67 2.78 2.15 0.97 1.47 2.44 2.77 2.59 1.02 1.03 1.49 2.65 2.67 2.63 0.97 1.14 1.66 1.61 2.01 2.75 2.34 1.27 1.32 2.65 2.67 2.77 2.30 1.95 2.05 1.50 1.22 2.56 2.69 2.77 1.26 2.66 2.67 2.37 2.79 2.77 2.56 1.64 1.13 2.56 2.11 2.78 1.14 2.67 2.66 2.24 2.77 2.76 2.78 2.03 1.26 2.77 2.30 2.17 1.07 2.67 2.68 2.29 2.78 2.78 2.77 2.75 1.94 2.77 1.69 1.82 0.58 0.66 2.67 1.80 2.17 1.92 1.40 2.62 2.75 2.77 1.49 0.66 0.09 1.08 2.37 0.30 0.29 0.16 0.33 0.90 1.87

I got: 2.75 2.35 0.81 0.68 1.96 2.67 2.78 2.07 1.10 1.54 2.47 2.78 2.62 0.86 0.58 1.39 2.69 2.67 2.35 0.96 1.11 1.54 1.47 1.94 2.23 2.37 1.07 1.78 2.67 2.66 2.78 2.28 1.87 1.91 1.32 1.12 1.22 2.78 2.75 1.86 2.67 2.67 2.34 2.78 2.78 2.43 1.40 0.99 1.24 2.75 2.77 2.14 2.66 2.67 2.23 2.77 2.77 2.76 1.77 1.11 1.88 2.76 2.18 1.28 2.66 2.67 2.30 2.77 2.75 2.77 2.77 1.78 2.16 2.77 1.75 0.73 0.79 2.67 1.79 2.14 1.87 1.15 2.38 2.44 0.02 0.01 0.01 0.01 0.01 0.04 0.12 0.13 0.01 0.14 0.01 0.01 2.79 2.30 0.95 0.92 1.17 2.67 2.77 2.14 0.97 1.48 2.44 2.77 2.58 1.02 1.03 1.49 2.67 2.66 2.63 0.96 1.15 1.67 1.62 2.01 2.75 2.35 1.27 1.33 2.67 2.66 2.77 2.29 1.94 2.05 1.49 1.22 2.58 2.69 2.76 1.27 2.65 2.67 2.37 2.78 2.76 2.55 1.64 1.13 2.57 2.11 2.77 1.14 2.66 2.67 2.25 2.75 2.78 2.77 2.03 1.26 2.76 2.30 2.16 1.07 2.68 2.67 2.29 2.77 2.77 2.76 2.76 1.95 2.78 1.69 1.82 0.58 0.66 2.66 1.80 2.17 1.92 1.39 2.62 2.76 2.77 1.49 0.66 0.09 1.08 2.38 0.30 0.29 0.16 0.33 0.90 1.87

I got: 2.77 2.35 0.81 0.68 1.96 2.67 2.78 2.07 1.10 1.54 2.48 2.78 2.64 0.86 0.58 1.39 2.66 2.67 2.35 0.96 1.11 1.54 1.47 1.94 2.23 2.37 1.08 1.79 2.67 2.65 2.77 2.28 1.87 1.91 1.32 1.12 1.22 2.78 2.75 1.86 2.67 2.65 2.34 2.78 2.77 2.43 1.40 0.99 1.24 2.77 2.78 2.14 2.67 2.66 2.23 2.78 2.79 2.77 1.77 1.11 1.89 2.77 2.19 1.28 2.67 2.66 2.30 2.78 2.78 2.76 2.76 1.78 2.16 2.77 1.75 0.73 0.79 2.66 1.78 2.15 1.87 1.15 2.38 2.44 0.02 0.01 0.01 0.01 0.01 0.04 0.14 0.15 0.01 0.13 0.01 0.01 2.79 2.30 0.95 0.92 1.17 2.67 2.76 2.14 0.97 1.47 2.44 2.75 2.57 1.02 1.03 1.49 2.67 2.65 2.62 0.97 1.15 1.66 1.62 2.01 2.78 2.36 1.27 1.33 2.67 2.67 2.75 2.30 1.94 2.05 1.50 1.22 2.58 2.69 2.75 1.26 2.67 2.66 2.37 2.77 2.75 2.54 1.64 1.13 2.59 2.12 2.76 1.14 2.65 2.67 2.25 2.77 2.79 2.76 2.03 1.26 2.75 2.30 2.16 1.07 2.66 2.67 2.29 2.76 2.77 2.76 2.78 1.95 2.77 1.69 1.83 0.58 0.66 2.65 1.80 2.17 1.91 1.40 2.62 2.75 2.75 1.49 0.66 0.09 1.08 2.38 0.30 0.29 0.16 0.33 0.90 1.87

I got: 2.78 2.35 0.81 0.68 1.95 2.67 2.77 2.07 1.10 1.54 2.49 2.77 2.65 0.86 0.58 1.38 2.65 2.68 2.35 0.96 1.11 1.54 1.47 1.94 2.23 2.37 1.07 1.80 2.67 2.68 2.77 2.29 1.87 1.91 1.32 1.12 1.22 2.78 2.74 1.87 2.67 2.67 2.33 2.77 2.76 2.42 1.40 0.99 1.24 2.78 2.78 2.15 2.67 2.65 2.23 2.78 2.79 2.78 1.77 1.12 1.88 2.78 2.19 1.28 2.67 2.65 2.29 2.77 2.78 2.75 2.75 1.78 2.16 2.75 1.75 0.73 0.79 2.66 1.78 2.15 1.86 1.14 2.37 2.44 0.02 0.01 0.01 0.01 0.01 0.05 0.15 0.15 0.01 0.13 0.01 0.01 2.78 2.30 0.95 0.92 1.17 2.67 2.75 2.14 0.97 1.48 2.44 2.77 2.56 1.02 1.03 1.49 2.67 2.66 2.61 0.96 1.14 1.67 1.61 2.01 2.78 2.36 1.27 1.32 2.67 2.66 2.76 2.29 1.94 2.05 1.50 1.22 2.57 2.68 2.74 1.26 2.67 2.65 2.35 2.76 2.78 2.55 1.64 1.13 2.58 2.11 2.76 1.13 2.66 2.67 2.25 2.78 2.78 2.77 2.03 1.26 2.75 2.30 2.17 1.07 2.65 2.67 2.29 2.75 2.75 2.76 2.78 1.95 2.77 1.69 1.82 0.58 0.66 2.67 1.80 2.17 1.91 1.39 2.61 2.75 2.76 1.49 0.66 0.09 1.08 2.36 0.30 0.29 0.16 0.33 0.90 1.86

I got: 2.78 2.34 0.81 0.68 1.96 2.66 2.76 2.07 1.10 1.54 2.48 2.76 2.65 0.86 0.58 1.39 2.66 2.67 2.34 0.96 1.11 1.54 1.47 1.94 2.23 2.36 1.07 1.79 2.67 2.67 2.75 2.29 1.87 1.91 1.32 1.12 1.22 2.77 2.76 1.86 2.67 2.67 2.33 2.75 2.75 2.42 1.41 0.99 1.24 2.78 2.77 2.14 2.67 2.67 2.22 2.77 2.78 2.78 1.77 1.11 1.88 2.78 2.20 1.28 2.67 2.67 2.30 2.76 2.77 2.76 2.77 1.78 2.15 2.74 1.74 0.73 0.78 2.67 1.78 2.15 1.86 1.14 2.37 2.44 0.02 0.01 0.01 0.01 0.01 0.05 0.11 0.14 0.01 0.13 0.01 0.01 2.76 2.30 0.95 0.92 1.17 2.65 2.78 2.15 0.97 1.48 2.45 2.78 2.56 1.02 1.03 1.49 2.67 2.67 2.60 0.96 1.15 1.67 1.61 2.01 2.77 2.35 1.27 1.32 2.67 2.67 2.78 2.30 1.94 2.05 1.49 1.22 2.56 2.67 2.76 1.26 2.67 2.66 2.36 2.76 2.78 2.57 1.64 1.13 2.58 2.11 2.78 1.14 2.67 2.65 2.24 2.78 2.77 2.78 2.03 1.26 2.78 2.31 2.17 1.07 2.66 2.66 2.30 2.77 2.76 2.78 2.77 1.95 2.75 1.69 1.82 0.58 0.66 2.67 1.80 2.17 1.92 1.40 2.59 2.74 2.78 1.49 0.66 0.09 1.08 2.36 0.30 0.29 0.16 0.33 0.90 1.86

I got: 2.77 2.34 0.81 0.68 1.96 2.65 2.75 2.07 1.10 1.54 2.48 2.76 2.63 0.86 0.58 1.38 2.67 2.66 2.34 0.96 1.11 1.54 1.47 1.94 2.23 2.35 1.07 1.79 2.65 2.67 2.76 2.28 1.87 1.91 1.32 1.12 1.22 2.75 2.76 1.86 2.65 2.67 2.34 2.78 2.77 2.43 1.41 0.99 1.24 2.77 2.76 2.14 2.67 2.67 2.23 2.76 2.76 2.77 1.77 1.11 1.89 2.77 2.20 1.28 2.67 2.67 2.30 2.75 2.76 2.78 2.78 1.78 2.15 2.77 1.75 0.73 0.78 2.67 1.79 2.15 1.86 1.14 2.38 2.43 0.02 0.01 0.01 0.01 0.01 0.04 0.14 0.16 0.01 0.16 0.01 0.01 2.76 2.30 0.95 0.91 1.17 2.66 2.78 2.15 0.97 1.47 2.45 2.77 2.58 1.02 1.03 1.48 2.65 2.67 2.62 0.96 1.15 1.67 1.61 2.01 2.76 2.35 1.27 1.32 2.65 2.67 2.78 2.29 1.94 2.05 1.49 1.22 2.55 2.69 2.77 1.27 2.69 2.67 2.37 2.78 2.78 2.57 1.64 1.13 2.56 2.11 2.78 1.13 2.67 2.67 2.24 2.77 2.74 2.78 2.03 1.26 2.77 2.30 2.18 1.07 2.67 2.67 2.30 2.78 2.78 2.78 2.76 1.95 2.77 1.69 1.83 0.58 0.65 2.67 1.80 2.18 1.92 1.40 2.61 2.74 2.78 1.49 0.66 0.09 1.08 2.37 0.30 0.29 0.16 0.33 0.90 1.86

I got: 2.76 2.35 0.81 0.68 1.96 2.67 2.78 2.07 1.10 1.54 2.47 2.78 2.62 0.86 0.58 1.38 2.68 2.69 2.35 0.96 1.11 1.54 1.47 1.94 2.22 2.37 1.07 1.78 2.67 2.67 2.78 2.28 1.87 1.91 1.32 1.13 1.22 2.78 2.76 1.86 2.66 2.67 2.34 2.79 2.78 2.43 1.40 0.99 1.24 2.76 2.76 2.14 2.65 2.67 2.24 2.76 2.77 2.76 1.77 1.11 1.89 2.76 2.19 1.28 2.66 2.67 2.30 2.77 2.75 2.77 2.77 1.78 2.16 2.78 1.75 0.73 0.79 2.67 1.79 2.14 1.86 1.14 2.38 2.44 0.02 0.01 0.01 0.01 0.01 0.05 0.13 0.13 0.01 0.13 0.01 0.01 2.78 2.30 0.95 0.92 1.19 2.67 2.77 2.14 0.97 1.48 2.45 2.77 2.58 1.02 1.03 1.48 2.66 2.66 2.63 0.96 1.14 1.67 1.62 2.01 2.75 2.34 1.27 1.33 2.66 2.66 2.77 2.30 1.95 2.05 1.49 1.22 2.57 2.69 2.76 1.26 2.65 2.67 2.37 2.78 2.77 2.55 1.64 1.13 2.56 2.11 2.77 1.13 2.69 2.67 2.24 2.76 2.78 2.77 2.03 1.26 2.77 2.30 2.17 1.07 2.68 2.66 2.29 2.77 2.78 2.77 2.75 1.95 2.78 1.69 1.82 0.58 0.66 2.67 1.80 2.17 1.92 1.40 2.62 2.75 2.77 1.49 0.66 0.09 1.08 2.37 0.29 0.29 0.16 0.33 0.90 1.86

