I got: 2.78 2.35 0.81 0.68 1.97 2.67 2.77 2.06 1.10 1.53 2.49 2.77 2.65 0.86 0.58 1.39 2.66 2.67 2.35 0.96 1.11 1.54 1.47 1.94 2.22 2.36 1.07 1.80 2.67 2.68 2.77 2.28 1.86 1.91 1.31 1.12 1.21 2.78 2.74 1.87 2.67 2.65 2.33 2.77 2.77 2.43 1.40 0.99 1.24 2.78 2.78 2.15 2.67 2.65 2.23 2.78 2.79 2.78 1.76 1.12 1.88 2.78 2.18 1.27 2.67 2.65 2.29 2.78 2.78 2.76 2.75 1.78 2.16 2.76 1.73 0.73 0.78 2.66 1.77 2.13 1.85 1.13 2.37 2.44 0.02 0.01 0.01 0.01 0.01 0.08 0.15 0.16 0.01 0.16 0.01 0.01 2.78 2.30 0.95 0.91 1.20 2.67 2.75 2.14 0.96 1.47 2.44 2.76 2.55 1.02 1.02 1.50 2.67 2.66 2.61 0.96 1.14 1.63 1.64 2.00 2.78 2.35 1.27 1.34 2.67 2.68 2.75 2.29 1.93 2.03 1.51 1.22 2.58 2.68 2.75 1.28 2.67 2.66 2.36 2.77 2.77 2.53 1.65 1.12 2.58 2.10 2.75 1.14 2.65 2.67 2.24 2.77 2.79 2.75 2.05 1.26 2.74 2.29 2.16 1.07 2.66 2.67 2.29 2.75 2.76 2.75 2.78 1.94 2.77 1.69 1.84 0.58 0.66 2.67 1.80 2.18 1.93 1.41 2.63 2.75 2.74 1.50 0.67 0.09 1.08 2.38 0.29 0.29 0.16 0.33 0.89 1.96

I got: 2.78 2.34 0.81 0.68 1.96 2.68 2.77 2.06 1.10 1.54 2.49 2.77 2.65 0.86 0.58 1.39 2.66 2.67 2.34 0.96 1.11 1.55 1.45 1.94 2.23 2.36 1.07 1.81 2.67 2.66 2.76 2.28 1.86 1.92 1.30 1.12 1.21 2.77 2.74 1.88 2.67 2.68 2.32 2.76 2.76 2.42 1.39 0.99 1.24 2.78 2.77 2.15 2.67 2.67 2.22 2.77 2.78 2.78 1.76 1.11 1.88 2.78 2.18 1.27 2.67 2.67 2.29 2.77 2.77 2.74 2.75 1.77 2.19 2.75 1.76 0.73 0.77 2.68 1.80 2.16 1.88 1.16 2.39 2.46 0.02 0.01 0.01 0.01 0.01 0.06 0.13 0.14 0.01 0.15 0.01 0.01 2.78 2.30 0.95 0.91 1.19 2.68 2.78 2.13 0.96 1.47 2.43 2.78 2.55 1.02 1.02 1.51 2.67 2.67 2.59 0.96 1.14 1.63 1.64 2.00 2.77 2.35 1.27 1.34 2.67 2.67 2.77 2.28 1.93 2.02 1.51 1.21 2.57 2.67 2.74 1.28 2.67 2.67 2.34 2.76 2.78 2.52 1.66 1.13 2.58 2.10 2.76 1.15 2.67 2.66 2.24 2.78 2.78 2.77 2.05 1.26 2.77 2.29 2.16 1.06 2.65 2.67 2.28 2.74 2.75 2.77 2.77 1.94 2.76 1.70 1.84 0.58 0.66 2.67 1.81 2.19 1.93 1.41 2.61 2.75 2.77 1.49 0.67 0.09 1.07 2.36 0.29 0.29 0.16 0.33 0.89 2.01

I got: 2.77 2.33 0.81 0.68 1.95 2.65 2.75 2.06 1.10 1.53 2.49 2.76 2.64 0.86 0.58 1.39 2.67 2.67 2.33 0.95 1.10 1.56 1.45 1.94 2.22 2.35 1.07 1.78 2.65 2.67 2.74 2.28 1.86 1.92 1.30 1.12 1.22 2.76 2.76 1.87 2.68 2.67 2.32 2.77 2.75 2.43 1.39 0.99 1.24 2.77 2.77 2.14 2.67 2.66 2.22 2.76 2.77 2.77 1.76 1.11 1.88 2.78 2.18 1.27 2.66 2.67 2.29 2.76 2.77 2.77 2.76 1.77 2.19 2.76 1.76 0.74 0.77 2.67 1.80 2.16 1.89 1.16 2.41 2.46 0.02 0.01 0.01 0.01 0.01 0.04 0.12 0.12 0.01 0.12 0.01 0.01 2.75 2.29 0.95 0.91 1.18 2.65 2.78 2.15 0.96 1.47 2.44 2.78 2.55 1.02 1.02 1.50 2.67 2.67 2.59 0.95 1.14 1.62 1.66 2.00 2.77 2.35 1.27 1.33 2.66 2.67 2.78 2.29 1.93 2.01 1.52 1.21 2.55 2.66 2.76 1.28 2.67 2.66 2.35 2.77 2.78 2.54 1.67 1.13 2.57 2.10 2.78 1.16 2.67 2.67 2.23 2.77 2.77 2.78 2.06 1.26 2.78 2.29 2.16 1.06 2.66 2.66 2.28 2.77 2.77 2.78 2.76 1.94 2.75 1.71 1.85 0.58 0.67 2.68 1.82 2.19 1.94 1.42 2.62 2.74 2.78 1.49 0.67 0.09 1.07 2.38 0.29 0.29 0.16 0.33 0.89 2.04

I got: 2.77 2.33 0.81 0.68 1.97 2.66 2.76 2.06 1.10 1.53 2.49 2.75 2.63 0.86 0.58 1.41 2.67 2.66 2.33 0.96 1.11 1.56 1.45 1.94 2.22 2.35 1.07 1.80 2.65 2.67 2.76 2.28 1.86 1.93 1.30 1.12 1.21 2.76 2.76 1.90 2.65 2.67 2.33 2.78 2.77 2.43 1.39 0.99 1.24 2.77 2.75 2.15 2.67 2.67 2.22 2.75 2.76 2.76 1.76 1.11 1.88 2.77 2.18 1.27 2.65 2.67 2.29 2.75 2.76 2.78 2.78 1.77 2.19 2.77 1.77 0.74 0.77 2.67 1.80 2.16 1.89 1.16 2.41 2.46 0.02 0.01 0.01 0.01 0.01 0.07 0.14 0.15 0.01 0.13 0.01 0.01 2.77 2.29 0.95 0.91 1.18 2.66 2.78 2.15 0.96 1.47 2.44 2.77 2.58 1.02 1.02 1.49 2.65 2.67 2.62 0.95 1.14 1.61 1.66 2.01 2.76 2.34 1.27 1.34 2.65 2.67 2.78 2.29 1.94 2.01 1.52 1.21 2.55 2.68 2.77 1.27 2.68 2.67 2.36 2.78 2.77 2.54 1.67 1.12 2.55 2.10 2.78 1.16 2.67 2.67 2.23 2.77 2.75 2.78 2.06 1.26 2.77 2.29 2.17 1.06 2.67 2.66 2.28 2.78 2.78 2.78 2.75 1.94 2.78 1.71 1.85 0.58 0.67 2.67 1.82 2.19 1.95 1.42 2.65 2.76 2.78 1.49 0.67 0.09 1.07 2.39 0.29 0.29 0.16 0.33 0.89 2.05

I got: 2.76 2.34 0.81 0.68 1.97 2.66 2.78 2.06 1.10 1.53 2.50 2.77 2.61 0.86 0.58 1.40 2.68 2.68 2.34 0.96 1.11 1.56 1.45 1.94 2.22 2.36 1.07 1.79 2.67 2.66 2.78 2.28 1.86 1.93 1.30 1.12 1.21 2.78 2.75 1.86 2.66 2.67 2.33 2.78 2.78 2.44 1.39 0.99 1.24 2.75 2.76 2.15 2.65 2.67 2.22 2.75 2.77 2.75 1.76 1.11 1.88 2.76 2.18 1.27 2.65 2.67 2.29 2.77 2.75 2.77 2.78 1.78 2.19 2.78 1.77 0.74 0.77 2.67 1.81 2.16 1.89 1.16 2.41 2.47 0.02 0.01 0.01 0.01 0.01 0.06 0.13 0.14 0.01 0.13 0.01 0.01 2.78 2.29 0.95 0.91 1.18 2.67 2.77 2.15 0.96 1.47 2.44 2.76 2.58 1.02 1.02 1.51 2.66 2.66 2.62 0.96 1.14 1.61 1.66 2.00 2.75 2.34 1.27 1.33 2.66 2.66 2.77 2.29 1.94 2.01 1.52 1.21 2.56 2.68 2.76 1.27 2.65 2.67 2.36 2.78 2.76 2.54 1.67 1.13 2.55 2.10 2.77 1.14 2.68 2.67 2.23 2.76 2.77 2.78 2.06 1.26 2.77 2.29 2.16 1.07 2.67 2.67 2.28 2.77 2.78 2.77 2.76 1.94 2.78 1.72 1.85 0.59 0.67 2.66 1.82 2.19 1.95 1.42 2.65 2.77 2.77 1.49 0.67 0.09 1.07 2.37 0.29 0.29 0.16 0.33 0.89 2.04

I got: 2.76 2.35 0.81 0.68 1.95 2.67 2.78 2.06 1.10 1.53 2.51 2.78 2.63 0.86 0.58 1.39 2.67 2.67 2.34 0.96 1.10 1.56 1.45 1.94 2.22 2.36 1.07 1.79 2.67 2.66 2.77 2.27 1.86 1.92 1.30 1.12 1.21 2.79 2.75 1.85 2.67 2.66 2.33 2.78 2.77 2.43 1.39 0.99 1.24 2.76 2.78 2.13 2.66 2.67 2.22 2.78 2.79 2.78 1.76 1.11 1.88 2.76 2.17 1.27 2.67 2.67 2.29 2.78 2.77 2.77 2.77 1.78 2.19 2.77 1.77 0.74 0.77 2.67 1.80 2.17 1.89 1.16 2.40 2.47 0.02 0.01 0.01 0.01 0.01 0.05 0.13 0.15 0.01 0.16 0.01 0.01 2.79 2.29 0.95 0.91 1.19 2.67 2.76 2.15 0.96 1.47 2.44 2.75 2.57 1.02 1.02 1.50 2.67 2.65 2.61 0.95 1.14 1.61 1.66 2.00 2.77 2.35 1.27 1.34 2.67 2.65 2.76 2.29 1.93 2.01 1.52 1.21 2.58 2.68 2.76 1.28 2.66 2.67 2.36 2.78 2.75 2.53 1.67 1.12 2.58 2.10 2.76 1.14 2.65 2.67 2.24 2.75 2.79 2.77 2.07 1.26 2.75 2.29 2.16 1.07 2.69 2.67 2.28 2.77 2.77 2.76 2.78 1.94 2.78 1.72 1.86 0.59 0.67 2.65 1.82 2.19 1.95 1.43 2.65 2.76 2.76 1.49 0.67 0.09 1.08 2.38 0.29 0.29 0.16 0.33 0.89 2.05

I got: 2.78 2.35 0.81 0.68 1.96 2.67 2.77 2.06 1.10 1.53 2.50 2.77 2.65 0.86 0.58 1.40 2.66 2.67 2.34 0.96 1.11 1.56 1.45 1.94 2.23 2.36 1.07 1.79 2.67 2.67 2.77 2.28 1.86 1.92 1.30 1.12 1.21 2.78 2.74 1.87 2.67 2.64 2.32 2.77 2.77 2.42 1.39 0.99 1.23 2.78 2.78 2.15 2.67 2.65 2.22 2.78 2.79 2.78 1.76 1.12 1.88 2.78 2.18 1.27 2.67 2.64 2.28 2.77 2.78 2.75 2.76 1.78 2.20 2.76 1.77 0.74 0.77 2.66 1.80 2.16 1.89 1.16 2.39 2.47 0.02 0.01 0.01 0.01 0.01 0.04 0.14 0.15 0.01 0.13 0.01 0.01 2.78 2.30 0.95 0.91 1.17 2.67 2.75 2.13 0.96 1.47 2.43 2.77 2.56 1.02 1.02 1.50 2.67 2.67 2.60 0.95 1.14 1.61 1.66 2.01 2.78 2.35 1.27 1.33 2.67 2.68 2.75 2.29 1.94 2.01 1.52 1.21 2.57 2.68 2.75 1.27 2.67 2.65 2.35 2.77 2.77 2.52 1.67 1.13 2.58 2.11 2.75 1.14 2.66 2.67 2.24 2.78 2.78 2.76 2.06 1.26 2.74 2.29 2.16 1.07 2.66 2.67 2.28 2.75 2.76 2.75 2.78 1.94 2.77 1.72 1.86 0.59 0.67 2.68 1.82 2.20 1.95 1.42 2.64 2.76 2.75 1.49 0.67 0.09 1.08 2.37 0.29 0.29 0.16 0.33 0.89 2.04

I got: 2.78 2.34 0.81 0.68 1.96 2.67 2.76 2.06 1.10 1.53 2.49 2.76 2.65 0.86 0.58 1.39 2.66 2.67 2.34 0.96 1.11 1.56 1.45 1.94 2.23 2.36 1.07 1.80 2.68 2.67 2.76 2.28 1.86 1.92 1.30 1.12 1.21 2.77 2.74 1.87 2.67 2.67 2.31 2.75 2.76 2.43 1.39 0.99 1.24 2.78 2.77 2.15 2.67 2.67 2.21 2.77 2.78 2.78 1.76 1.11 1.87 2.78 2.18 1.28 2.67 2.67 2.28 2.76 2.77 2.75 2.75 1.77 2.20 2.74 1.77 0.74 0.77 2.68 1.80 2.16 1.89 1.17 2.40 2.46 0.02 0.01 0.01 0.01 0.01 0.04 0.12 0.12 0.01 0.14 0.01 0.01 2.77 2.29 0.95 0.91 1.18 2.66 2.78 2.14 0.96 1.47 2.43 2.78 2.55 1.02 1.03 1.51 2.67 2.67 2.59 0.95 1.14 1.61 1.66 2.00 2.78 2.35 1.27 1.33 2.68 2.67 2.77 2.29 1.93 2.01 1.52 1.21 2.56 2.67 2.75 1.27 2.67 2.68 2.34 2.75 2.78 2.52 1.67 1.12 2.58 2.11 2.77 1.15 2.67 2.65 2.24 2.78 2.77 2.77 2.06 1.26 2.77 2.29 2.16 1.07 2.66 2.67 2.28 2.76 2.75 2.78 2.77 1.94 2.76 1.72 1.85 0.59 0.67 2.67 1.82 2.20 1.95 1.42 2.62 2.74 2.78 1.49 0.67 0.09 1.08 2.36 0.29 0.29 0.16 0.33 0.89 2.04

I got: 2.77 2.33 0.81 0.68 1.96 2.65 2.75 2.06 1.10 1.53 2.49 2.76 2.64 0.86 0.58 1.40 2.67 2.67 2.33 0.96 1.11 1.56 1.45 1.94 2.22 2.34 1.07 1.79 2.65 2.67 2.74 2.28 1.86 1.92 1.29 1.12 1.21 2.76 2.77 1.86 2.67 2.67 2.32 2.77 2.76 2.43 1.39 0.99 1.24 2.77 2.76 2.14 2.67 2.67 2.22 2.76 2.77 2.77 1.76 1.11 1.88 2.78 2.18 1.27 2.67 2.67 2.29 2.75 2.77 2.78 2.77 1.78 2.20 2.76 1.77 0.74 0.77 2.67 1.80 2.16 1.89 1.16 2.41 2.46 0.02 0.01 0.01 0.01 0.01 0.04 0.13 0.14 0.01 0.15 0.01 0.01 2.74 2.29 0.95 0.91 1.18 2.66 2.78 2.15 0.96 1.47 2.44 2.78 2.57 1.02 1.02 1.49 2.67 2.67 2.60 0.95 1.14 1.61 1.66 2.00 2.76 2.35 1.27 1.33 2.65 2.67 2.78 2.29 1.94 2.01 1.52 1.21 2.55 2.67 2.77 1.27 2.68 2.67 2.36 2.78 2.78 2.54 1.67 1.12 2.56 2.10 2.78 1.14 2.67 2.68 2.23 2.77 2.75 2.78 2.06 1.26 2.77 2.29 2.17 1.07 2.67 2.66 2.28 2.78 2.78 2.78 2.76 1.93 2.76 1.72 1.86 0.59 0.67 2.67 1.82 2.20 1.95 1.42 2.63 2.74 2.78 1.49 0.67 0.09 1.08 2.37 0.29 0.29 0.16 0.33 0.89 2.04

I got: 2.76 2.34 0.81 0.68 1.96 2.66 2.77 2.06 1.10 1.53 2.49 2.76 2.62 0.86 0.58 1.39 2.67 2.69 2.34 0.96 1.11 1.56 1.45 1.94 2.22 2.36 1.07 1.79 2.66 2.67 2.77 2.28 1.86 1.92 1.30 1.12 1.22 2.77 2.76 1.86 2.65 2.67 2.33 2.78 2.78 2.44 1.39 0.99 1.23 2.76 2.75 2.14 2.65 2.67 2.22 2.75 2.75 2.75 1.76 1.11 1.88 2.77 2.18 1.27 2.65 2.68 2.29 2.75 2.75 2.78 2.78 1.77 2.19 2.78 1.77 0.74 0.77 2.67 1.80 2.16 1.89 1.16 2.41 2.47 0.02 0.01 0.01 0.01 0.01 0.06 0.13 0.14 0.01 0.12 0.01 0.01 2.78 2.30 0.95 0.91 1.18 2.67 2.77 2.15 0.96 1.47 2.43 2.77 2.58 1.02 1.03 1.50 2.65 2.67 2.62 0.95 1.14 1.61 1.66 2.00 2.75 2.34 1.27 1.33 2.66 2.67 2.77 2.29 1.94 2.01 1.52 1.21 2.56 2.69 2.77 1.28 2.65 2.67 2.36 2.78 2.77 2.54 1.67 1.13 2.55 2.11 2.77 1.14 2.68 2.67 2.23 2.76 2.77 2.78 2.06 1.26 2.77 2.29 2.16 1.07 2.68 2.69 2.28 2.77 2.78 2.77 2.75 1.94 2.78 1.72 1.85 0.58 0.67 2.67 1.82 2.18 1.95 1.42 2.65 2.77 2.77 1.49 0.67 0.09 1.08 2.39 0.29 0.29 0.16 0.33 0.89 2.04

I got: 2.75 2.35 0.81 0.68 1.97 2.67 2.78 2.06 1.10 1.54 2.51 2.78 2.63 0.86 0.58 1.40 2.68 2.67 2.35 0.96 1.10 1.56 1.45 1.94 2.22 2.37 1.07 1.80 2.67 2.66 2.77 2.27 1.86 1.93 1.30 1.12 1.21 2.79 2.75 1.87 2.67 2.67 2.33 2.78 2.78 2.43 1.39 0.99 1.24 2.75 2.78 2.14 2.66 2.67 2.22 2.78 2.78 2.77 1.76 1.11 1.88 2.75 2.17 1.28 2.67 2.67 2.29 2.78 2.77 2.77 2.77 1.78 2.19 2.77 1.77 0.74 0.78 2.67 1.80 2.17 1.89 1.16 2.40 2.47 0.02 0.01 0.01 0.01 0.01 0.05 0.13 0.15 0.01 0.15 0.01 0.01 2.79 2.29 0.95 0.91 1.19 2.67 2.76 2.14 0.96 1.47 2.44 2.75 2.57 1.02 1.03 1.51 2.67 2.65 2.62 0.96 1.14 1.61 1.66 2.00 2.77 2.35 1.27 1.33 2.67 2.65 2.76 2.29 1.94 2.01 1.52 1.21 2.58 2.68 2.76 1.29 2.65 2.67 2.36 2.78 2.75 2.53 1.67 1.12 2.58 2.11 2.76 1.16 2.66 2.67 2.23 2.75 2.79 2.77 2.06 1.26 2.76 2.29 2.16 1.07 2.69 2.67 2.28 2.77 2.77 2.76 2.78 1.93 2.78 1.72 1.86 0.58 0.67 2.66 1.82 2.19 1.94 1.42 2.64 2.77 2.76 1.49 0.67 0.09 1.08 2.38 0.29 0.29 0.16 0.33 0.89 2.04

I got: 2.78 2.35 0.81 0.68 1.95 2.67 2.77 2.06 1.10 1.53 2.50 2.78 2.65 0.86 0.58 1.39 2.65 2.67 2.35 0.96 1.11 1.55 1.45 1.94 2.23 2.37 1.08 1.79 2.67 2.67 2.77 2.28 1.86 1.92 1.29 1.12 1.21 2.78 2.74 1.87 2.67 2.65 2.32 2.77 2.77 2.42 1.39 0.99 1.24 2.78 2.78 2.15 2.67 2.66 2.22 2.78 2.79 2.78 1.76 1.12 1.88 2.77 2.18 1.27 2.67 2.65 2.28 2.78 2.78 2.75 2.76 1.78 2.19 2.76 1.77 0.74 0.78 2.66 1.80 2.16 1.89 1.17 2.39 2.47 0.02 0.01 0.01 0.01 0.01 0.08 0.14 0.14 0.01 0.14 0.01 0.01 2.78 2.30 0.95 0.91 1.17 2.67 2.75 2.14 0.96 1.47 2.43 2.77 2.56 1.02 1.02 1.49 2.67 2.67 2.61 0.95 1.14 1.61 1.66 2.00 2.78 2.35 1.27 1.33 2.67 2.68 2.75 2.29 1.94 2.01 1.52 1.21 2.57 2.68 2.75 1.27 2.67 2.65 2.35 2.77 2.77 2.52 1.67 1.12 2.58 2.11 2.75 1.14 2.65 2.67 2.23 2.77 2.79 2.75 2.06 1.26 2.74 2.29 2.16 1.07 2.66 2.67 2.28 2.75 2.76 2.75 2.78 1.94 2.77 1.72 1.86 0.59 0.67 2.68 1.82 2.19 1.95 1.42 2.64 2.76 2.75 1.49 0.67 0.09 1.08 2.37 0.29 0.30 0.16 0.33 0.89 2.04

