I got: 0.64 1.70 1.05 1.67 2.77 2.67 2.77 1.96 0.98 0.67 2.72 2.77 1.31 0.75 1.11 2.37 2.65 2.67 2.40 0.94 0.56 1.91 0.88 1.06 0.40 1.31 1.22 2.48 2.67 2.66 2.77 2.52 1.58 2.69 1.40 0.97 0.58 2.35 2.75 2.77 2.67 2.66 1.96 2.77 2.74 2.76 1.62 1.06 0.75 1.99 2.78 2.77 2.67 2.65 1.89 2.74 2.78 2.75 1.99 1.22 0.73 2.00 2.39 2.76 2.66 2.67 1.86 2.32 2.40 2.35 2.53 1.36 1.78 1.41 1.51 1.35 2.56 2.65 2.30 2.21 1.72 1.02 2.53 2.44 0.02 0.01 0.01 0.01 0.01 0.05 0.14 0.16 0.01 0.14 0.01 0.14 2.28 1.37 1.10 1.78 2.22 2.66 2.75 2.09 0.86 2.05 1.65 2.75 0.96 0.79 1.27 0.90 2.67 2.67 2.67 0.96 2.06 0.49 1.05 1.15 1.97 1.26 1.24 1.07 2.67 2.68 2.74 2.53 2.66 1.69 1.56 1.04 2.14 0.96 2.77 1.70 2.67 2.65 2.05 2.76 2.77 2.29 1.83 1.16 2.24 1.04 2.78 2.75 2.65 2.67 1.94 2.75 2.78 2.78 2.17 1.32 2.22 0.87 2.44 2.49 2.66 2.66 1.79 2.29 2.40 2.47 2.64 1.49 2.77 1.26 1.96 1.29 2.42 2.68 2.29 2.22 1.75 1.26 1.64 2.75 2.77 2.16 1.40 0.33 0.06 2.13 0.32 0.22 0.07 0.26 1.20 2.73

I got: 0.65 1.70 1.05 1.67 2.78 2.68 2.76 1.96 0.98 0.67 2.72 2.76 1.32 0.75 1.11 2.37 2.66 2.67 2.40 0.94 0.56 1.91 0.88 1.06 0.40 1.31 1.22 2.48 2.67 2.67 2.77 2.53 1.58 2.71 1.40 0.97 0.57 2.35 2.76 2.76 2.67 2.67 1.96 2.77 2.76 2.77 1.62 1.06 0.75 2.00 2.78 2.77 2.67 2.65 1.89 2.74 2.78 2.77 1.98 1.22 0.72 2.00 2.39 2.77 2.66 2.67 1.86 2.33 2.41 2.35 2.53 1.36 1.78 1.41 1.51 1.35 2.57 2.67 2.30 2.22 1.72 1.02 2.54 2.45 0.02 0.01 0.01 0.01 0.01 0.04 0.12 0.13 0.01 0.17 0.01 0.12 2.28 1.38 1.10 1.78 2.22 2.68 2.77 2.09 0.86 2.04 1.65 2.75 0.96 0.79 1.27 0.90 2.67 2.67 2.66 0.96 2.06 0.50 1.06 1.15 1.97 1.26 1.24 1.07 2.67 2.66 2.75 2.53 2.65 1.69 1.57 1.04 2.14 0.97 2.77 1.70 2.67 2.66 2.05 2.75 2.77 2.29 1.84 1.15 2.24 1.04 2.77 2.74 2.66 2.66 1.94 2.74 2.78 2.78 2.18 1.32 2.22 0.87 2.44 2.50 2.67 2.66 1.78 2.29 2.40 2.48 2.65 1.49 2.77 1.27 1.97 1.30 2.43 2.66 2.30 2.23 1.76 1.26 1.64 2.75 2.76 2.16 1.41 0.33 0.06 2.13 0.32 0.22 0.07 0.26 1.20 2.77

I got: 0.65 1.71 1.05 1.67 2.78 2.67 2.76 1.97 0.98 0.67 2.72 2.76 1.32 0.76 1.10 2.37 2.66 2.67 2.40 0.94 0.56 1.92 0.87 1.06 0.40 1.31 1.22 2.49 2.67 2.67 2.76 2.54 1.59 2.72 1.39 0.97 0.58 2.35 2.77 2.76 2.67 2.67 1.96 2.77 2.77 2.78 1.61 1.06 0.75 2.00 2.78 2.77 2.67 2.66 1.89 2.73 2.78 2.78 1.98 1.22 0.72 2.01 2.39 2.76 2.67 2.67 1.86 2.33 2.41 2.35 2.52 1.36 1.80 1.41 1.51 1.35 2.57 2.68 2.31 2.23 1.72 1.03 2.54 2.45 0.02 0.01 0.01 0.01 0.01 0.05 0.15 0.15 0.00 0.15 0.01 0.17 2.28 1.38 1.10 1.78 2.23 2.66 2.78 2.09 0.86 2.04 1.66 2.74 0.96 0.79 1.27 0.90 2.67 2.67 2.67 0.95 2.06 0.50 1.06 1.16 1.97 1.26 1.24 1.07 2.67 2.67 2.76 2.53 2.65 1.69 1.57 1.04 2.14 0.96 2.76 1.70 2.67 2.68 2.05 2.75 2.77 2.28 1.84 1.15 2.24 1.04 2.77 2.74 2.67 2.66 1.94 2.75 2.78 2.78 2.17 1.32 2.22 0.88 2.44 2.51 2.67 2.68 1.78 2.29 2.40 2.48 2.67 1.49 2.77 1.27 1.98 1.30 2.43 2.67 2.30 2.23 1.76 1.26 1.64 2.75 2.76 2.16 1.42 0.33 0.06 2.13 0.32 0.22 0.07 0.26 1.19 2.76

I got: 0.65 1.71 1.06 1.67 2.77 2.66 2.75 1.97 0.98 0.67 2.73 2.76 1.32 0.76 1.10 2.37 2.67 2.66 2.41 0.94 0.56 1.92 0.88 1.06 0.40 1.31 1.22 2.49 2.65 2.67 2.76 2.54 1.59 2.71 1.39 0.97 0.58 2.35 2.78 2.76 2.67 2.67 1.96 2.76 2.78 2.77 1.61 1.06 0.75 2.00 2.78 2.76 2.67 2.68 1.89 2.74 2.78 2.78 1.98 1.22 0.72 2.01 2.40 2.76 2.67 2.66 1.86 2.34 2.41 2.34 2.52 1.36 1.79 1.41 1.51 1.35 2.56 2.66 2.31 2.22 1.73 1.03 2.54 2.45 0.02 0.01 0.01 0.01 0.01 0.06 0.12 0.13 0.00 0.14 0.01 0.13 2.28 1.38 1.11 1.78 2.22 2.65 2.78 2.09 0.86 2.05 1.65 2.76 0.96 0.79 1.27 0.90 2.66 2.67 2.68 0.95 2.06 0.50 1.06 1.15 1.97 1.26 1.24 1.07 2.68 2.67 2.77 2.53 2.67 1.69 1.57 1.04 2.14 0.97 2.76 1.70 2.67 2.68 2.05 2.77 2.76 2.28 1.84 1.16 2.25 1.04 2.77 2.73 2.67 2.65 1.94 2.76 2.77 2.77 2.17 1.32 2.22 0.88 2.43 2.52 2.67 2.68 1.78 2.29 2.39 2.47 2.68 1.49 2.77 1.27 1.98 1.30 2.43 2.67 2.30 2.24 1.76 1.26 1.65 2.74 2.76 2.16 1.41 0.33 0.06 2.13 0.31 0.22 0.07 0.26 1.20 2.75

I got: 0.65 1.70 1.06 1.66 2.77 2.65 2.75 1.97 0.98 0.67 2.73 2.75 1.32 0.76 1.10 2.36 2.67 2.67 2.41 0.94 0.56 1.92 0.87 1.06 0.41 1.31 1.22 2.50 2.65 2.67 2.75 2.54 1.58 2.71 1.39 0.97 0.58 2.35 2.78 2.75 2.68 2.67 1.96 2.75 2.78 2.77 1.61 1.06 0.75 2.00 2.78 2.75 2.66 2.66 1.89 2.75 2.78 2.78 1.98 1.22 0.72 2.01 2.40 2.75 2.67 2.65 1.86 2.34 2.41 2.34 2.51 1.36 1.79 1.41 1.51 1.36 2.56 2.67 2.31 2.23 1.73 1.03 2.54 2.45 0.02 0.01 0.01 0.01 0.01 0.09 0.14 0.14 0.01 0.15 0.01 0.15 2.28 1.38 1.10 1.78 2.22 2.66 2.78 2.09 0.86 2.05 1.65 2.77 0.96 0.79 1.26 0.91 2.66 2.67 2.69 0.95 2.06 0.50 1.07 1.15 1.97 1.26 1.23 1.09 2.66 2.67 2.77 2.52 2.68 1.68 1.58 1.04 2.14 0.96 2.75 1.70 2.67 2.67 2.05 2.78 2.75 2.28 1.84 1.16 2.24 1.04 2.75 2.75 2.67 2.67 1.94 2.77 2.77 2.77 2.17 1.32 2.21 0.87 2.43 2.52 2.68 2.66 1.78 2.29 2.39 2.47 2.68 1.49 2.77 1.26 1.97 1.30 2.43 2.67 2.30 2.24 1.76 1.26 1.64 2.74 2.75 2.15 1.41 0.33 0.06 2.14 0.31 0.22 0.07 0.26 1.20 2.75

I got: 0.64 1.70 1.06 1.67 2.76 2.65 2.76 1.97 0.98 0.67 2.74 2.74 1.31 0.76 1.11 2.36 2.67 2.68 2.41 0.94 0.56 1.92 0.88 1.06 0.40 1.31 1.22 2.49 2.66 2.67 2.75 2.54 1.58 2.71 1.39 0.97 0.57 2.34 2.78 2.74 2.65 2.67 1.96 2.76 2.77 2.77 1.61 1.06 0.75 1.99 2.77 2.77 2.68 2.67 1.89 2.75 2.77 2.78 1.98 1.22 0.72 2.00 2.39 2.75 2.67 2.64 1.86 2.34 2.41 2.33 2.50 1.36 1.79 1.40 1.51 1.36 2.55 2.67 2.31 2.23 1.72 1.03 2.53 2.44 0.02 0.01 0.01 0.01 0.01 0.05 0.12 0.14 0.01 0.16 0.01 0.13 2.28 1.38 1.10 1.78 2.22 2.66 2.78 2.09 0.86 2.05 1.65 2.77 0.96 0.79 1.27 0.90 2.67 2.67 2.69 0.95 2.06 0.50 1.07 1.15 1.97 1.26 1.23 1.07 2.65 2.67 2.77 2.51 2.68 1.68 1.57 1.04 2.13 0.96 2.74 1.70 2.68 2.67 2.05 2.78 2.76 2.28 1.84 1.16 2.24 1.03 2.76 2.76 2.67 2.67 1.94 2.77 2.76 2.77 2.17 1.33 2.21 0.87 2.43 2.52 2.69 2.67 1.78 2.29 2.38 2.47 2.68 1.49 2.77 1.26 1.97 1.30 2.43 2.67 2.30 2.24 1.76 1.26 1.64 2.73 2.75 2.15 1.39 0.33 0.06 2.13 0.31 0.22 0.07 0.26 1.20 2.75

I got: 0.64 1.70 1.06 1.67 2.76 2.66 2.77 1.97 0.98 0.67 2.74 2.74 1.31 0.76 1.11 2.35 2.68 2.66 2.41 0.94 0.56 1.92 0.88 1.06 0.40 1.31 1.22 2.49 2.67 2.66 2.74 2.53 1.58 2.69 1.39 0.97 0.58 2.34 2.77 2.74 2.64 2.67 1.96 2.77 2.77 2.76 1.61 1.06 0.75 1.99 2.76 2.78 2.67 2.67 1.89 2.75 2.77 2.78 1.98 1.22 0.72 1.99 2.39 2.75 2.67 2.66 1.86 2.34 2.41 2.33 2.50 1.36 1.79 1.40 1.51 1.36 2.54 2.67 2.31 2.23 1.72 1.03 2.52 2.46 0.02 0.01 0.01 0.01 0.01 0.05 0.14 0.13 0.01 0.12 0.01 0.12 2.27 1.38 1.11 1.78 2.22 2.67 2.77 2.09 0.86 2.05 1.66 2.78 0.96 0.79 1.26 0.91 2.65 2.67 2.69 0.95 2.06 0.50 1.07 1.16 1.97 1.26 1.23 1.06 2.65 2.67 2.77 2.51 2.68 1.67 1.57 1.04 2.13 0.95 2.75 1.70 2.66 2.67 2.05 2.78 2.78 2.28 1.84 1.15 2.24 1.02 2.77 2.77 2.67 2.67 1.94 2.77 2.75 2.76 2.17 1.33 2.21 0.86 2.42 2.51 2.67 2.67 1.78 2.29 2.38 2.47 2.67 1.49 2.76 1.24 1.95 1.30 2.43 2.67 2.30 2.23 1.76 1.26 1.64 2.75 2.75 2.15 1.37 0.33 0.06 2.12 0.31 0.22 0.07 0.26 1.20 2.75

I got: 0.63 1.69 1.06 1.67 2.75 2.67 2.78 1.96 0.99 0.67 2.74 2.76 1.30 0.76 1.11 2.35 2.68 2.67 2.41 0.94 0.56 1.92 0.87 1.06 0.40 1.31 1.21 2.48 2.67 2.65 2.75 2.52 1.57 2.68 1.38 0.97 0.58 2.33 2.77 2.76 2.65 2.67 1.96 2.78 2.76 2.75 1.61 1.06 0.75 1.98 2.75 2.78 2.64 2.67 1.89 2.75 2.76 2.77 1.98 1.22 0.72 1.98 2.39 2.74 2.66 2.67 1.86 2.34 2.41 2.33 2.50 1.36 1.80 1.39 1.51 1.36 2.54 2.67 2.31 2.23 1.73 1.03 2.52 2.46 0.02 0.01 0.01 0.01 0.01 0.05 0.14 0.15 0.01 0.16 0.01 0.14 2.27 1.37 1.11 1.78 2.22 2.67 2.77 2.09 0.86 2.04 1.66 2.77 0.95 0.79 1.27 0.91 2.65 2.66 2.69 0.95 2.06 0.50 1.07 1.15 1.97 1.26 1.23 1.06 2.66 2.66 2.77 2.51 2.68 1.66 1.56 1.03 2.13 0.94 2.77 1.70 2.65 2.67 2.05 2.78 2.78 2.28 1.84 1.16 2.24 1.00 2.78 2.77 2.68 2.67 1.94 2.76 2.77 2.76 2.17 1.32 2.21 0.85 2.41 2.50 2.66 2.67 1.78 2.29 2.39 2.47 2.67 1.49 2.75 1.23 1.94 1.30 2.43 2.66 2.29 2.23 1.76 1.26 1.64 2.76 2.76 2.14 1.35 0.33 0.06 2.12 0.31 0.22 0.07 0.26 1.20 2.74

I got: 0.61 1.68 1.06 1.67 2.75 2.67 2.78 1.96 0.98 0.68 2.74 2.77 1.29 0.76 1.10 2.35 2.66 2.67 2.41 0.94 0.56 1.92 0.88 1.06 0.40 1.31 1.21 2.47 2.67 2.65 2.76 2.51 1.57 2.67 1.38 0.97 0.57 2.33 2.76 2.77 2.66 2.67 1.96 2.78 2.76 2.75 1.61 1.06 0.75 1.98 2.77 2.78 2.65 2.67 1.89 2.75 2.75 2.77 1.98 1.22 0.72 1.97 2.39 2.74 2.67 2.67 1.86 2.34 2.40 2.34 2.50 1.36 1.79 1.38 1.51 1.36 2.55 2.67 2.30 2.23 1.73 1.03 2.52 2.46 0.02 0.01 0.01 0.01 0.01 0.04 0.14 0.13 0.01 0.13 0.01 0.14 2.27 1.37 1.11 1.78 2.22 2.67 2.76 2.09 0.86 2.05 1.66 2.77 0.95 0.79 1.26 0.91 2.66 2.65 2.69 0.95 2.06 0.50 1.06 1.16 1.97 1.26 1.23 1.06 2.66 2.66 2.76 2.51 2.67 1.65 1.56 1.03 2.13 0.93 2.77 1.70 2.65 2.67 2.05 2.77 2.79 2.28 1.84 1.16 2.23 0.99 2.78 2.76 2.67 2.67 1.94 2.76 2.78 2.75 2.18 1.32 2.21 0.83 2.41 2.50 2.66 2.67 1.78 2.29 2.39 2.46 2.66 1.49 2.75 1.21 1.93 1.30 2.43 2.65 2.29 2.23 1.76 1.26 1.65 2.77 2.77 2.13 1.32 0.33 0.06 2.12 0.31 0.22 0.07 0.26 1.20 2.73

I got: 0.60 1.66 1.06 1.67 2.75 2.67 2.78 1.97 0.99 0.67 2.74 2.78 1.28 0.76 1.11 2.36 2.65 2.67 2.40 0.94 0.56 1.92 0.88 1.06 0.40 1.31 1.21 2.47 2.67 2.66 2.77 2.50 1.56 2.67 1.37 0.96 0.57 2.33 2.75 2.77 2.67 2.66 1.96 2.78 2.75 2.74 1.61 1.06 0.75 1.97 2.78 2.78 2.66 2.67 1.89 2.75 2.77 2.76 1.98 1.22 0.72 1.96 2.39 2.75 2.65 2.67 1.87 2.33 2.40 2.35 2.50 1.36 1.80 1.38 1.51 1.36 2.56 2.67 2.31 2.22 1.73 1.03 2.52 2.46 0.02 0.01 0.01 0.01 0.01 0.05 0.13 0.14 0.01 0.15 0.01 0.14 2.26 1.37 1.11 1.78 2.22 2.67 2.76 2.09 0.86 2.05 1.66 2.76 0.95 0.79 1.27 0.90 2.67 2.64 2.68 0.95 2.06 0.50 1.07 1.16 1.96 1.26 1.22 1.05 2.67 2.66 2.75 2.52 2.66 1.64 1.56 1.03 2.13 0.92 2.77 1.70 2.66 2.66 2.05 2.77 2.78 2.28 1.84 1.16 2.24 0.98 2.78 2.76 2.65 2.67 1.94 2.76 2.79 2.77 2.18 1.33 2.22 0.82 2.41 2.50 2.65 2.67 1.78 2.29 2.40 2.46 2.66 1.49 2.74 1.20 1.92 1.30 2.42 2.65 2.29 2.23 1.76 1.27 1.65 2.77 2.77 2.12 1.30 0.33 0.06 2.13 0.31 0.22 0.07 0.26 1.20 2.75

I got: 0.59 1.65 1.06 1.67 2.77 2.67 2.77 1.97 0.98 0.67 2.73 2.77 1.27 0.76 1.11 2.36 2.65 2.67 2.40 0.94 0.56 1.92 0.88 1.06 0.40 1.31 1.21 2.46 2.67 2.66 2.77 2.49 1.56 2.69 1.36 0.96 0.57 2.33 2.74 2.77 2.67 2.65 1.96 2.77 2.74 2.77 1.61 1.06 0.75 1.97 2.78 2.78 2.67 2.66 1.89 2.74 2.78 2.75 1.98 1.22 0.72 1.95 2.40 2.76 2.65 2.67 1.86 2.33 2.40 2.35 2.50 1.36 1.81 1.37 1.52 1.37 2.58 2.66 2.31 2.23 1.74 1.03 2.54 2.47 0.02 0.01 0.01 0.01 0.01 0.04 0.16 0.15 0.01 0.14 0.01 0.14 2.26 1.36 1.11 1.78 2.22 2.66 2.75 2.09 0.86 2.05 1.66 2.75 0.94 0.79 1.27 0.90 2.67 2.67 2.67 0.95 2.06 0.52 1.09 1.15 1.96 1.26 1.22 1.05 2.67 2.68 2.75 2.52 2.65 1.64 1.57 1.03 2.14 0.91 2.77 1.70 2.67 2.65 2.05 2.76 2.78 2.27 1.86 1.16 2.24 0.97 2.78 2.75 2.65 2.67 1.94 2.75 2.78 2.77 2.19 1.33 2.22 0.82 2.41 2.50 2.66 2.66 1.78 2.29 2.40 2.47 2.66 1.49 2.77 1.20 1.93 1.31 2.45 2.67 2.30 2.25 1.77 1.27 1.66 2.76 2.77 2.11 1.29 0.33 0.06 2.13 0.31 0.22 0.07 0.26 1.20 2.77

I got: 0.58 1.65 1.06 1.67 2.78 2.68 2.77 1.97 0.99 0.67 2.73 2.77 1.26 0.76 1.11 2.37 2.66 2.67 2.40 0.94 0.56 1.94 0.87 1.06 0.39 1.32 1.21 2.46 2.67 2.67 2.77 2.50 1.55 2.69 1.36 0.96 0.57 2.34 2.76 2.76 2.67 2.66 1.96 2.77 2.76 2.78 1.61 1.06 0.75 1.96 2.79 2.77 2.67 2.65 1.90 2.73 2.78 2.77 1.98 1.22 0.72 1.95 2.40 2.77 2.66 2.67 1.87 2.33 2.40 2.35 2.51 1.36 1.82 1.36 1.52 1.37 2.58 2.66 2.32 2.24 1.74 1.04 2.55 2.47 0.02 0.01 0.01 0.01 0.01 0.06 0.11 0.14 0.01 0.14 0.01 0.12 2.26 1.36 1.11 1.78 2.23 2.67 2.77 2.09 0.86 2.04 1.67 2.74 0.94 0.79 1.27 0.91 2.67 2.66 2.66 0.96 2.05 0.53 1.09 1.15 1.96 1.26 1.23 1.05 2.67 2.66 2.74 2.51 2.64 1.64 1.56 1.02 2.14 0.90 2.77 1.70 2.67 2.65 2.05 2.75 2.77 2.28 1.86 1.16 2.24 0.96 2.78 2.75 2.66 2.66 1.94 2.74 2.78 2.78 2.19 1.33 2.22 0.81 2.42 2.51 2.67 2.67 1.78 2.29 2.40 2.48 2.68 1.49 2.77 1.19 1.92 1.32 2.45 2.67 2.31 2.25 1.77 1.27 1.66 2.76 2.76 2.10 1.28 0.33 0.06 2.14 0.31 0.22 0.07 0.26 1.20 2.76

I got: 0.58 1.64 1.06 1.67 2.78 2.67 2.76 1.96 0.99 0.66 2.74 2.77 1.26 0.76 1.11 2.37 2.67 2.67 2.40 0.94 0.56 1.94 0.87 1.06 0.39 1.32 1.21 2.46 2.67 2.67 2.76 2.51 1.55 2.69 1.36 0.96 0.57 2.35 2.77 2.76 2.67 2.67 1.96 2.76 2.77 2.78 1.61 1.06 0.75 1.96 2.78 2.77 2.67 2.66 1.89 2.73 2.79 2.78 1.98 1.22 0.72 1.94 2.40 2.76 2.67 2.66 1.87 2.34 2.41 2.35 2.52 1.36 1.83 1.36 1.52 1.37 2.58 2.68 2.32 2.24 1.74 1.04 2.55 2.47 0.02 0.01 0.01 0.01 0.01 0.05 0.17 0.16 0.01 0.15 0.01 0.15 2.26 1.36 1.11 1.78 2.23 2.65 2.78 2.09 0.86 2.04 1.67 2.75 0.94 0.79 1.27 0.91 2.67 2.67 2.67 0.95 2.05 0.53 1.09 1.16 1.96 1.26 1.22 1.06 2.68 2.67 2.76 2.50 2.64 1.64 1.56 1.03 2.14 0.90 2.76 1.71 2.67 2.68 2.05 2.75 2.77 2.28 1.86 1.16 2.24 0.96 2.77 2.74 2.67 2.65 1.94 2.75 2.78 2.78 2.18 1.33 2.22 0.81 2.42 2.52 2.67 2.69 1.78 2.30 2.40 2.48 2.69 1.49 2.77 1.19 1.92 1.32 2.45 2.67 2.31 2.25 1.78 1.28 1.66 2.75 2.76 2.10 1.27 0.34 0.06 2.14 0.31 0.22 0.07 0.26 1.19 2.76

