I got: 1.55 0.93 0.53 0.56 2.69 0.18 1.17 0.74 0.66 0.62 0.72 1.58 1.40 0.69 0.62 2.67 0.14 2.67 1.19 0.73 0.56 0.56 1.06 1.70 1.45 1.11 0.72 2.69 0.12 2.68 1.17 1.11 0.58 0.46 0.77 1.02 0.90 1.09 1.07 2.70 0.12 2.70 0.67 1.12 0.91 0.51 0.66 0.77 1.10 0.97 1.35 2.67 0.16 2.67 0.75 0.90 1.45 1.31 1.04 0.99 1.17 0.93 0.82 1.60 0.27 2.66 0.81 0.82 0.97 1.79 1.84 1.13 0.01 0.01 0.01 0.08 0.01 0.04 0.08 0.01 0.00 0.01 0.01 0.01 0.01 0.01 0.01 0.01 0.01 0.79 0.01 0.01 0.01 0.01 0.01 0.06 1.53 0.79 0.80 0.62 2.70 0.09 1.18 0.70 0.66 0.64 0.77 1.50 1.20 0.94 0.66 2.70 0.14 2.66 1.14 0.72 0.57 0.61 0.98 1.73 1.38 1.41 0.79 2.67 0.13 2.70 1.16 1.13 0.59 0.53 0.71 1.10 0.87 1.01 1.08 2.66 0.16 2.66 0.61 1.06 0.89 0.57 0.82 1.14 1.10 0.98 1.28 2.66 0.11 2.68 0.73 0.89 1.48 1.37 0.98 1.10 1.18 0.93 0.81 1.41 0.04 2.68 0.78 0.81 1.01 1.80 1.78 1.24 0.11 0.03 0.17 0.04 0.06 2.65 0.02 0.02 0.05 0.05 0.08 0.27 0.16 0.04 0.16 0.05 0.06 2.64 0.03 0.01 0.04 0.03 0.02 0.05

I got: 1.55 0.82 0.64 0.56 2.67 0.20 1.17 0.74 0.66 0.62 0.72 1.58 1.27 0.82 0.62 2.68 0.15 2.68 1.19 0.73 0.56 0.56 1.06 1.69 1.45 1.23 0.72 2.69 0.11 2.68 1.16 1.11 0.57 0.46 0.76 1.01 1.31 1.55 1.54 2.66 0.16 2.68 0.94 1.55 1.26 0.70 0.91 1.07 1.10 0.98 1.44 2.67 0.16 2.68 0.75 0.90 1.45 1.30 1.04 0.99 1.17 0.93 0.96 1.44 0.29 2.66 0.81 0.82 0.97 1.79 1.84 1.13 0.01 0.01 0.09 0.07 0.01 0.09 0.09 0.01 0.01 0.01 0.01 0.01 0.01 0.01 0.01 0.01 0.01 0.51 0.01 0.01 0.01 0.01 0.01 0.08 1.52 0.96 0.63 0.62 2.66 0.08 1.18 0.70 0.66 0.64 0.77 1.50 1.36 0.78 0.66 2.66 0.14 2.66 1.13 0.72 0.57 0.61 0.98 1.73 1.37 1.23 0.78 2.67 0.13 2.67 1.16 1.13 0.60 0.53 0.70 1.10 1.28 1.53 1.59 2.67 0.13 2.66 0.91 1.54 1.28 0.77 0.85 1.16 1.10 0.97 1.27 2.68 0.10 2.67 0.73 0.89 1.49 1.37 0.98 1.09 1.18 0.93 0.81 1.42 0.04 2.66 0.78 0.80 1.01 1.80 1.78 1.25 0.10 0.03 0.18 0.05 0.06 2.65 0.02 0.02 0.05 0.05 0.08 0.27 0.16 0.04 0.17 0.05 0.06 2.65 0.03 0.01 0.04 0.03 0.02 0.05

I got: 1.54 0.81 0.65 0.56 2.67 0.21 1.18 0.74 0.66 0.62 0.72 1.58 1.27 0.82 0.62 2.68 0.13 2.69 1.19 0.73 0.56 0.56 1.06 1.70 1.45 1.24 0.72 2.66 0.13 2.67 1.17 1.12 0.58 0.46 0.76 1.02 1.31 1.55 1.54 2.66 0.15 2.66 0.94 1.55 1.26 0.71 0.91 1.07 1.10 0.97 1.46 2.66 0.17 2.71 0.75 0.90 1.45 1.30 1.04 0.99 1.17 0.93 0.97 1.43 0.29 2.66 0.81 0.82 0.97 1.80 1.84 1.13 0.01 0.01 0.09 0.01 0.01 0.03 0.06 0.01 0.00 0.01 0.01 0.01 0.01 0.01 0.01 0.01 0.01 0.37 0.01 0.01 0.01 0.01 0.01 0.06 1.52 0.97 0.62 0.62 2.66 0.08 1.18 0.70 0.66 0.64 0.77 1.50 1.38 0.77 0.66 2.66 0.17 2.67 1.13 0.72 0.57 0.61 0.98 1.73 1.37 1.23 0.78 2.66 0.13 2.65 1.16 1.12 0.60 0.53 0.70 1.10 1.28 1.55 1.59 2.68 0.13 2.66 0.92 1.55 1.28 0.77 0.85 1.16 1.10 0.98 1.27 2.66 0.11 2.67 0.73 0.89 1.49 1.36 0.98 1.09 1.18 0.94 0.81 1.42 0.04 2.66 0.78 0.80 1.01 1.80 1.78 1.25 0.10 0.03 0.19 0.05 0.07 2.64 0.02 0.02 0.05 0.05 0.08 0.28 0.16 0.04 0.17 0.05 0.06 2.65 0.03 0.01 0.04 0.03 0.02 0.05

I got: 1.54 0.81 0.65 0.56 2.69 0.20 1.17 0.74 0.66 0.62 0.72 1.58 1.27 0.83 0.62 2.67 0.14 2.70 1.19 0.73 0.56 0.56 1.06 1.70 1.44 1.23 0.71 2.67 0.12 2.66 1.17 1.11 0.57 0.46 0.76 1.01 1.31 1.55 1.54 2.67 0.16 2.67 0.94 1.55 1.26 0.71 0.92 1.07 1.10 0.98 1.46 2.67 0.15 2.67 0.75 0.90 1.45 1.30 1.04 0.99 1.17 0.93 0.98 1.43 0.28 2.66 0.80 0.82 0.97 1.79 1.84 1.13 0.01 0.02 0.09 0.01 0.01 0.05 0.10 0.01 0.01 0.01 0.01 0.02 0.01 0.01 0.01 0.00 0.01 0.70 0.01 0.01 0.01 0.01 0.01 0.08 1.52 0.97 0.62 0.62 2.65 0.07 1.18 0.70 0.66 0.63 0.77 1.50 1.38 0.77 0.67 2.66 0.15 2.65 1.13 0.72 0.57 0.61 0.98 1.73 1.38 1.22 0.79 2.67 0.15 2.67 1.15 1.12 0.60 0.53 0.70 1.10 1.29 1.55 1.60 2.66 0.11 2.66 0.92 1.55 1.28 0.77 0.85 1.17 1.10 0.97 1.27 2.68 0.11 2.67 0.73 0.89 1.48 1.37 0.98 1.09 1.18 0.93 0.81 1.42 0.05 2.67 0.78 0.80 1.01 1.79 1.78 1.24 0.10 0.03 0.19 0.04 0.06 2.65 0.02 0.01 0.05 0.05 0.08 0.28 0.15 0.05 0.18 0.05 0.06 2.64 0.03 0.01 0.04 0.03 0.02 0.05

I got: 1.54 0.81 0.65 0.56 2.68 0.18 1.17 0.74 0.66 0.62 0.72 1.58 1.26 0.83 0.62 2.74 0.14 2.68 1.19 0.73 0.56 0.56 1.06 1.70 1.44 1.23 0.72 2.67 0.11 2.67 1.16 1.12 0.57 0.46 0.76 1.01 1.31 1.55 1.54 2.67 0.15 2.69 0.94 1.56 1.26 0.71 0.91 1.07 1.10 0.97 1.46 2.66 0.17 2.67 0.75 0.90 1.45 1.30 1.04 0.99 1.17 0.93 0.98 1.43 0.29 2.66 0.80 0.82 0.97 1.79 1.84 1.13 0.01 0.01 0.11 0.01 0.01 0.09 0.08 0.01 0.00 0.01 0.01 0.01 0.01 0.01 0.01 0.01 0.01 0.72 0.01 0.01 0.01 0.01 0.01 0.08 1.51 0.97 0.62 0.62 2.66 0.09 1.18 0.70 0.66 0.63 0.77 1.50 1.38 0.77 0.66 2.67 0.14 2.65 1.13 0.72 0.57 0.61 0.98 1.72 1.38 1.23 0.78 2.66 0.15 2.67 1.16 1.12 0.60 0.53 0.70 1.11 1.29 1.55 1.60 2.66 0.11 2.67 0.92 1.55 1.28 0.77 0.86 1.17 1.09 0.97 1.27 2.68 0.10 2.66 0.73 0.89 1.48 1.37 0.98 1.09 1.18 0.93 0.81 1.42 0.05 2.68 0.78 0.80 1.01 1.79 1.78 1.24 0.10 0.02 0.18 0.05 0.06 2.66 0.02 0.01 0.05 0.05 0.08 0.28 0.16 0.03 0.17 0.06 0.06 2.66 0.03 0.01 0.04 0.03 0.02 0.06

I got: 1.54 0.81 0.65 0.56 2.69 0.20 1.17 0.74 0.66 0.62 0.72 1.58 1.26 0.83 0.62 2.67 0.12 2.68 1.19 0.73 0.56 0.56 1.06 1.70 1.45 1.24 0.72 2.66 0.13 2.68 1.17 1.11 0.58 0.46 0.76 1.01 1.31 1.56 1.54 2.66 0.16 2.67 0.94 1.56 1.26 0.71 0.91 1.07 1.10 0.97 1.46 2.67 0.16 2.66 0.75 0.90 1.45 1.30 1.04 0.99 1.17 0.93 0.98 1.43 0.28 2.67 0.80 0.81 0.97 1.80 1.84 1.13 0.01 0.01 0.06 0.01 0.01 0.05 0.08 0.01 0.01 0.01 0.01 0.02 0.01 0.01 0.01 0.01 0.01 0.48 0.01 0.01 0.01 0.01 0.01 0.12 1.52 0.97 0.61 0.61 2.66 0.08 1.18 0.70 0.66 0.63 0.77 1.50 1.38 0.77 0.66 2.67 0.14 2.67 1.13 0.72 0.57 0.61 0.98 1.72 1.37 1.22 0.78 2.66 0.15 2.66 1.16 1.13 0.60 0.53 0.70 1.10 1.29 1.55 1.60 2.68 0.11 2.67 0.92 1.56 1.29 0.78 0.86 1.17 1.10 0.97 1.27 2.67 0.11 2.67 0.73 0.89 1.49 1.37 0.98 1.09 1.18 0.93 0.80 1.42 0.04 2.68 0.78 0.80 1.01 1.80 1.78 1.24 0.10 0.03 0.18 0.05 0.07 2.70 0.02 0.02 0.05 0.05 0.08 0.28 0.16 0.04 0.18 0.06 0.06 2.68 0.03 0.01 0.04 0.03 0.02 0.05

I got: 1.54 0.81 0.65 0.56 2.73 0.20 1.17 0.74 0.66 0.62 0.71 1.58 1.26 0.83 0.62 2.67 0.14 2.70 1.20 0.73 0.56 0.56 1.06 1.70 1.45 1.23 0.71 2.68 0.14 2.68 1.16 1.11 0.57 0.46 0.76 1.01 1.31 1.55 1.54 2.67 0.16 2.66 0.94 1.56 1.26 0.71 0.91 1.07 1.10 0.97 1.46 2.66 0.17 2.66 0.75 0.90 1.45 1.30 1.04 0.99 1.17 0.93 0.98 1.43 0.29 2.66 0.80 0.82 0.97 1.79 1.84 1.13 0.01 0.01 0.12 0.01 0.01 0.02 0.07 0.01 0.01 0.01 0.01 0.01 0.01 0.01 0.01 0.01 0.01 0.62 0.01 0.01 0.01 0.01 0.01 0.06 1.51 0.97 0.61 0.61 2.66 0.10 1.18 0.70 0.66 0.63 0.77 1.50 1.38 0.77 0.66 2.67 0.17 2.65 1.14 0.72 0.57 0.61 0.98 1.73 1.38 1.22 0.78 2.67 0.15 2.66 1.16 1.12 0.60 0.53 0.70 1.10 1.28 1.55 1.61 2.68 0.12 2.68 0.92 1.56 1.29 0.77 0.86 1.17 1.09 0.97 1.27 2.67 0.10 2.66 0.73 0.89 1.49 1.37 0.98 1.09 1.18 0.93 0.80 1.42 0.05 2.69 0.78 0.80 1.01 1.80 1.78 1.24 0.10 0.03 0.19 0.05 0.06 2.65 0.02 0.02 0.05 0.05 0.08 0.28 0.15 0.04 0.18 0.06 0.06 2.66 0.03 0.01 0.04 0.03 0.02 0.05

I got: 1.54 0.81 0.65 0.56 2.69 0.18 1.17 0.74 0.66 0.62 0.71 1.58 1.26 0.83 0.62 2.67 0.14 2.66 1.19 0.73 0.56 0.56 1.06 1.70 1.44 1.24 0.71 2.68 0.15 2.68 1.16 1.11 0.57 0.46 0.76 1.01 1.31 1.55 1.55 2.66 0.16 2.67 0.94 1.56 1.26 0.71 0.92 1.07 1.10 0.97 1.47 2.68 0.17 2.67 0.75 0.90 1.45 1.30 1.04 0.99 1.17 0.93 0.98 1.43 0.29 2.67 0.80 0.81 0.97 1.80 1.84 1.13 0.01 0.01 0.09 0.01 0.01 0.08 0.09 0.01 0.01 0.01 0.01 0.01 0.00 0.01 0.01 0.01 0.01 0.78 0.01 0.01 0.01 0.01 0.01 0.08 1.51 0.98 0.61 0.61 2.66 0.08 1.18 0.70 0.66 0.63 0.77 1.50 1.38 0.77 0.66 2.66 0.15 2.66 1.13 0.72 0.57 0.61 0.98 1.73 1.37 1.22 0.78 2.66 0.14 2.66 1.15 1.13 0.59 0.53 0.70 1.10 1.29 1.55 1.61 2.71 0.11 2.67 0.92 1.56 1.29 0.77 0.86 1.17 1.09 0.97 1.27 2.66 0.11 2.68 0.73 0.89 1.49 1.37 0.98 1.10 1.18 0.93 0.80 1.42 0.03 2.72 0.78 0.80 1.01 1.80 1.78 1.25 0.10 0.03 0.19 0.05 0.06 2.65 0.02 0.02 0.05 0.05 0.08 0.27 0.16 0.04 0.18 0.06 0.06 2.66 0.03 0.01 0.04 0.03 0.02 0.05

I got: 1.54 0.81 0.65 0.56 2.70 0.19 1.17 0.74 0.66 0.62 0.71 1.58 1.26 0.83 0.62 2.68 0.12 2.67 1.19 0.73 0.56 0.56 1.06 1.70 1.45 1.23 0.72 2.69 0.13 2.68 1.16 1.10 0.57 0.46 0.76 1.01 1.31 1.56 1.54 2.66 0.17 2.67 0.94 1.56 1.26 0.71 0.91 1.07 1.10 0.98 1.47 2.67 0.16 2.68 0.75 0.90 1.45 1.30 1.04 0.98 1.17 0.92 0.98 1.43 0.29 2.67 0.80 0.81 0.97 1.80 1.84 1.13 0.01 0.01 0.11 0.01 0.01 0.07 0.09 0.01 0.01 0.01 0.01 0.01 0.01 0.01 0.01 0.01 0.01 0.56 0.01 0.01 0.01 0.01 0.01 0.09 1.51 0.97 0.61 0.61 2.66 0.11 1.18 0.70 0.66 0.63 0.77 1.50 1.37 0.76 0.66 2.66 0.15 2.65 1.13 0.72 0.57 0.61 0.98 1.73 1.38 1.22 0.78 2.67 0.13 2.67 1.16 1.13 0.60 0.53 0.70 1.10 1.29 1.55 1.61 2.66 0.12 2.66 0.92 1.56 1.29 0.77 0.86 1.17 1.09 0.97 1.28 2.67 0.10 2.67 0.73 0.89 1.49 1.37 0.98 1.09 1.18 0.93 0.81 1.43 0.05 2.67 0.78 0.80 1.01 1.79 1.78 1.24 0.10 0.03 0.18 0.05 0.06 2.63 0.02 0.02 0.05 0.05 0.08 0.28 0.16 0.03 0.17 0.06 0.06 2.65 0.03 0.01 0.04 0.03 0.02 0.05

I got: 1.53 0.81 0.65 0.56 2.68 0.20 1.17 0.74 0.66 0.62 0.71 1.58 1.26 0.83 0.62 2.66 0.14 2.69 1.19 0.73 0.56 0.56 1.06 1.70 1.46 1.24 0.72 2.66 0.13 2.67 1.16 1.11 0.58 0.46 0.76 1.01 1.31 1.56 1.54 2.66 0.16 2.66 0.94 1.56 1.26 0.71 0.92 1.07 1.10 0.98 1.46 2.66 0.17 2.67 0.76 0.90 1.45 1.30 1.04 0.98 1.17 0.93 0.98 1.43 0.29 2.67 0.80 0.82 0.97 1.79 1.84 1.12 0.01 0.01 0.08 0.01 0.01 0.02 0.08 0.01 0.01 0.01 0.01 0.01 0.01 0.00 0.01 0.01 0.01 0.42 0.01 0.01 0.01 0.01 0.01 0.07 1.51 0.97 0.61 0.61 2.66 0.09 1.18 0.69 0.67 0.64 0.78 1.51 1.37 0.76 0.66 2.66 0.12 2.65 1.13 0.73 0.57 0.61 0.98 1.73 1.38 1.22 0.78 2.69 0.15 2.67 1.16 1.12 0.60 0.53 0.70 1.10 1.28 1.55 1.61 2.67 0.11 2.67 0.92 1.56 1.29 0.77 0.86 1.17 1.09 0.97 1.28 2.68 0.12 2.66 0.73 0.89 1.49 1.36 0.98 1.09 1.17 0.93 0.81 1.42 0.05 2.68 0.78 0.80 1.01 1.79 1.78 1.24 0.10 0.03 0.18 0.05 0.06 2.64 0.02 0.02 0.05 0.05 0.08 0.28 0.16 0.03 0.17 0.06 0.06 2.67 0.03 0.01 0.04 0.03 0.02 0.05

I got: 1.53 0.81 0.65 0.56 2.69 0.19 1.17 0.74 0.66 0.62 0.71 1.58 1.26 0.83 0.62 2.70 0.14 2.66 1.20 0.73 0.56 0.56 1.06 1.69 1.44 1.24 0.72 2.68 0.12 2.67 1.17 1.11 0.57 0.46 0.77 1.01 1.31 1.56 1.54 2.67 0.17 2.67 0.94 1.56 1.26 0.71 0.91 1.07 1.10 0.98 1.46 2.67 0.17 2.68 0.75 0.90 1.45 1.30 1.04 0.98 1.17 0.93 0.98 1.43 0.27 2.67 0.81 0.81 0.97 1.80 1.83 1.13 0.01 0.01 51.77 0.01 0.01 0.04 0.08 0.01 0.01 0.01 0.01 0.01 0.01 0.01 0.01 0.01 0.01 0.63 0.01 0.01 0.01 0.01 0.01 0.07 1.52 0.97 0.61 0.62 2.66 0.07 1.18 0.70 0.66 0.63 0.77 1.50 1.38 0.76 0.66 2.66 0.16 2.66 1.13 0.72 0.57 0.61 0.98 1.72 1.38 1.21 0.78 2.66 0.15 2.65 1.15 1.13 0.60 0.53 0.70 1.11 1.28 1.56 1.61 2.66 0.11 2.66 0.92 1.56 1.29 0.77 0.86 1.17 1.09 0.97 1.27 2.67 0.11 2.67 0.73 0.89 1.49 1.37 0.98 1.09 1.18 0.93 0.81 1.42 0.05 2.66 0.78 0.80 1.01 1.79 1.78 1.24 0.10 0.02 0.18 0.05 0.06 2.64 0.02 0.02 0.05 0.05 0.08 0.28 0.16 0.03 0.16 0.06 0.06 2.65 0.03 0.01 0.05 0.03 0.02 0.05

I got: 1.53 0.81 0.65 0.56 2.68 0.18 1.18 0.74 0.66 0.62 0.72 1.59 1.26 0.83 0.62 2.67 0.13 2.68 1.19 0.73 0.56 0.56 1.06 1.70 1.45 1.24 0.72 2.68 0.11 2.68 1.16 1.11 0.57 0.46 0.76 1.01 1.31 1.55 1.54 2.67 0.16 2.66 0.94 1.56 1.26 0.71 0.91 1.07 1.10 0.98 1.46 2.70 0.17 2.67 0.75 0.90 1.45 1.30 1.04 0.99 1.17 0.93 0.98 1.43 0.30 2.70 0.80 0.82 0.97 1.80 1.84 1.13 0.01 0.01 0.14 0.01 0.00 0.07 0.12 0.01 0.01 0.01 0.01 0.01 0.01 0.01 0.01 0.01 0.01 0.77 0.01 0.01 0.01 0.01 0.01 0.09 1.52 0.97 0.61 0.61 2.66 0.09 1.18 0.70 0.66 0.63 0.77 1.50 1.38 0.76 0.66 2.67 0.16 2.65 1.13 0.72 0.57 0.61 0.97 1.73 1.37 1.22 0.78 2.66 0.14 2.67 1.15 1.13 0.60 0.53 0.70 1.10 1.29 1.55 1.61 2.66 0.13 2.67 0.92 1.56 1.29 0.77 0.86 1.17 1.09 0.97 1.27 2.67 0.10 2.67 0.73 0.89 1.49 1.37 0.98 1.10 1.17 0.93 0.80 1.42 0.05 2.67 0.78 0.80 1.01 1.79 1.78 1.24 0.10 0.02 0.18 0.05 0.07 2.65 0.02 0.02 0.05 0.05 0.08 0.28 0.16 0.04 0.17 0.06 0.06 2.66 0.03 0.01 0.04 0.03 0.02 0.05

I got: 1.54 0.81 0.65 0.56 2.68 0.19 1.17 0.74 0.66 0.62 0.71 1.58 1.26 0.83 0.62 2.67 0.12 2.70 1.19 0.73 0.56 0.56 1.06 1.69 1.46 1.24 0.72 2.66 0.12 2.67 1.16 1.11 0.57 0.46 0.76 1.01 1.31 1.55 1.54 2.66 0.16 2.67 0.94 1.56 1.26 0.71 0.92 1.07 1.10 0.97 1.47 2.66 0.17 2.66 0.75 0.90 1.45 1.30 1.04 0.98 1.17 0.92 0.99 1.42 0.29 2.66 0.80 0.81 0.97 1.79 1.84 1.12 0.01 0.01 0.10 0.01 0.01 0.06 0.07 0.01 0.01 0.01 0.01 0.02 0.01 0.01 0.01 0.01 0.01 0.48 0.01 0.00 0.01 0.01 0.01 0.12 1.51 0.98 0.61 0.61 2.66 0.09 1.18 0.70 0.66 0.63 0.77 1.49 1.38 0.76 0.66 2.67 0.14 2.66 1.13 0.72 0.57 0.61 0.98 1.73 1.38 1.22 0.78 2.67 0.14 2.66 1.16 1.13 0.60 0.53 0.70 1.11 1.28 1.55 1.61 2.68 0.12 2.67 0.92 1.56 1.29 0.78 0.86 1.18 1.09 0.97 1.27 2.66 0.11 2.66 0.73 0.89 1.49 1.37 0.98 1.10 1.17 0.93 0.80 1.43 0.04 2.68 0.78 0.80 1.01 1.79 1.78 1.25 0.10 0.03 0.18 0.05 0.06 2.66 0.03 0.02 0.05 0.05 0.08 0.28 0.15 0.04 0.17 0.06 0.06 2.64 0.03 0.01 0.04 0.03 0.02 0.05

I got: 1.54 0.81 0.65 0.56 2.69 0.20 1.17 0.74 0.65 0.62 0.71 1.58 1.26 0.83 0.62 2.67 0.14 2.72 1.20 0.73 0.56 0.56 1.06 1.70 1.45 1.24 0.72 2.68 0.13 2.69 1.17 1.11 0.58 0.46 0.76 1.01 1.31 1.55 1.54 2.70 0.15 2.67 0.94 1.56 1.26 0.71 0.92 1.07 1.10 0.97 1.46 2.68 0.17 2.67 0.75 0.90 1.45 1.30 1.04 0.98 1.17 0.93 0.98 1.42 0.31 2.67 0.80 0.82 0.97 1.80 1.84 1.13 0.01 0.01 0.08 0.01 0.01 0.02 0.09 0.01 0.01 0.01 0.01 0.01 0.01 0.01 0.01 0.01 0.01 0.36 0.01 0.01 0.01 0.01 0.01 0.06 1.51 0.97 0.61 0.61 2.66 0.08 1.18 0.69 0.66 0.63 0.77 1.50 1.37 0.76 0.66 2.66 0.13 2.66 1.13 0.72 0.57 0.61 0.98 1.73 1.38 1.22 0.78 2.66 0.14 2.66 1.15 1.13 0.60 0.53 0.70 1.10 1.28 1.55 1.61 2.67 0.14 2.67 0.93 1.56 1.29 0.77 0.86 1.17 1.09 0.97 1.28 2.69 0.11 2.66 0.73 0.89 1.49 1.36 0.98 1.10 1.17 0.93 0.80 1.42 0.04 2.67 0.78 0.80 1.01 1.79 1.78 1.24 0.10 0.03 0.18 0.05 0.06 2.65 0.02 0.02 0.05 0.05 0.08 0.28 0.15 0.03 0.17 0.06 0.06 2.64 0.03 0.01 0.04 0.03 0.02 0.05

