I got: 1.19 0.80 0.53 0.62 2.70 0.19 1.22 0.80 0.71 0.56 0.68 1.29 1.21 0.63 0.64 2.67 0.13 2.69 1.29 0.84 0.58 0.63 0.88 1.28 1.21 1.02 0.70 2.66 0.12 2.67 1.17 1.20 0.61 0.58 0.72 0.73 0.72 1.10 1.05 2.67 0.12 2.69 0.72 1.13 0.95 0.64 0.69 0.61 0.84 0.93 1.43 2.67 0.18 2.67 0.82 0.93 1.41 1.44 1.09 0.80 0.65 0.63 0.67 1.34 0.28 2.67 0.67 0.67 0.74 1.31 1.45 0.71 0.01 0.01 0.01 0.08 0.00 0.06 0.11 0.01 0.01 0.01 0.01 0.01 0.01 0.01 0.01 0.01 0.01 0.49 0.01 0.01 0.01 0.01 0.01 0.06 1.15 0.64 0.80 0.67 2.66 0.08 1.22 0.76 0.71 0.72 0.60 1.20 1.02 0.88 0.68 2.66 0.15 2.67 1.22 0.83 0.72 0.54 0.80 1.33 1.15 1.34 0.79 2.65 0.14 2.66 1.20 1.25 0.80 0.51 0.67 0.86 0.67 1.07 1.06 2.67 0.16 2.67 0.66 1.07 1.10 0.53 0.60 0.71 0.82 0.95 1.48 2.68 0.13 2.66 0.79 0.92 1.44 1.35 1.03 0.93 0.67 0.68 0.81 1.12 0.04 2.70 0.69 0.70 0.84 1.41 1.51 0.90 0.08 0.05 0.12 0.26 0.06 2.66 0.02 0.02 0.05 0.03 0.08 0.27 0.12 0.04 0.14 0.26 0.05 2.64 0.03 0.01 0.04 0.01 0.15 0.13

I got: 1.19 0.79 0.53 0.62 2.68 0.19 1.22 0.80 0.71 0.56 0.68 1.29 1.20 0.63 0.64 2.67 0.13 2.67 1.29 0.84 0.58 0.62 0.88 1.28 1.22 1.02 0.70 2.69 0.14 2.69 1.17 1.20 0.61 0.58 0.72 0.73 0.72 1.10 1.05 2.69 0.11 2.69 0.72 1.13 0.95 0.64 0.70 0.61 0.84 0.93 1.42 2.67 0.18 2.66 0.81 0.93 1.40 1.43 1.09 0.80 0.65 0.63 0.66 1.34 0.29 2.65 0.66 0.67 0.74 1.31 1.45 0.70 0.03 0.01 0.01 0.09 0.01 0.02 0.10 0.01 0.01 0.01 0.01 0.01 0.01 0.01 0.01 0.01 0.01 0.37 0.01 0.01 0.01 0.01 0.01 0.11 1.15 0.65 0.81 0.67 2.66 0.09 1.22 0.76 0.71 0.72 0.59 1.20 1.01 0.88 0.68 2.67 0.14 2.66 1.23 0.83 0.72 0.53 0.80 1.33 1.15 1.33 0.78 2.67 0.16 2.67 1.18 1.24 0.79 0.50 0.67 0.85 0.67 1.07 1.06 2.66 0.16 2.64 0.66 1.07 1.09 0.53 0.60 0.71 0.80 0.93 1.45 2.66 0.10 2.68 0.77 0.90 1.41 1.32 1.01 0.91 0.67 0.68 0.81 1.12 0.04 2.68 0.69 0.70 0.83 1.41 1.50 0.90 0.08 0.03 0.13 0.26 0.06 2.65 0.02 0.02 0.05 0.06 0.07 0.27 0.12 0.04 0.13 0.26 0.05 2.66 0.03 0.01 0.04 0.22 0.07 0.14

I got: 1.19 0.79 0.53 0.62 2.68 0.20 1.22 0.80 0.64 0.63 0.68 1.29 1.20 0.63 0.64 2.67 0.14 2.66 1.29 0.76 0.65 0.63 0.88 1.28 1.22 1.01 0.70 2.67 0.13 2.66 1.18 1.13 0.69 0.59 0.72 0.73 0.72 1.09 1.05 2.70 0.11 2.68 0.72 1.13 1.01 0.64 0.69 0.61 0.85 0.94 1.43 2.67 0.16 2.67 0.83 0.94 1.42 1.45 1.10 0.81 0.65 0.63 0.65 1.34 0.27 2.66 0.66 0.66 0.74 1.41 1.45 0.70 0.01 0.01 0.01 0.07 0.01 0.10 0.08 0.01 0.01 0.01 0.01 0.01 0.01 0.01 0.01 0.01 0.01 0.78 0.01 0.01 0.01 0.01 0.01 0.12 1.16 0.64 0.80 0.67 2.66 0.09 1.21 0.76 0.82 0.61 0.59 1.20 1.01 0.88 0.68 2.66 0.14 2.66 1.23 0.94 0.62 0.53 0.80 1.34 1.15 1.34 0.78 2.67 0.14 2.66 1.19 1.36 0.68 0.51 0.67 0.86 0.67 1.07 1.06 2.67 0.17 2.67 0.66 1.08 0.95 0.52 0.60 0.71 0.84 0.98 1.52 2.68 0.11 2.67 0.81 0.95 1.49 1.38 1.06 0.95 0.66 0.68 0.81 1.12 0.04 2.68 0.69 0.70 0.83 1.41 1.50 0.90 0.08 0.04 0.13 0.26 0.06 2.67 0.02 0.02 0.05 0.05 0.10 0.27 0.12 0.04 0.14 0.26 0.05 2.64 0.03 0.01 0.04 0.03 0.17 0.14

I got: 1.19 0.79 0.53 0.62 2.67 0.20 1.22 0.80 0.71 0.56 0.68 1.28 1.20 0.63 0.64 2.67 0.13 2.68 1.29 0.84 0.58 0.63 0.88 1.28 1.23 1.02 0.70 2.68 0.14 2.69 1.18 1.21 0.61 0.59 0.72 0.74 0.72 1.10 1.05 2.70 0.11 2.68 0.72 1.13 0.94 0.65 0.69 0.61 0.87 0.97 1.47 2.67 0.17 2.68 0.84 0.96 1.45 1.48 1.12 0.83 0.64 0.64 0.64 1.34 0.29 2.67 0.66 0.66 0.74 1.30 1.45 0.70 0.01 0.01 0.01 0.10 0.01 0.11 0.08 0.01 0.01 0.01 0.01 0.01 0.01 0.01 0.01 0.01 0.01 0.63 0.01 0.01 0.01 0.01 0.01 0.06 1.16 0.65 0.80 0.67 2.66 0.09 1.21 0.76 0.70 0.72 0.59 1.20 1.01 0.88 0.68 2.66 0.12 2.65 1.22 0.83 0.73 0.53 0.80 1.34 1.14 1.34 0.78 2.66 0.16 2.67 1.19 1.24 0.81 0.50 0.67 0.85 0.67 1.06 1.06 2.67 0.17 2.66 0.66 1.07 1.11 0.52 0.60 0.71 0.84 0.97 1.52 2.66 0.10 2.67 0.81 0.95 1.49 1.38 1.06 0.95 0.66 0.68 0.81 1.12 0.05 2.69 0.68 0.70 0.83 1.40 1.50 0.90 0.08 0.03 0.13 0.26 0.06 2.67 0.02 0.02 0.05 0.05 0.11 0.28 0.12 0.04 0.14 0.26 0.05 2.65 0.03 0.01 0.04 0.03 0.17 0.14

I got: 1.19 0.79 0.53 0.62 2.68 0.20 1.21 0.80 0.71 0.56 0.68 1.28 1.20 0.63 0.64 2.67 0.14 2.69 1.29 0.84 0.58 0.63 0.88 1.28 1.22 1.02 0.70 2.69 0.14 2.70 1.18 1.20 0.60 0.59 0.72 0.73 0.72 1.11 1.05 2.68 0.11 2.69 0.72 1.13 0.94 0.64 0.69 0.61 0.87 0.96 1.46 2.66 0.19 2.66 0.84 0.96 1.45 1.48 1.13 0.83 0.65 0.63 0.66 1.34 0.29 2.64 0.66 0.66 0.74 1.30 1.44 0.70 0.01 0.01 0.02 0.09 0.01 0.06 0.07 0.01 0.01 0.01 0.01 0.01 0.01 0.01 0.01 0.01 0.01 0.44 0.01 0.01 0.00 0.01 0.01 0.10 1.16 0.64 0.81 0.67 2.66 0.09 1.22 0.76 0.71 0.73 0.58 1.20 1.02 0.88 0.68 2.66 0.13 2.67 1.23 0.83 0.74 0.53 0.80 1.34 1.15 1.34 0.78 2.67 0.15 2.72 1.18 1.24 0.81 0.49 0.67 0.86 0.67 1.06 1.06 2.68 0.15 2.65 0.66 1.07 1.11 0.52 0.60 0.72 0.84 0.98 1.53 2.70 0.11 2.66 0.81 0.95 1.49 1.38 1.06 0.96 0.66 0.68 0.81 1.12 0.06 2.69 0.69 0.70 0.83 1.40 1.50 0.90 0.08 0.03 0.14 0.26 0.06 2.65 0.02 0.02 0.05 0.05 0.11 0.28 0.12 0.03 0.15 0.26 0.05 2.65 0.03 0.01 0.04 0.03 0.17 0.14

I got: 1.18 0.80 0.53 0.62 2.69 0.19 1.22 0.80 0.71 0.56 0.68 1.28 1.20 0.63 0.64 2.68 0.13 2.67 1.29 0.84 0.57 0.63 0.88 1.28 1.21 1.02 0.70 2.68 0.12 2.69 1.17 1.21 0.61 0.59 0.72 0.73 0.72 1.11 1.05 2.69 0.11 2.69 0.72 1.13 0.94 0.65 0.69 0.61 0.87 0.97 1.47 2.67 0.16 2.68 0.84 0.96 1.45 1.48 1.13 0.83 0.65 0.63 0.64 1.34 0.27 2.66 0.66 0.66 0.73 1.30 1.44 0.70 0.01 0.01 0.01 0.09 0.01 0.04 0.13 0.01 0.01 0.01 0.01 0.01 0.01 0.00 0.01 0.01 0.01 0.58 0.01 0.01 0.01 0.01 0.01 0.07 1.15 0.65 0.80 0.67 2.66 0.08 1.21 0.76 0.70 0.72 0.59 1.20 1.02 0.88 0.68 2.67 0.14 2.65 1.23 0.83 0.73 0.53 0.80 1.34 1.14 1.33 0.78 2.67 0.15 2.66 1.19 1.24 0.80 0.50 0.67 0.86 0.67 1.06 1.06 2.66 0.15 2.65 0.66 1.07 1.11 0.52 0.60 0.71 0.84 0.98 1.52 2.69 0.11 2.66 0.81 0.95 1.49 1.38 1.06 0.95 0.66 0.67 0.80 1.11 0.05 2.69 0.68 0.70 0.83 1.40 1.49 0.89 0.08 0.04 0.14 0.26 0.06 2.63 0.02 0.02 0.05 0.05 0.11 0.28 0.12 0.03 0.14 0.26 0.05 2.66 0.03 0.01 0.04 0.03 0.17 0.14

I got: 1.18 0.80 0.53 0.62 2.69 0.20 1.22 0.80 0.71 0.56 0.68 1.28 1.21 0.63 0.64 2.68 0.13 2.69 1.29 0.84 0.57 0.63 0.88 1.28 1.22 1.02 0.70 2.67 0.11 2.68 1.17 1.21 0.61 0.59 0.72 0.73 0.72 1.11 1.04 2.69 0.12 2.70 0.72 1.13 0.94 0.65 0.69 0.61 0.87 0.97 1.47 2.67 0.19 2.66 0.84 0.96 1.45 1.48 1.12 0.83 0.65 0.63 0.64 1.34 0.27 2.65 0.66 0.66 0.73 1.30 1.44 0.69 0.02 0.01 0.01 0.09 0.00 0.07 0.08 0.01 0.01 0.06 0.01 0.01 0.01 0.01 0.01 0.01 0.01 0.78 0.01 0.01 0.01 0.01 0.01 0.10 1.14 0.65 0.80 0.67 2.66 0.08 1.21 0.76 0.70 0.72 0.58 1.20 1.01 0.88 0.68 2.67 0.13 2.69 1.22 0.83 0.73 0.53 0.80 1.34 1.14 1.33 0.78 2.67 0.13 2.66 1.18 1.23 0.81 0.50 0.67 0.85 0.67 1.06 1.06 2.66 0.12 2.66 0.66 1.07 1.11 0.52 0.60 0.71 0.84 0.97 1.52 2.68 0.10 2.66 0.81 0.95 1.49 1.37 1.06 0.95 0.66 0.68 0.80 1.11 0.03 2.69 0.68 0.70 0.83 1.40 1.49 0.89 0.08 0.03 0.14 0.26 0.06 2.65 0.02 0.02 0.05 0.05 0.12 0.28 0.12 0.04 0.14 0.26 0.05 2.66 0.03 0.01 0.04 0.03 0.18 0.14

I got: 1.19 0.79 0.53 0.62 2.68 0.20 1.21 0.80 0.71 0.55 0.68 1.28 1.20 0.62 0.64 2.67 0.14 2.69 1.29 0.84 0.57 0.64 0.88 1.27 1.22 1.01 0.70 2.66 0.14 2.67 1.17 1.21 0.60 0.59 0.72 0.73 0.72 1.09 1.05 2.68 0.14 2.70 0.72 1.12 0.94 0.64 0.69 0.60 0.87 0.97 1.47 2.66 0.18 2.66 0.84 0.96 1.45 1.48 1.12 0.83 0.64 0.63 0.64 1.33 0.26 2.65 0.66 0.65 0.73 1.28 1.42 0.68 0.02 0.05 0.01 0.10 0.01 0.13 0.10 0.01 0.01 0.01 0.01 0.01 0.01 0.01 0.01 0.01 0.01 0.50 0.01 0.01 0.01 0.01 0.01 0.08 1.15 0.64 0.81 0.67 2.66 0.08 1.23 0.76 0.71 0.74 0.58 1.21 1.02 0.88 0.68 2.66 0.15 2.67 1.23 0.83 0.74 0.52 0.80 1.33 1.15 1.33 0.77 2.67 0.15 2.66 1.18 1.23 0.81 0.48 0.67 0.85 0.67 1.07 1.06 2.67 0.15 2.67 0.66 1.07 1.12 0.51 0.60 0.71 0.84 0.97 1.52 2.66 0.11 2.68 0.81 0.94 1.48 1.37 1.06 0.95 0.66 0.67 0.80 1.11 0.05 2.68 0.68 0.69 0.83 1.39 1.48 0.89 0.09 0.04 0.12 0.26 0.06 2.64 0.02 0.02 0.05 0.05 0.12 0.28 0.13 0.05 0.13 0.26 0.05 2.65 0.03 0.01 0.04 0.03 0.19 0.15

I got: 1.20 0.79 0.53 0.62 2.67 0.19 1.22 0.80 0.71 0.55 0.69 1.29 1.20 0.62 0.64 2.66 0.14 2.67 1.29 0.84 0.57 0.63 0.88 1.28 1.22 1.02 0.70 2.69 0.13 2.69 1.17 1.20 0.60 0.59 0.72 0.73 0.72 1.10 1.04 2.67 0.11 2.67 0.72 1.13 0.94 0.65 0.69 0.60 0.87 0.96 1.46 2.67 0.16 2.73 0.84 0.96 1.45 1.48 1.12 0.82 0.64 0.62 0.63 1.33 0.28 2.67 0.65 0.65 0.73 1.28 1.43 0.68 0.01 0.01 0.01 0.08 0.01 0.03 0.08 0.01 0.01 0.01 0.01 0.01 0.01 0.01 0.01 0.01 0.01 0.35 0.01 0.01 0.01 0.01 0.01 0.07 1.15 0.63 0.80 0.67 2.66 0.09 1.21 0.76 0.70 0.73 0.58 1.20 1.01 0.88 0.68 2.67 0.14 2.66 1.23 0.83 0.74 0.52 0.80 1.34 1.14 1.33 0.78 2.67 0.14 2.67 1.18 1.23 0.81 0.49 0.67 0.86 0.67 1.07 1.06 2.66 0.15 2.65 0.66 1.07 1.12 0.51 0.60 0.72 0.83 0.97 1.50 2.68 0.11 2.66 0.80 0.94 1.47 1.36 1.05 0.95 0.65 0.67 0.80 1.10 0.04 2.69 0.68 0.69 0.82 1.35 1.48 0.89 0.08 0.05 0.12 0.26 0.06 2.66 0.02 0.02 0.05 0.20 0.12 0.28 0.13 0.05 0.13 0.26 0.05 2.66 0.03 0.01 0.04 0.22 0.06 0.16

I got: 1.19 0.79 0.53 0.62 2.69 0.19 1.21 0.80 0.64 0.62 0.70 1.29 1.20 0.62 0.64 2.69 0.12 2.66 1.29 0.76 0.64 0.64 0.88 1.28 1.22 1.02 0.70 2.68 0.12 2.70 1.17 1.12 0.67 0.59 0.72 0.73 0.72 1.11 1.04 2.67 0.13 2.68 0.72 1.12 0.99 0.65 0.69 0.60 0.86 0.95 1.45 2.67 0.17 2.68 0.84 0.96 1.45 1.48 1.12 0.82 0.65 0.62 0.64 1.33 0.29 2.66 0.66 0.66 0.73 1.28 1.43 0.69 0.01 0.03 0.01 0.08 0.01 0.10 0.08 0.01 0.01 0.01 0.01 0.01 0.01 0.01 0.01 0.01 0.01 0.72 0.01 0.01 0.01 0.01 0.01 0.07 1.16 0.65 0.81 0.68 2.67 0.09 1.22 0.76 0.71 0.73 0.59 1.21 1.01 0.88 0.68 2.66 0.13 2.66 1.23 0.83 0.74 0.52 0.80 1.34 1.14 1.33 0.78 2.66 0.13 2.65 1.19 1.24 0.81 0.49 0.66 0.86 0.66 1.07 1.06 2.66 0.15 2.66 0.66 1.07 1.11 0.51 0.60 0.72 0.83 0.94 1.44 2.68 0.10 2.66 0.79 0.92 1.44 1.33 1.03 0.93 0.65 0.67 0.79 1.10 0.04 2.70 0.67 0.69 0.82 1.34 1.47 0.88 0.08 0.04 0.12 0.26 0.06 2.65 0.02 0.02 0.05 0.20 0.12 0.28 0.12 0.04 0.13 0.26 0.05 2.66 0.03 0.01 0.04 0.22 0.07 0.15

I got: 1.19 0.78 0.53 0.62 2.74 0.19 1.21 0.80 0.64 0.62 0.69 1.28 1.20 0.62 0.64 2.69 0.13 2.68 1.29 0.76 0.64 0.64 0.88 1.28 1.22 1.02 0.70 2.69 0.13 2.72 1.17 1.12 0.68 0.60 0.72 0.73 0.72 1.10 1.04 2.69 0.11 2.73 0.71 1.12 0.99 0.65 0.69 0.60 0.87 0.97 1.47 2.66 0.17 2.67 0.84 0.96 1.45 1.49 1.12 0.82 0.83 0.79 0.80 1.48 0.28 2.67 0.85 0.80 0.87 1.69 1.87 0.92 0.01 0.01 0.01 0.08 0.01 0.05 0.07 0.01 0.01 0.12 0.01 0.01 0.01 0.01 0.01 0.01 0.01 0.71 0.01 0.01 0.01 0.01 0.01 0.07 1.15 0.65 0.81 0.67 2.66 0.09 1.22 0.76 0.71 0.73 0.58 1.20 1.01 0.88 0.68 2.67 0.13 2.67 1.23 0.83 0.74 0.52 0.80 1.34 1.14 1.33 0.77 2.67 0.15 2.67 1.18 1.23 0.81 0.49 0.66 0.86 0.67 1.06 1.06 2.66 0.16 2.66 0.66 1.07 1.12 0.51 0.60 0.72 0.84 0.97 1.52 2.68 0.11 2.66 0.81 0.95 1.48 1.37 1.06 0.96 0.85 0.86 1.01 1.39 0.04 2.67 0.84 0.85 1.01 1.71 1.82 1.09 0.08 0.03 0.13 0.26 0.06 2.66 0.02 0.02 0.05 0.05 0.06 0.28 0.12 0.04 0.13 0.26 0.05 2.65 0.03 0.01 0.04 0.03 0.01 0.04

I got: 1.19 0.79 0.53 0.62 2.69 0.20 1.21 0.80 0.71 0.61 0.62 1.28 1.20 0.62 0.64 2.68 0.14 2.68 1.29 0.84 0.63 0.57 0.88 1.28 1.22 1.01 0.70 2.68 0.12 2.67 1.17 1.20 0.66 0.52 0.72 0.73 0.72 1.09 1.04 2.69 0.11 2.68 0.71 1.12 0.99 0.59 0.69 0.60 0.87 0.96 1.47 2.67 0.17 2.68 0.84 0.96 1.45 1.41 1.12 0.82 0.87 0.82 0.89 1.66 0.29 2.66 0.85 0.85 0.75 1.53 1.78 0.89 0.01 0.01 51.77 0.08 0.01 0.05 0.10 0.01 0.01 0.04 0.01 0.01 0.01 0.01 0.01 0.01 0.01 0.48 0.01 0.01 0.01 0.01 0.01 0.08 1.14 0.64 0.80 0.67 2.66 0.10 1.20 0.75 0.70 0.73 0.57 1.19 1.02 0.88 0.68 2.66 0.13 2.66 1.23 0.83 0.74 0.52 0.80 1.34 1.13 1.33 0.77 2.66 0.16 2.66 1.17 1.23 0.81 0.48 0.66 0.85 0.67 1.07 1.06 2.66 0.16 2.66 0.66 1.07 1.12 0.50 0.60 0.73 0.84 0.97 1.52 2.67 0.14 2.67 0.81 0.94 1.48 1.36 1.06 0.96 0.84 0.85 1.00 1.37 0.05 2.68 0.83 0.84 1.00 1.68 1.80 1.07 0.08 0.04 0.13 0.26 0.06 2.63 0.02 0.02 0.05 0.05 0.05 0.28 0.12 0.04 0.14 0.27 0.05 2.64 0.03 0.01 0.04 0.02 0.03 0.04

I got: 1.18 0.79 0.53 0.62 2.72 0.20 1.21 0.80 0.71 0.55 0.69 1.28 1.20 0.62 0.64 2.69 0.13 2.69 1.29 0.84 0.56 0.64 0.88 1.28 1.21 1.01 0.70 2.67 0.12 2.69 1.16 1.20 0.59 0.59 0.71 0.73 0.72 1.09 1.04 2.69 0.13 2.68 0.71 1.12 0.93 0.65 0.69 0.60 0.87 0.96 1.46 2.66 0.18 2.66 0.84 0.96 1.45 1.48 1.12 0.82 0.87 0.84 0.90 1.67 0.28 2.67 0.86 0.86 0.97 1.69 1.87 0.94 0.01 0.01 0.01 0.08 0.01 0.03 0.08 0.01 0.01 0.01 0.01 0.01 0.01 0.01 0.01 0.01 0.01 0.48 0.01 0.01 0.01 0.01 0.01 0.07 1.14 0.64 0.80 0.67 2.66 0.09 1.21 0.75 0.70 0.62 0.67 1.19 1.01 0.88 0.68 2.67 0.13 2.67 1.23 0.94 0.55 0.61 0.80 1.34 1.13 1.33 0.77 2.67 0.15 2.66 1.18 1.35 0.59 0.59 0.66 0.85 0.66 1.07 1.06 2.67 0.15 2.66 0.66 1.07 0.83 0.64 0.60 0.72 0.83 0.98 1.52 2.66 0.10 2.67 0.81 0.94 1.48 1.46 1.06 0.96 0.85 0.86 1.00 1.38 0.04 2.67 0.83 0.85 1.01 1.71 1.82 1.09 0.08 0.04 0.14 0.26 0.06 2.65 0.02 0.02 0.05 0.05 0.06 0.28 0.12 0.04 0.14 0.26 0.05 2.66 0.03 0.01 0.04 0.03 0.01 0.04

I got: 1.19 0.79 0.53 0.62 2.68 0.21 1.21 0.80 0.71 0.61 0.62 1.28 1.20 0.62 0.64 2.67 0.16 2.67 1.29 0.84 0.63 0.57 0.88 1.28 1.22 1.01 0.69 2.68 0.12 2.68 1.17 1.19 0.66 0.52 0.72 0.72 0.72 1.10 1.04 2.69 0.13 2.70 0.71 1.12 0.98 0.59 0.69 0.60 0.87 0.96 1.45 2.67 0.17 2.67 0.83 0.95 1.44 1.40 1.12 0.82 0.87 0.84 0.90 1.67 0.28 2.66 0.86 0.86 0.97 1.69 1.87 0.94 0.01 0.01 0.01 0.13 0.01 0.07 0.09 0.01 0.01 0.01 0.01 0.01 0.00 0.01 0.01 0.01 0.01 0.78 0.01 0.01 0.01 0.01 0.01 0.06 1.14 0.64 0.80 0.67 2.66 0.09 1.21 0.75 0.70 0.62 0.67 1.19 1.01 0.88 0.68 2.66 0.15 2.65 1.22 0.93 0.56 0.61 0.80 1.34 1.13 1.32 0.77 2.71 0.14 2.66 1.18 1.35 0.59 0.59 0.66 0.85 0.66 1.06 1.06 2.67 0.16 2.69 0.66 1.07 0.83 0.63 0.60 0.72 0.80 0.95 1.48 2.68 0.10 2.70 0.80 0.93 1.45 1.44 1.03 0.93 0.85 0.86 1.01 1.38 0.04 2.72 0.83 0.85 1.01 1.68 1.82 1.09 0.08 0.03 0.13 0.26 0.06 2.65 0.02 0.02 0.05 0.19 0.27 0.28 0.12 0.04 0.14 0.26 0.05 2.65 0.03 0.01 0.04 0.20 0.21 0.04

