I got: 1.95 0.89 0.48 0.52 2.68 0.20 1.15 0.71 0.63 0.60 0.73 1.99 1.49 0.70 0.62 2.68 0.14 2.68 1.13 0.65 0.46 0.43 0.90 2.34 1.89 1.16 0.74 2.69 0.13 2.68 1.21 1.12 0.54 0.38 0.60 1.31 1.13 0.95 1.08 2.68 0.12 2.69 0.67 1.13 0.90 0.46 0.53 0.92 1.39 0.76 1.27 2.66 0.16 2.66 0.74 0.88 1.44 1.25 0.87 1.13 1.53 0.71 0.69 1.56 0.30 2.66 0.79 0.80 0.96 1.79 1.68 1.30 0.15 0.01 0.01 0.08 0.01 0.02 0.10 0.01 0.01 0.01 0.01 0.01 0.01 0.01 0.01 0.01 0.01 1.00 0.01 0.01 0.01 0.01 0.01 0.14 1.96 0.75 0.75 0.59 2.66 0.10 1.17 0.69 0.64 0.62 0.79 1.92 1.28 0.95 0.66 2.67 0.14 2.65 1.08 0.64 0.47 0.47 0.80 2.34 1.76 1.40 0.77 2.66 0.14 2.67 1.17 1.11 0.54 0.43 0.52 1.37 1.10 0.87 1.07 2.66 0.15 2.67 0.60 1.06 0.87 0.51 0.43 0.97 1.39 0.75 1.31 2.66 0.10 2.67 0.70 0.87 1.47 1.31 0.80 1.23 1.56 0.69 0.80 1.28 0.04 2.67 0.76 0.79 0.99 1.80 1.61 1.42 0.13 0.05 0.13 0.26 0.07 2.65 0.03 0.01 0.04 0.05 0.09 0.30 0.24 0.03 0.14 0.26 0.06 2.66 0.03 0.01 0.04 0.03 0.02 0.05

I got: 1.94 0.88 0.47 0.52 2.68 0.19 1.14 0.71 0.63 0.60 0.73 1.98 1.49 0.70 0.62 2.68 0.14 2.67 1.13 0.65 0.46 0.43 0.90 2.34 1.89 1.15 0.73 2.68 0.13 2.69 1.21 1.12 0.54 0.38 0.60 1.30 1.13 0.94 1.08 2.68 0.11 2.68 0.67 1.13 0.89 0.46 0.53 0.91 1.39 0.76 1.26 2.67 0.15 2.68 0.73 0.88 1.44 1.25 0.87 1.13 1.53 0.70 0.69 1.56 0.29 2.67 0.79 0.80 0.96 1.79 1.68 1.29 0.08 0.01 0.02 0.09 0.00 0.03 0.10 0.01 0.01 0.01 0.01 0.01 0.01 0.01 0.01 0.01 0.01 0.48 0.01 0.01 0.01 0.01 0.01 0.08 1.95 0.75 0.75 0.58 2.65 0.09 1.17 0.69 0.63 0.62 0.79 1.91 1.28 0.95 0.66 2.66 0.15 2.66 1.08 0.64 0.47 0.47 0.81 2.34 1.76 1.40 0.77 2.67 0.14 2.66 1.17 1.11 0.55 0.44 0.52 1.36 1.10 0.88 1.07 2.65 0.15 2.65 0.61 1.06 0.87 0.51 0.43 0.97 1.39 0.75 1.31 2.67 0.11 2.66 0.71 0.87 1.47 1.31 0.80 1.24 1.56 0.69 0.80 1.28 0.07 2.68 0.76 0.79 0.99 1.80 1.61 1.41 0.13 0.05 0.12 0.26 0.07 2.66 0.03 0.02 0.05 0.05 0.08 0.31 0.24 0.03 0.13 0.27 0.06 2.65 0.03 0.01 0.04 0.03 0.02 0.04

I got: 1.93 0.88 0.47 0.52 2.67 0.17 1.14 0.70 0.62 0.59 0.73 1.97 1.49 0.70 0.62 2.67 0.14 2.72 1.13 0.65 0.46 0.43 0.90 2.34 1.88 1.17 0.73 2.66 0.13 2.72 1.22 1.13 0.54 0.38 0.60 1.30 1.13 0.94 1.08 2.66 0.11 2.72 0.67 1.13 0.90 0.46 0.53 0.92 1.39 0.76 1.27 2.69 0.17 2.67 0.74 0.88 1.44 1.25 0.87 1.13 1.53 0.70 0.69 1.56 0.30 2.66 0.79 0.80 0.96 1.79 1.68 1.30 0.07 0.02 0.04 0.08 0.01 0.01 0.07 0.01 0.01 0.01 0.01 0.01 0.00 0.01 0.01 0.01 0.01 0.01 0.01 0.01 0.01 0.01 0.01 0.06 1.94 0.74 0.74 0.58 2.66 0.08 1.16 0.68 0.63 0.61 0.79 1.90 1.28 0.95 0.66 2.67 0.13 2.66 1.08 0.64 0.47 0.47 0.81 2.35 1.76 1.40 0.78 2.67 0.14 2.66 1.17 1.10 0.55 0.44 0.52 1.36 1.10 0.87 1.07 2.66 0.14 2.67 0.61 1.05 0.87 0.51 0.43 0.97 1.40 0.75 1.32 2.68 0.12 2.66 0.71 0.87 1.47 1.31 0.81 1.24 1.56 0.69 0.81 1.28 0.05 2.69 0.76 0.79 0.99 1.80 1.61 1.41 0.13 0.05 0.14 0.26 0.07 2.64 0.03 0.01 0.04 0.05 0.08 0.31 0.23 0.02 0.14 0.26 0.06 2.65 0.03 0.01 0.04 0.03 0.02 0.04

I got: 1.93 0.89 0.47 0.51 2.68 0.18 1.14 0.71 0.62 0.59 0.73 1.97 1.49 0.70 0.62 2.68 0.14 2.68 1.13 0.65 0.46 0.43 0.90 2.34 1.88 1.16 0.73 2.68 0.12 2.68 1.21 1.12 0.54 0.38 0.60 1.31 1.13 0.95 1.08 2.69 0.10 2.69 0.67 1.13 0.90 0.46 0.52 0.92 1.39 0.76 1.26 2.67 0.16 2.67 0.74 0.89 1.44 1.25 0.87 1.13 1.53 0.70 0.69 1.56 0.30 2.66 0.79 0.80 0.96 1.79 1.67 1.30 0.09 0.01 0.03 0.07 0.01 0.02 0.08 0.01 0.01 0.01 0.01 0.01 0.01 0.01 0.01 0.01 0.01 1.00 0.01 0.01 0.01 0.01 0.01 0.07 1.94 0.75 0.74 0.58 2.66 0.10 1.16 0.68 0.63 0.61 0.78 1.89 1.29 0.95 0.66 2.66 0.13 2.66 1.08 0.64 0.47 0.47 0.81 2.35 1.75 1.40 0.77 2.67 0.15 2.67 1.17 1.11 0.55 0.44 0.52 1.36 1.10 0.87 1.07 2.65 0.15 2.65 0.60 1.06 0.87 0.51 0.43 0.98 1.40 0.74 1.32 2.67 0.10 2.66 0.71 0.87 1.47 1.31 0.81 1.24 1.55 0.69 0.80 1.28 0.05 2.67 0.76 0.79 0.99 1.79 1.61 1.41 0.13 0.04 0.13 0.26 0.07 2.63 0.02 0.01 0.05 0.05 0.08 0.31 0.23 0.02 0.14 0.26 0.06 2.70 0.03 0.01 0.04 0.03 0.02 0.05

I got: 1.92 0.88 0.47 0.51 2.69 0.18 1.14 0.70 0.62 0.59 0.72 1.96 1.49 0.70 0.62 2.67 0.12 2.69 1.13 0.65 0.46 0.43 0.90 2.34 1.89 1.16 0.74 2.69 0.14 2.68 1.21 1.13 0.54 0.38 0.60 1.31 1.13 0.94 1.08 2.69 0.12 2.69 0.67 1.12 0.89 0.46 0.52 0.91 1.39 0.76 1.26 2.66 0.16 2.66 0.74 0.88 1.44 1.25 0.87 1.13 1.53 0.70 0.69 1.56 0.30 2.66 0.79 0.80 0.96 1.79 1.67 1.30 0.09 0.01 0.01 0.08 0.01 0.02 0.09 0.01 0.01 0.01 0.01 0.01 0.01 0.01 0.01 0.01 0.01 0.66 0.01 0.01 0.01 0.01 0.01 0.08 1.93 0.74 0.74 0.58 2.65 0.10 1.15 0.68 0.63 0.61 0.78 1.89 1.28 0.95 0.66 2.66 0.13 2.65 1.08 0.64 0.47 0.47 0.81 2.35 1.76 1.40 0.77 2.67 0.13 2.67 1.17 1.11 0.54 0.44 0.52 1.37 1.10 0.87 1.07 2.66 0.16 2.67 0.60 1.06 0.87 0.51 0.43 0.98 1.39 0.74 1.32 2.66 0.13 2.67 0.71 0.87 1.47 1.31 0.80 1.24 1.55 0.69 0.81 1.28 0.04 2.66 0.76 0.79 0.99 1.80 1.62 1.41 0.12 0.04 0.15 0.26 0.07 2.66 0.02 0.01 0.04 0.05 0.08 0.30 0.23 0.02 0.16 0.26 0.06 2.65 0.03 0.01 0.04 0.03 0.03 0.04

I got: 1.92 0.88 0.47 0.51 2.69 0.20 1.13 0.70 0.62 0.59 0.72 1.96 1.50 0.70 0.62 2.69 0.14 2.68 1.13 0.65 0.46 0.43 0.90 2.34 1.88 1.16 0.73 2.69 0.14 2.69 1.22 1.13 0.54 0.38 0.60 1.32 1.13 0.95 1.07 2.68 0.13 2.69 0.67 1.13 0.90 0.46 0.52 0.92 1.39 0.77 1.26 2.67 0.16 2.68 0.73 0.89 1.44 1.25 0.87 1.13 1.53 0.71 0.67 1.56 0.28 2.66 0.79 0.80 0.96 1.79 1.67 1.30 0.08 0.06 0.05 0.07 0.01 0.03 0.07 0.01 0.01 0.01 0.01 0.01 0.01 0.01 0.01 0.01 0.01 0.45 0.01 0.01 0.01 0.01 0.01 0.08 1.94 0.72 0.74 0.58 2.66 0.08 1.15 0.68 0.63 0.61 0.78 1.88 1.27 0.95 0.66 2.66 0.15 2.67 1.08 0.64 0.47 0.48 0.81 2.34 1.78 1.42 0.78 2.66 0.14 2.66 1.19 1.12 0.56 0.44 0.53 1.39 1.09 0.86 1.07 2.66 0.16 2.71 0.60 1.06 0.87 0.51 0.43 0.98 1.39 0.74 1.32 2.67 0.13 2.71 0.71 0.87 1.47 1.31 0.81 1.24 1.55 0.68 0.81 1.28 0.03 2.69 0.76 0.79 0.99 1.80 1.62 1.41 0.12 0.04 0.15 0.27 0.07 2.64 0.03 0.01 0.05 0.05 0.08 0.31 0.22 0.02 0.16 0.26 0.06 2.65 0.03 0.01 0.04 0.03 0.03 0.05

I got: 1.91 0.88 0.47 0.51 2.66 0.18 1.14 0.70 0.62 0.59 0.73 1.96 1.50 0.70 0.62 2.66 0.14 2.69 1.14 0.65 0.46 0.43 0.89 2.34 1.89 1.16 0.74 2.69 0.14 2.66 1.21 1.13 0.54 0.38 0.60 1.31 1.13 0.95 1.08 2.68 0.12 2.69 0.67 1.13 0.89 0.46 0.52 0.91 1.39 0.77 1.26 2.66 0.17 2.66 0.74 0.89 1.44 1.25 0.87 1.14 1.53 0.71 0.67 1.56 0.29 2.66 0.79 0.80 0.96 1.79 1.67 1.30 0.11 0.08 0.01 0.08 0.01 0.02 0.09 0.01 0.01 0.01 0.01 0.01 0.01 0.01 0.01 0.01 0.01 0.01 0.01 0.01 0.01 0.01 0.01 0.07 1.94 0.72 0.74 0.58 2.66 0.10 1.15 0.68 0.63 0.61 0.78 1.88 1.27 0.95 0.66 2.67 0.15 2.65 1.08 0.64 0.47 0.47 0.81 2.35 1.78 1.42 0.78 2.66 0.13 2.66 1.18 1.12 0.55 0.44 0.53 1.38 1.09 0.86 1.07 2.66 0.14 2.67 0.61 1.05 0.87 0.51 0.43 0.97 1.39 0.74 1.33 2.69 0.09 2.66 0.71 0.87 1.47 1.31 0.81 1.24 1.55 0.68 0.81 1.28 0.05 2.68 0.77 0.79 0.99 1.79 1.62 1.41 0.12 0.05 0.16 0.26 0.07 2.65 0.02 0.01 0.05 0.05 0.08 0.31 0.23 0.03 0.17 0.27 0.06 2.65 0.03 0.01 0.04 0.03 0.02 0.04

I got: 1.91 0.89 0.47 0.51 2.67 0.20 1.13 0.70 0.62 0.59 0.72 1.96 1.50 0.70 0.62 2.68 0.13 2.67 1.13 0.65 0.46 0.43 0.90 2.34 1.90 1.16 0.74 2.67 0.15 2.68 1.22 1.13 0.54 0.38 0.60 1.31 1.12 0.94 1.07 2.68 0.14 2.69 0.67 1.13 0.89 0.46 0.52 0.91 1.38 0.77 1.25 2.66 0.17 2.67 0.74 0.88 1.44 1.25 0.87 1.14 1.53 0.71 0.68 1.56 0.28 2.66 0.79 0.80 0.96 1.79 1.68 1.30 0.11 0.09 0.05 0.13 0.01 0.05 0.08 0.01 0.00 0.01 0.01 0.01 0.01 0.01 0.01 0.01 0.01 0.79 0.01 0.01 0.01 0.01 0.01 0.06 1.93 0.72 0.74 0.57 2.71 0.10 1.15 0.67 0.62 0.61 0.78 1.88 1.27 0.95 0.66 2.70 0.15 2.67 1.08 0.64 0.47 0.47 0.81 2.35 1.79 1.43 0.79 2.68 0.14 2.69 1.18 1.12 0.55 0.44 0.53 1.38 1.09 0.86 1.07 2.66 0.17 2.65 0.60 1.06 0.87 0.51 0.43 0.97 1.39 0.74 1.33 2.68 0.11 2.66 0.71 0.87 1.47 1.31 0.81 1.24 1.55 0.68 0.82 1.28 0.04 2.68 0.76 0.79 0.99 1.80 1.62 1.41 0.12 0.06 0.16 0.26 0.07 2.65 0.02 0.01 0.05 0.05 0.08 0.32 0.22 0.04 0.17 0.26 0.06 2.64 0.03 0.01 0.04 0.03 0.03 0.04

I got: 1.90 0.89 0.47 0.51 2.69 0.19 1.13 0.70 0.62 0.59 0.72 1.95 1.50 0.70 0.62 2.69 0.13 2.68 1.13 0.65 0.46 0.42 0.90 2.34 1.91 1.16 0.74 2.68 0.14 2.68 1.22 1.12 0.54 0.38 0.60 1.32 1.13 0.95 1.07 2.70 0.14 2.68 0.67 1.12 0.89 0.45 0.53 0.92 1.38 0.78 1.24 2.67 0.16 2.67 0.74 0.88 1.44 1.25 0.87 1.14 1.53 0.71 0.67 1.56 0.28 2.66 0.79 0.80 0.96 1.79 1.67 1.30 0.12 0.02 0.01 0.08 0.01 0.03 0.13 0.01 0.01 0.01 0.01 0.01 0.01 0.01 0.01 0.01 0.01 0.53 0.01 0.01 0.01 0.01 0.01 0.10 1.94 0.72 0.74 0.57 2.66 0.08 1.14 0.67 0.63 0.61 0.78 1.88 1.27 0.95 0.66 2.66 0.14 2.66 1.08 0.64 0.47 0.47 0.81 2.34 1.78 1.42 0.79 2.66 0.13 2.66 1.19 1.12 0.56 0.44 0.53 1.38 1.09 0.85 1.07 2.66 0.15 2.66 0.61 1.06 0.87 0.51 0.43 0.98 1.39 0.74 1.33 2.66 0.12 2.67 0.71 0.87 1.47 1.32 0.81 1.24 1.55 0.68 0.82 1.28 0.05 2.67 0.76 0.79 0.99 1.79 1.62 1.42 0.12 0.05 0.16 0.27 0.07 2.65 0.02 0.02 0.04 0.05 0.08 0.31 0.22 0.03 0.16 0.26 0.06 2.65 0.03 0.01 0.04 0.03 0.02 0.05

I got: 1.90 0.88 0.47 0.51 2.69 0.17 1.13 0.70 0.62 0.59 0.72 1.95 1.50 0.70 0.62 2.69 0.12 2.69 1.13 0.65 0.46 0.42 0.89 2.35 1.89 1.16 0.73 2.67 0.14 2.67 1.21 1.13 0.54 0.38 0.60 1.32 1.12 0.95 1.07 2.69 0.12 2.69 0.67 1.12 0.89 0.46 0.52 0.92 1.39 0.78 1.25 2.67 0.18 2.66 0.74 0.88 1.44 1.25 0.87 1.14 1.53 0.71 0.67 1.57 0.30 2.70 0.79 0.80 0.96 1.79 1.67 1.30 0.08 0.11 0.03 0.07 0.00 0.02 0.08 0.01 0.01 0.01 0.01 0.01 0.01 0.01 0.01 0.01 0.01 0.60 0.01 0.01 0.01 0.01 0.01 0.09 1.93 0.71 0.74 0.57 2.66 0.09 1.14 0.67 0.62 0.61 0.78 1.88 1.26 0.95 0.66 2.66 0.15 2.67 1.08 0.64 0.47 0.48 0.82 2.35 1.77 1.42 0.78 2.67 0.12 2.66 1.19 1.12 0.55 0.44 0.53 1.39 1.09 0.86 1.07 2.66 0.15 2.65 0.61 1.05 0.87 0.51 0.43 0.98 1.39 0.74 1.33 2.66 0.10 2.67 0.71 0.88 1.47 1.31 0.81 1.24 1.55 0.68 0.82 1.28 0.05 2.66 0.76 0.79 0.99 1.79 1.62 1.41 0.12 0.05 0.16 0.26 0.07 2.64 0.02 0.02 0.05 0.05 0.08 0.32 0.22 0.02 0.17 0.27 0.06 2.63 0.03 0.01 0.04 0.03 0.03 0.04

I got: 1.90 0.89 0.47 0.51 2.70 0.18 1.13 0.70 0.62 0.59 0.72 1.95 1.50 0.70 0.62 2.67 0.14 2.68 1.13 0.65 0.46 0.43 0.89 2.34 1.88 1.14 0.73 2.66 0.12 2.68 1.21 1.13 0.54 0.38 0.60 1.31 1.12 0.95 1.07 2.68 0.12 2.68 0.67 1.12 0.89 0.45 0.52 0.91 1.39 0.77 1.25 2.66 0.16 2.66 0.74 0.89 1.44 1.25 0.87 1.14 1.53 0.70 0.68 1.56 0.31 2.66 0.79 0.80 0.96 1.79 1.67 1.30 0.10 0.08 0.01 0.08 0.01 0.03 0.09 0.01 0.01 0.01 0.01 0.01 0.01 0.01 0.01 0.01 0.01 0.90 0.01 0.01 0.01 0.01 0.01 0.08 1.93 0.70 0.74 0.57 2.66 0.09 1.14 0.67 0.62 0.60 0.78 1.87 1.25 0.95 0.66 2.67 0.16 2.66 1.08 0.65 0.47 0.47 0.81 2.35 1.79 1.44 0.79 2.67 0.14 2.65 1.19 1.12 0.56 0.45 0.54 1.39 1.08 0.85 1.07 2.66 0.16 2.66 0.61 1.06 0.87 0.51 0.44 0.98 1.39 0.73 1.33 2.68 0.12 2.66 0.71 0.88 1.47 1.32 0.81 1.25 1.55 0.68 0.82 1.27 0.05 2.67 0.76 0.79 0.99 1.79 1.62 1.41 0.12 0.05 0.16 0.27 0.07 2.66 0.03 0.01 0.05 0.05 0.08 0.31 0.21 0.02 0.17 0.26 0.06 2.64 0.03 0.01 0.04 0.03 0.02 0.05

I got: 1.90 0.89 0.47 0.51 2.68 0.18 1.13 0.70 0.62 0.59 0.72 1.95 1.50 0.70 0.62 2.71 0.15 2.67 1.13 0.65 0.46 0.43 0.89 2.35 1.89 1.16 0.74 2.71 0.14 2.68 1.21 1.12 0.54 0.38 0.60 1.32 1.13 0.94 1.07 2.71 0.12 2.67 0.67 1.12 0.89 0.45 0.52 0.91 1.39 0.78 1.25 2.67 0.16 2.70 0.74 0.89 1.44 1.25 0.87 1.14 1.53 0.72 0.68 1.56 0.29 2.67 0.79 0.80 0.96 1.79 1.67 1.30 0.12 0.01 0.01 0.09 0.01 0.03 0.14 0.01 0.01 0.01 0.01 0.01 0.00 0.01 0.01 0.01 0.01 0.73 0.01 0.01 0.01 0.01 0.01 0.07 1.93 0.71 0.74 0.57 2.66 0.09 1.14 0.67 0.62 0.61 0.78 1.87 1.26 0.95 0.66 2.67 0.14 2.67 1.08 0.65 0.47 0.47 0.82 2.35 1.78 1.43 0.78 2.66 0.15 2.66 1.19 1.12 0.55 0.44 0.53 1.39 1.08 0.86 1.07 2.66 0.17 2.66 0.61 1.05 0.87 0.51 0.44 0.98 1.39 0.74 1.33 2.67 0.10 2.67 0.71 0.87 1.48 1.32 0.81 1.24 1.54 0.68 0.82 1.27 0.04 2.68 0.76 0.79 0.99 1.79 1.62 1.41 0.11 0.05 0.16 0.26 0.07 2.64 0.02 0.02 0.05 0.05 0.08 0.32 0.22 0.03 0.17 0.27 0.06 2.64 0.03 0.01 0.04 0.03 0.02 0.04

I got: 1.90 0.88 0.47 0.51 2.68 0.18 1.13 0.70 0.62 0.59 0.72 1.95 1.50 0.70 0.62 2.68 0.15 2.68 1.13 0.65 0.46 0.42 0.90 2.35 1.86 1.15 0.73 2.68 0.15 2.67 1.21 1.12 0.54 0.38 0.60 1.31 1.12 0.94 1.07 2.70 0.11 2.69 0.67 1.12 0.89 0.45 0.52 0.91 1.39 0.77 1.25 2.66 0.17 2.68 0.74 0.89 1.44 1.25 0.87 1.14 1.53 0.71 0.68 1.56 0.30 2.66 0.79 0.79 0.96 1.79 1.67 1.30 0.08 0.10 0.02 0.07 0.01 0.05 0.08 0.01 0.01 0.01 0.01 0.01 0.01 0.01 0.01 0.01 0.01 0.48 0.01 0.01 0.01 0.01 0.01 0.11 1.92 0.71 0.74 0.57 2.67 0.10 1.14 0.67 0.62 0.60 0.78 1.87 1.27 0.95 0.66 2.66 0.14 2.65 1.08 0.65 0.47 0.47 0.81 2.35 1.77 1.42 0.78 2.67 0.15 2.67 1.18 1.12 0.55 0.44 0.53 1.39 1.08 0.86 1.07 2.65 0.16 2.65 0.61 1.05 0.87 0.51 0.43 0.97 1.39 0.74 1.33 2.66 0.12 2.67 0.71 0.87 1.47 1.32 0.81 1.24 1.54 0.68 0.82 1.27 0.05 2.66 0.76 0.79 0.99 1.79 1.62 1.42 0.11 0.05 0.15 0.27 0.07 2.69 0.02 0.02 0.05 0.05 0.08 0.32 0.22 0.02 0.16 0.27 0.06 2.65 0.03 0.01 0.04 0.03 0.02 0.04

