I got: 1.41 1.51 2.68 0.12 2.67 0.25 0.22 0.21 0.20 0.24 0.27 0.87 1.61 1.75 0.03 2.66 0.38 0.30 0.26 0.22 0.23 0.18 0.35 0.88 0.16 0.09 0.03 2.65 0.04 0.02 0.03 0.15 0.13 0.09 0.06 0.13 0.06 0.12 0.07 2.66 0.04 0.03 0.03 0.15 0.13 0.10 0.05 0.14 0.29 0.55 1.33 2.65 0.23 1.30 0.64 0.42 0.33 0.22 0.26 0.16 0.22 0.35 0.68 1.45 0.30 2.66 1.32 0.65 0.43 0.27 0.30 0.16 0.06 0.01 0.01 0.07 0.01 0.64 0.01 0.01 0.01 0.01 0.01 0.01 0.01 0.00 0.01 0.01 0.01 0.71 0.01 0.06 0.01 0.02 0.01 0.01 0.18 0.14 0.26 0.36 0.38 2.65 0.10 1.79 1.73 1.10 0.67 0.27 0.25 0.17 0.26 0.35 0.35 2.65 0.14 2.66 2.13 2.25 1.72 0.55 0.34 0.15 0.22 0.29 0.26 2.65 0.14 2.66 1.13 2.07 1.99 1.02 0.95 0.27 0.25 0.28 0.23 2.66 0.18 2.65 0.58 1.23 1.79 1.66 0.60 0.27 0.24 0.16 2.66 0.10 2.65 0.26 0.41 0.88 1.36 1.42 0.86 0.42 0.25 2.66 0.13 2.65 0.23 0.32 0.53 1.25 2.02 1.60 1.16 0.88 0.37 2.66 0.14 2.66 0.17 0.21 0.29 0.47 1.09 1.35 1.20 1.37 0.89 2.67 0.11 2.66 0.18 0.18 0.21 0.24 0.40 0.71

I got: 1.40 1.50 2.67 0.13 2.68 0.25 0.22 0.21 0.20 0.24 0.27 0.87 1.61 1.75 0.05 2.65 0.38 0.30 0.26 0.22 0.23 0.18 0.35 0.89 0.16 0.09 0.03 2.63 0.04 0.02 0.03 0.15 0.13 0.09 0.06 0.13 0.06 0.12 0.06 2.64 0.04 0.03 0.03 0.15 0.13 0.10 0.05 0.14 0.29 0.55 1.32 2.66 0.24 1.29 0.64 0.42 0.34 0.22 0.26 0.15 0.22 0.35 0.69 1.45 0.30 2.66 1.32 0.64 0.43 0.27 0.29 0.16 0.06 0.08 0.01 0.07 0.01 0.81 0.01 0.01 0.01 0.01 0.01 0.01 0.01 0.01 0.01 0.01 0.01 0.77 0.01 0.07 0.01 0.01 0.01 0.01 0.17 0.14 0.26 0.36 0.38 2.66 0.10 1.79 1.73 1.10 0.67 0.27 0.25 0.17 0.26 0.35 0.35 2.65 0.13 2.65 2.13 2.25 1.72 0.55 0.34 0.15 0.22 0.29 0.26 2.65 0.15 2.65 1.13 2.07 1.98 1.02 0.95 0.27 0.25 0.28 0.24 2.66 0.17 2.66 0.58 1.23 1.79 1.66 0.60 0.26 0.23 0.16 2.65 0.12 2.67 0.26 0.42 0.88 1.36 1.42 0.86 0.42 0.24 2.66 0.13 2.66 0.23 0.33 0.53 1.25 2.02 1.60 1.16 0.88 0.37 2.65 0.13 2.66 0.17 0.21 0.29 0.46 1.09 1.34 1.20 1.38 0.89 2.66 0.11 2.67 0.17 0.18 0.21 0.24 0.40 0.71

I got: 1.41 1.51 2.67 0.11 2.67 0.25 0.21 0.21 0.20 0.24 0.27 0.87 1.58 1.75 0.03 2.67 0.38 0.30 0.26 0.22 0.23 0.18 0.35 0.88 0.16 0.09 0.03 2.65 0.04 0.03 0.03 0.15 0.14 0.10 0.06 0.13 0.06 0.12 0.07 2.65 0.04 0.03 0.03 0.16 0.13 0.10 0.05 0.15 0.29 0.55 1.32 2.66 0.22 1.29 0.64 0.42 0.34 0.22 0.26 0.16 0.22 0.34 0.67 1.45 0.31 2.65 1.32 0.64 0.43 0.27 0.30 0.16 0.06 0.04 0.01 0.07 0.01 0.51 0.01 0.01 0.01 0.01 0.01 0.01 0.00 0.01 0.01 0.01 0.01 0.47 0.01 0.08 0.01 0.02 0.01 0.01 0.17 0.14 0.26 0.36 0.38 2.65 0.10 1.79 1.72 1.10 0.67 0.27 0.25 0.16 0.26 0.35 0.35 2.66 0.13 2.66 2.13 2.25 1.72 0.55 0.34 0.15 0.22 0.29 0.26 2.65 0.15 2.66 1.13 2.07 1.98 1.02 0.95 0.27 0.25 0.28 0.23 2.66 0.18 2.65 0.58 1.23 1.79 1.66 0.60 0.27 0.23 0.16 2.66 0.11 2.66 0.26 0.41 0.88 1.36 1.42 0.86 0.42 0.24 2.66 0.12 2.66 0.23 0.32 0.53 1.25 2.02 1.60 1.16 0.88 0.37 2.65 0.13 2.70 0.17 0.20 0.29 0.46 1.09 1.35 1.20 1.38 0.89 2.66 0.11 2.70 0.18 0.18 0.21 0.24 0.40 0.71

I got: 1.41 1.51 2.66 0.12 2.67 0.25 0.21 0.21 0.20 0.24 0.27 0.87 1.61 1.75 0.04 2.68 0.38 0.30 0.26 0.22 0.23 0.18 0.35 0.88 0.16 0.09 0.03 2.65 0.04 0.03 0.03 0.15 0.13 0.09 0.06 0.13 0.06 0.12 0.07 2.63 0.04 0.03 0.03 0.16 0.13 0.10 0.05 0.15 0.29 0.57 1.33 2.66 0.22 1.29 0.64 0.42 0.34 0.22 0.26 0.16 0.22 0.34 0.68 1.45 0.30 2.65 1.32 0.65 0.43 0.27 0.30 0.16 0.01 0.01 0.01 0.07 0.01 0.18 0.01 0.01 0.01 0.01 0.01 0.01 0.01 0.01 0.01 0.01 0.01 0.42 0.01 0.07 0.01 0.03 0.01 0.01 0.18 0.14 0.26 0.36 0.38 2.66 0.09 1.79 1.72 1.09 0.67 0.27 0.25 0.16 0.26 0.35 0.35 2.67 0.13 2.66 2.13 2.25 1.72 0.55 0.34 0.15 0.22 0.29 0.25 2.65 0.16 2.66 1.13 2.06 1.99 1.02 0.95 0.27 0.24 0.28 0.24 2.66 0.19 2.65 0.58 1.23 1.79 1.66 0.60 0.27 0.23 0.16 2.67 0.10 2.67 0.26 0.41 0.88 1.36 1.42 0.86 0.42 0.24 2.65 0.15 2.66 0.23 0.33 0.53 1.25 2.02 1.60 1.16 0.88 0.37 2.66 0.14 2.66 0.17 0.20 0.29 0.46 1.09 1.34 1.20 1.37 0.89 2.65 0.10 2.66 0.18 0.18 0.21 0.24 0.40 0.71

I got: 1.41 1.51 2.66 0.13 2.67 0.25 0.22 0.21 0.20 0.24 0.27 0.87 1.60 1.75 0.03 2.66 0.38 0.30 0.26 0.22 0.23 0.18 0.35 0.88 0.16 0.09 0.03 2.64 0.04 0.02 0.03 0.15 0.13 0.09 0.06 0.13 0.06 0.12 0.06 2.65 0.04 0.03 0.03 0.15 0.13 0.10 0.05 0.14 0.29 0.54 1.32 2.66 0.22 1.29 0.64 0.42 0.34 0.22 0.26 0.16 0.22 0.35 0.67 1.45 0.29 2.67 1.32 0.65 0.43 0.27 0.30 0.17 0.07 0.03 0.01 0.07 0.01 0.84 0.01 0.01 0.01 0.01 0.01 0.01 0.01 0.01 0.01 0.01 0.01 0.83 0.01 0.09 0.01 0.02 0.01 0.01 0.18 0.13 0.26 0.36 0.38 2.66 0.11 1.78 1.72 1.10 0.67 0.27 0.25 0.17 0.26 0.35 0.35 2.66 0.13 2.65 2.13 2.26 1.72 0.55 0.34 0.15 0.22 0.29 0.26 2.67 0.13 2.65 1.13 2.06 1.98 1.02 0.95 0.27 0.25 0.28 0.24 2.66 0.16 2.66 0.58 1.23 1.79 1.66 0.60 0.27 0.23 0.16 2.73 0.11 2.66 0.26 0.41 0.88 1.36 1.42 0.86 0.42 0.24 2.67 0.14 2.68 0.23 0.32 0.53 1.25 2.02 1.60 1.16 0.88 0.37 2.66 0.13 2.66 0.17 0.21 0.29 0.46 1.10 1.34 1.20 1.38 0.89 2.67 0.10 2.66 0.18 0.18 0.21 0.24 0.40 0.71

I got: 1.41 1.51 2.66 0.13 2.69 0.25 0.22 0.21 0.20 0.24 0.27 0.87 1.62 1.75 0.06 2.68 0.38 0.30 0.26 0.22 0.23 0.18 0.35 0.88 0.16 0.09 0.03 2.66 0.04 0.02 0.03 0.15 0.13 0.09 0.06 0.13 0.06 0.12 0.07 2.65 0.04 0.03 0.03 0.16 0.13 0.10 0.05 0.14 0.29 0.55 1.32 2.66 0.24 1.29 0.64 0.42 0.34 0.22 0.26 0.16 0.22 0.35 0.68 1.45 0.30 2.66 1.32 0.64 0.43 0.27 0.30 0.16 0.01 0.01 0.01 0.06 0.01 0.67 0.01 0.01 0.01 0.01 0.01 0.01 0.01 0.01 0.01 0.01 0.01 0.63 0.01 0.07 0.01 0.02 0.01 0.01 0.18 0.14 0.26 0.36 0.38 2.66 0.11 1.78 1.72 1.09 0.67 0.27 0.25 0.17 0.27 0.35 0.35 2.67 0.12 2.66 2.13 2.25 1.72 0.55 0.34 0.15 0.22 0.29 0.25 2.66 0.14 2.66 1.13 2.07 1.98 1.02 0.95 0.27 0.24 0.28 0.24 2.65 0.18 2.66 0.58 1.23 1.79 1.66 0.60 0.27 0.23 0.16 2.66 0.11 2.66 0.26 0.41 0.88 1.36 1.42 0.86 0.42 0.24 2.65 0.15 2.66 0.23 0.33 0.53 1.25 2.02 1.60 1.16 0.88 0.37 2.66 0.14 2.66 0.17 0.20 0.29 0.46 1.09 1.35 1.20 1.39 0.89 2.65 0.11 2.66 0.18 0.18 0.21 0.24 0.40 0.71

I got: 1.41 1.51 2.67 0.12 2.67 0.25 0.22 0.21 0.20 0.24 0.27 0.87 1.61 1.75 0.04 2.67 0.38 0.30 0.26 0.22 0.23 0.18 0.35 0.88 0.16 0.09 0.03 2.64 0.04 0.02 0.02 0.15 0.14 0.09 0.06 0.13 0.06 0.12 0.07 2.63 0.04 0.03 0.03 0.16 0.14 0.10 0.05 0.14 0.29 0.55 1.32 2.65 0.23 1.29 0.64 0.42 0.34 0.22 0.26 0.16 0.22 0.35 0.68 1.45 0.31 2.68 1.32 0.64 0.43 0.27 0.30 0.16 0.05 0.07 0.01 0.07 0.01 0.47 0.01 0.01 0.01 0.01 0.01 0.01 0.01 0.01 0.01 0.01 0.01 0.42 0.01 0.10 0.01 0.02 0.01 0.01 0.17 0.13 0.26 0.36 0.38 2.66 0.10 1.78 1.72 1.09 0.67 0.27 0.25 0.16 0.26 0.35 0.35 2.65 0.13 2.70 2.13 2.25 1.72 0.54 0.34 0.15 0.22 0.29 0.26 2.66 0.15 2.65 1.12 2.07 1.98 1.02 0.95 0.27 0.25 0.28 0.24 2.69 0.17 2.66 0.58 1.23 1.79 1.66 0.60 0.27 0.24 0.16 2.67 0.11 2.66 0.26 0.41 0.88 1.36 1.42 0.86 0.42 0.24 2.66 0.14 2.66 0.23 0.32 0.53 1.25 2.02 1.60 1.16 0.88 0.37 2.67 0.14 2.66 0.17 0.21 0.29 0.46 1.09 1.35 1.20 1.37 0.89 2.67 0.12 2.66 0.18 0.18 0.21 0.24 0.40 0.71

I got: 1.41 1.51 2.68 0.14 2.67 0.25 0.22 0.21 0.20 0.24 0.27 0.87 1.61 1.75 0.03 2.66 0.38 0.30 0.26 0.22 0.23 0.18 0.35 0.88 0.16 0.09 0.03 2.65 0.04 0.03 0.03 0.16 0.14 0.10 0.06 0.13 0.06 0.12 0.07 2.66 0.04 0.03 0.02 0.16 0.14 0.10 0.05 0.14 0.29 0.55 1.32 2.66 0.24 1.29 0.64 0.42 0.34 0.22 0.26 0.16 0.22 0.35 0.68 1.45 0.30 2.67 1.32 0.64 0.43 0.27 0.30 0.16 0.07 0.10 0.01 0.09 0.01 0.55 0.01 0.01 0.01 0.01 0.01 0.01 0.01 0.01 0.01 0.01 0.01 0.65 0.01 0.07 0.01 0.02 0.01 0.01 0.17 0.14 0.26 0.36 0.38 2.65 0.10 1.78 1.71 1.09 0.67 0.27 0.25 0.16 0.27 0.35 0.35 2.66 0.14 2.65 2.13 2.25 1.72 0.55 0.34 0.14 0.22 0.29 0.26 2.66 0.16 2.66 1.13 2.07 1.98 1.02 0.95 0.27 0.25 0.28 0.24 2.66 0.19 2.65 0.58 1.23 1.79 1.66 0.59 0.26 0.23 0.16 2.66 0.10 2.65 0.26 0.41 0.87 1.36 1.41 0.86 0.42 0.24 2.66 0.15 2.65 0.23 0.33 0.53 1.25 2.02 1.60 1.16 0.88 0.37 2.66 0.13 2.65 0.17 0.20 0.29 0.46 1.10 1.35 1.20 1.38 0.89 2.66 0.12 2.65 0.18 0.18 0.21 0.24 0.40 0.71

I got: 1.41 1.57 2.67 0.12 2.69 0.25 0.22 0.21 0.20 0.24 0.27 0.87 1.62 1.76 0.05 2.67 0.38 0.30 0.26 0.22 0.23 0.18 0.35 0.88 0.16 0.09 0.03 2.66 0.04 0.02 0.03 0.15 0.14 0.09 0.06 0.13 0.06 0.12 0.06 2.64 0.04 0.03 0.03 0.16 0.14 0.10 0.05 0.15 0.29 0.55 1.33 2.67 0.23 1.29 0.64 0.42 0.34 0.22 0.26 0.16 0.22 0.35 0.68 1.45 0.29 2.66 1.32 0.64 0.43 0.27 0.30 0.16 0.08 0.07 0.01 0.07 0.01 0.84 0.01 0.01 0.01 0.06 0.01 0.01 0.01 0.01 0.01 0.01 0.01 0.83 0.01 0.07 0.01 0.03 0.01 0.01 0.17 0.13 0.26 0.36 0.38 2.66 0.10 1.76 1.70 1.07 0.66 0.27 0.25 0.16 0.26 0.35 0.35 2.66 0.12 2.65 2.12 2.26 1.72 0.55 0.34 0.15 0.22 0.29 0.26 2.67 0.17 2.66 1.13 2.09 1.96 1.02 0.95 0.27 0.25 0.28 0.23 2.66 0.18 2.66 0.58 1.23 1.77 1.66 0.58 0.26 0.23 0.16 2.67 0.10 2.68 0.25 0.40 0.86 1.44 1.49 0.86 0.42 0.24 2.66 0.15 2.66 0.23 0.32 0.53 1.24 2.02 1.60 1.16 0.88 0.37 2.66 0.13 2.66 0.17 0.20 0.29 0.45 1.11 1.35 1.20 1.37 0.89 2.67 0.12 2.67 0.18 0.18 0.21 0.23 0.42 0.71

I got: 1.41 1.51 2.68 0.12 2.68 0.25 0.21 0.21 0.19 0.26 0.27 0.87 1.61 1.75 0.03 2.68 0.38 0.30 0.26 0.22 0.25 0.18 0.35 0.88 0.16 0.09 0.03 2.63 0.04 0.03 0.03 0.18 0.17 0.09 0.06 0.13 0.06 0.13 0.07 2.64 0.04 0.03 0.03 0.19 0.17 0.10 0.05 0.14 0.29 0.55 1.33 2.66 0.23 1.29 0.64 0.41 0.36 0.22 0.26 0.16 0.22 0.34 0.68 1.45 0.31 2.66 1.32 0.63 0.45 0.27 0.30 0.16 0.01 0.01 0.03 0.08 0.01 0.53 0.01 0.01 0.01 0.04 0.01 0.01 0.01 0.01 0.01 0.01 0.01 0.50 0.01 0.06 0.01 0.02 0.01 0.01 0.18 0.13 0.26 0.36 0.38 2.65 0.10 1.77 1.71 1.09 0.67 0.27 0.25 0.16 0.26 0.35 0.35 2.66 0.12 2.66 2.12 2.25 1.71 0.55 0.34 0.15 0.22 0.29 0.25 2.65 0.15 2.66 1.13 2.07 1.98 1.02 0.95 0.27 0.25 0.28 0.24 2.67 0.17 2.66 0.58 1.23 1.79 1.66 0.59 0.27 0.23 0.16 2.66 0.11 2.66 0.26 0.41 0.87 1.35 1.41 0.86 0.42 0.24 2.66 0.15 2.66 0.23 0.33 0.53 1.25 2.02 1.60 1.16 0.88 0.37 2.65 0.13 2.67 0.17 0.21 0.29 0.46 1.10 1.35 1.20 1.37 0.89 2.65 0.12 2.66 0.17 0.18 0.21 0.24 0.40 0.71

I got: 1.40 1.50 2.65 0.14 2.65 0.25 0.21 0.21 0.20 0.25 0.27 0.87 1.61 1.75 0.04 2.66 0.38 0.30 0.26 0.22 0.23 0.18 0.35 0.88 0.16 0.09 0.03 2.67 0.04 0.03 0.03 0.16 0.14 0.09 0.06 0.13 0.06 0.13 0.07 2.68 0.04 0.03 0.03 0.17 0.14 0.10 0.05 0.15 0.29 0.55 1.32 2.68 0.24 1.29 0.64 0.41 0.36 0.22 0.26 0.16 0.22 0.34 0.68 1.45 0.31 2.66 1.32 0.63 0.45 0.27 0.30 0.16 0.06 0.05 0.02 0.08 0.01 0.37 0.01 0.01 0.01 0.02 0.00 0.01 0.01 0.01 0.01 0.01 0.01 0.35 0.01 0.07 0.01 0.02 0.00 0.01 0.17 0.13 0.26 0.36 0.37 2.66 0.11 1.77 1.71 1.09 0.67 0.27 0.25 0.16 0.26 0.35 0.35 2.67 0.12 2.66 2.12 2.25 1.72 0.55 0.34 0.14 0.22 0.29 0.25 2.66 0.15 2.65 1.13 2.08 1.98 1.02 0.94 0.27 0.25 0.28 0.24 2.66 0.18 2.65 0.58 1.23 1.78 1.66 0.59 0.27 0.23 0.16 2.67 0.10 2.67 0.26 0.42 0.88 1.36 1.42 0.86 0.42 0.24 2.66 0.14 2.66 0.23 0.32 0.53 1.25 2.02 1.60 1.16 0.88 0.37 2.67 0.13 2.67 0.17 0.21 0.29 0.46 1.10 1.35 1.20 1.37 0.89 2.66 0.11 2.66 0.18 0.18 0.21 0.24 0.40 0.71

I got: 1.40 1.51 2.68 0.13 2.67 0.25 0.22 0.21 0.20 0.24 0.27 0.87 1.61 1.75 0.03 2.67 0.38 0.30 0.26 0.22 0.23 0.18 0.35 0.88 0.16 0.09 0.03 2.62 0.04 0.02 0.03 0.15 0.13 0.09 0.06 0.13 0.06 0.12 0.07 2.64 0.04 0.03 0.03 0.16 0.13 0.10 0.05 0.14 0.29 0.54 1.33 2.66 0.23 1.29 0.64 0.42 0.34 0.22 0.26 0.16 0.22 0.34 0.68 1.45 0.29 2.67 1.32 0.64 0.43 0.27 0.30 0.16 0.07 0.05 0.07 0.08 0.01 0.77 0.01 0.01 0.01 0.07 0.01 0.01 0.00 0.01 0.01 0.01 0.01 0.78 0.01 0.08 0.01 0.02 0.01 0.01 0.17 0.14 0.26 0.36 0.38 2.66 0.10 1.78 1.72 1.09 0.67 0.27 0.25 0.16 0.27 0.35 0.35 2.65 0.13 2.66 2.12 2.25 1.71 0.55 0.34 0.15 0.22 0.29 0.26 2.65 0.15 2.65 1.13 2.07 1.99 1.02 0.95 0.27 0.24 0.28 0.24 2.66 0.19 2.66 0.58 1.23 1.79 1.66 0.60 0.26 0.23 0.16 2.66 0.10 2.66 0.26 0.41 0.88 1.36 1.42 0.86 0.42 0.24 2.66 0.15 2.65 0.23 0.32 0.53 1.25 2.02 1.60 1.16 0.88 0.37 2.69 0.13 2.66 0.17 0.21 0.29 0.46 1.09 1.35 1.20 1.37 0.89 2.72 0.12 2.65 0.18 0.18 0.21 0.24 0.40 0.71

I got: 1.40 1.50 2.67 0.13 2.68 0.25 0.22 0.21 0.20 0.24 0.27 0.87 1.60 1.75 0.04 2.71 0.38 0.30 0.26 0.22 0.23 0.18 0.35 0.88 0.16 0.09 0.03 2.64 0.04 0.02 0.03 0.15 0.14 0.09 0.06 0.13 0.06 0.12 0.07 2.63 0.04 0.03 0.03 0.16 0.14 0.10 0.05 0.15 0.29 0.55 1.32 2.67 0.24 1.29 0.64 0.42 0.34 0.22 0.26 0.16 0.22 0.34 0.67 1.45 0.31 2.67 1.32 0.64 0.43 0.27 0.30 0.16 0.04 0.01 0.07 0.07 0.01 0.77 0.01 0.01 0.01 0.07 0.01 0.01 0.01 0.01 0.01 0.01 0.01 0.70 0.01 0.08 0.01 0.02 0.01 0.01 0.17 0.13 0.26 0.37 0.38 2.66 0.12 1.78 1.72 1.09 0.67 0.27 0.25 0.16 0.27 0.35 0.35 2.65 51.53 2.65 2.12 2.25 1.71 0.55 0.34 0.15 0.22 0.29 0.26 2.67 0.15 2.65 1.13 2.06 1.98 1.02 0.94 0.27 0.25 0.28 0.24 2.66 0.17 2.66 0.58 1.23 1.79 1.67 0.59 0.27 0.23 0.16 2.67 0.11 2.67 0.26 0.41 0.88 1.36 1.41 0.86 0.43 0.24 2.66 0.15 2.66 0.23 0.32 0.53 1.25 2.02 1.60 1.16 0.88 0.37 2.66 0.13 2.65 0.17 0.21 0.29 0.46 1.10 1.35 1.20 1.37 0.89 2.66 0.11 2.67 0.17 0.18 0.21 0.24 0.40 0.71

