I got: 1.60 1.54 2.70 0.14 2.67 0.21 0.18 0.19 0.21 0.31 0.40 1.09 1.69 1.76 0.04 2.71 0.32 0.23 0.20 0.18 0.24 0.26 0.55 1.12 0.17 0.09 0.03 2.65 0.04 0.03 0.03 0.19 0.10 0.03 0.06 0.12 0.07 0.14 0.07 2.65 0.04 0.03 0.03 0.19 0.10 0.04 0.05 0.14 0.36 0.53 1.29 2.66 0.25 1.27 0.58 0.32 0.25 0.16 0.24 0.22 0.27 0.31 0.63 1.42 0.28 2.66 1.30 0.56 0.35 0.21 0.25 0.19 0.08 0.01 0.08 0.11 0.01 0.77 0.01 0.01 0.01 0.09 0.01 0.01 0.01 0.01 0.06 0.01 0.01 0.70 0.01 0.07 0.01 0.01 0.01 0.01 0.23 0.12 0.21 0.28 0.30 2.66 0.11 1.66 1.61 1.04 0.63 0.30 0.34 0.18 0.22 0.26 0.23 2.66 0.15 2.66 1.84 2.06 1.51 0.54 0.49 0.24 0.24 0.24 0.18 2.65 0.15 2.66 1.11 2.05 1.97 1.08 1.14 0.46 0.34 0.29 0.19 2.66 0.18 2.65 0.53 1.22 1.78 1.72 0.74 0.39 0.28 0.17 2.65 0.11 2.66 0.23 0.39 0.86 1.35 1.53 0.93 0.49 0.27 2.66 0.14 2.66 0.19 0.29 0.50 1.15 1.92 1.73 1.37 1.14 0.51 2.66 0.11 2.67 0.19 0.25 0.37 0.62 1.37 1.84 1.46 1.46 0.93 2.65 0.12 2.66 0.16 0.17 0.22 0.28 0.49 0.83

I got: 1.55 1.60 2.67 0.13 2.66 0.21 0.18 0.19 0.21 0.31 0.40 1.09 1.75 1.76 0.05 2.66 0.32 0.23 0.20 0.18 0.24 0.25 0.55 1.12 0.17 0.09 0.03 2.65 0.04 0.03 0.03 0.19 0.10 0.03 0.06 0.12 0.07 0.23 0.07 2.62 0.04 0.03 0.03 0.19 0.10 0.04 0.05 0.14 0.36 0.62 1.21 2.66 0.21 1.27 0.58 0.32 0.26 0.16 0.24 0.22 0.27 0.40 0.56 1.42 0.31 2.67 1.30 0.56 0.36 0.21 0.25 0.19 0.08 0.07 0.07 0.06 0.01 0.50 0.01 0.01 0.01 0.07 0.01 0.01 0.01 0.01 0.01 0.01 0.01 0.46 0.01 0.07 0.01 0.01 0.08 0.01 0.23 0.22 0.16 0.28 0.30 2.65 0.10 1.67 1.61 1.04 0.62 0.30 0.34 0.27 0.17 0.25 0.23 2.66 0.15 2.65 1.84 2.08 1.51 0.55 0.49 0.33 0.19 0.24 0.18 2.66 0.14 2.66 1.11 2.04 1.96 1.08 1.13 0.55 0.27 0.29 0.19 2.66 0.18 2.66 0.53 1.22 1.79 1.72 0.82 0.32 0.29 0.17 2.66 0.12 2.72 0.23 0.39 0.86 1.35 1.53 0.85 0.48 0.27 2.66 0.12 2.66 0.19 0.29 0.50 1.15 1.92 1.72 1.71 1.15 0.51 2.70 0.11 2.66 0.19 0.25 0.37 0.62 1.37 1.84 1.46 1.46 0.93 2.66 0.11 2.66 0.16 0.17 0.22 0.28 0.49 0.84

I got: 1.55 1.60 2.70 0.13 2.66 0.21 0.18 0.19 0.21 0.25 0.46 1.09 1.74 1.76 0.03 2.66 0.32 0.23 0.20 0.18 0.18 0.31 0.55 1.12 0.17 0.09 0.03 2.66 0.04 0.03 0.03 0.19 0.06 0.12 0.06 0.12 0.07 0.22 0.06 2.65 0.04 0.03 0.03 0.20 0.06 0.12 0.05 0.14 0.36 0.62 1.22 2.66 0.23 1.28 0.59 0.32 0.18 0.23 0.23 0.22 0.27 0.40 0.55 1.42 0.27 2.67 1.30 0.56 0.28 0.28 0.25 0.19 0.06 0.08 0.07 0.06 0.01 0.21 0.01 0.01 0.01 0.01 0.01 0.01 0.01 0.01 0.01 0.01 0.01 0.51 0.01 0.09 0.01 0.01 0.06 0.01 0.23 0.23 0.16 0.28 0.30 2.65 0.11 1.67 1.61 1.12 0.62 0.30 0.29 0.25 0.14 0.24 0.21 2.66 0.15 2.66 1.95 2.18 1.61 0.59 0.49 0.33 0.18 0.24 0.18 2.67 0.15 2.65 1.11 2.05 1.97 1.08 1.14 0.55 0.28 0.29 0.19 2.65 0.17 2.66 0.53 1.22 1.78 1.72 0.82 0.33 0.28 0.17 2.67 0.11 2.67 0.23 0.39 0.86 1.36 1.54 0.91 0.51 0.29 2.66 0.15 2.66 0.21 0.31 0.53 1.23 2.04 1.83 1.71 1.15 0.51 2.67 0.12 2.67 0.19 0.25 0.37 0.62 1.38 1.84 1.46 1.46 0.93 2.67 0.10 2.65 0.16 0.17 0.22 0.28 0.50 0.82

I got: 1.56 1.60 2.69 0.12 2.68 0.21 0.18 0.19 0.21 0.32 0.39 1.09 1.74 1.76 0.04 2.68 0.32 0.23 0.20 0.19 0.25 0.25 0.55 1.12 0.17 0.08 0.03 2.64 0.04 0.03 0.03 0.19 0.14 0.08 0.06 0.12 0.07 0.22 0.07 2.65 0.04 0.03 0.03 0.19 0.14 0.08 0.05 0.14 0.36 0.62 1.22 2.66 0.23 1.27 0.59 0.32 0.27 0.16 0.24 0.22 0.27 0.41 0.55 1.42 0.31 2.65 1.30 0.57 0.37 0.21 0.25 0.19 0.09 0.08 0.08 0.10 0.01 0.84 0.01 0.01 0.01 0.01 0.03 0.01 0.01 0.01 0.01 0.01 0.01 0.76 0.01 0.08 0.01 0.01 0.07 0.01 0.23 0.23 0.16 0.28 0.30 2.66 0.09 1.66 1.61 1.04 0.62 0.30 0.36 0.28 0.17 0.26 0.24 2.70 0.15 2.66 1.96 2.18 1.60 0.58 0.49 0.33 0.18 0.24 0.18 2.66 0.15 2.69 1.11 2.05 1.96 1.08 1.14 0.55 0.27 0.28 0.19 2.66 0.16 2.69 0.53 1.22 1.78 1.72 0.82 0.32 0.28 0.17 2.67 0.12 2.66 0.23 0.39 0.86 1.36 1.54 0.90 0.52 0.29 2.66 0.13 2.66 0.20 0.31 0.53 1.22 2.03 1.82 1.71 1.15 0.51 2.66 0.12 2.66 0.19 0.25 0.37 0.62 1.38 1.84 1.46 1.45 0.93 2.67 0.10 2.67 0.16 0.17 0.21 0.28 0.50 0.83

I got: 1.55 1.60 2.68 0.13 2.66 0.21 0.18 0.19 0.21 0.32 0.39 1.09 1.75 1.75 0.04 2.67 0.32 0.23 0.20 0.18 0.25 0.25 0.55 1.12 0.17 0.09 0.03 2.65 0.04 0.03 0.03 0.19 0.14 0.07 0.06 0.12 0.07 0.22 0.07 2.66 0.05 0.03 0.03 0.19 0.14 0.08 0.05 0.14 0.36 0.62 1.21 2.65 0.24 1.27 0.58 0.32 0.27 0.16 0.24 0.22 0.27 0.40 0.55 1.42 0.31 2.67 1.30 0.56 0.37 0.21 0.25 0.19 0.08 0.07 0.11 0.07 0.01 0.60 0.01 0.01 0.01 0.07 0.01 0.01 0.01 0.01 0.01 0.01 0.01 0.55 0.01 0.07 0.01 0.01 0.07 0.01 0.23 0.22 0.16 0.28 0.30 2.65 0.12 1.66 1.61 1.04 0.63 0.30 0.36 0.28 0.17 0.26 0.24 2.66 0.14 2.65 1.94 2.17 1.59 0.58 0.49 0.33 0.18 0.24 0.18 2.66 0.15 2.65 1.11 2.04 1.96 1.08 1.14 0.55 0.27 0.29 0.19 2.66 0.17 2.66 0.53 1.22 1.78 1.72 0.82 0.32 0.29 0.17 2.68 51.53 2.67 0.23 0.39 0.86 1.36 1.53 0.90 0.51 0.29 2.67 0.13 2.66 0.20 0.30 0.52 1.21 2.01 1.81 1.71 1.15 0.51 2.68 0.12 2.67 0.19 0.25 0.37 0.62 1.38 1.84 1.46 1.46 0.93 2.67 0.11 2.66 0.16 0.17 0.22 0.28 0.50 0.83

I got: 1.55 1.60 2.66 0.13 2.69 0.21 0.18 0.19 0.21 0.32 0.39 1.09 1.74 1.76 0.04 2.68 0.32 0.23 0.20 0.18 0.25 0.25 0.55 1.12 0.17 0.09 0.03 2.64 0.04 0.03 0.03 0.19 0.14 0.07 0.06 0.13 0.07 0.23 0.06 2.65 0.04 0.03 0.03 0.19 0.13 0.07 0.05 0.14 0.36 0.62 1.21 2.65 0.24 1.27 0.58 0.32 0.27 0.16 0.24 0.22 0.27 0.40 0.55 1.42 0.33 2.72 1.30 0.57 0.36 0.20 0.25 0.19 0.08 0.07 0.11 0.07 0.01 0.16 0.01 0.01 0.01 0.10 0.01 0.01 0.01 0.01 0.01 0.01 0.01 0.40 0.01 0.09 0.01 0.01 0.06 0.01 0.23 0.23 0.16 0.28 0.30 2.68 0.11 1.66 1.61 1.04 0.62 0.30 0.36 0.28 0.17 0.26 0.24 2.66 0.14 2.65 1.94 2.16 1.58 0.58 0.49 0.33 0.19 0.24 0.18 2.66 0.16 2.66 1.11 2.04 1.97 1.08 1.14 0.55 0.28 0.28 0.19 2.67 0.18 2.65 0.53 1.22 1.78 1.72 0.82 0.32 0.28 0.17 2.66 0.12 2.65 0.23 0.39 0.86 1.36 1.53 0.89 0.51 0.28 2.66 0.14 2.66 0.20 0.30 0.52 1.20 2.00 1.80 1.71 1.15 0.51 2.68 0.11 2.67 0.19 0.25 0.37 0.62 1.38 1.83 1.46 1.46 0.93 2.66 0.11 2.65 0.16 0.17 0.22 0.28 0.50 0.83

I got: 1.55 1.60 2.67 0.13 2.68 0.21 0.18 0.19 0.21 0.32 0.39 1.09 1.74 1.76 0.03 2.68 0.32 0.23 0.20 0.18 0.25 0.25 0.55 1.12 0.17 0.09 0.03 2.64 0.04 0.03 0.03 0.19 0.13 0.06 0.06 0.12 0.07 0.22 0.07 2.64 0.04 0.03 0.03 0.19 0.13 0.07 0.05 0.14 0.37 0.62 1.21 2.66 0.24 1.27 0.58 0.32 0.26 0.16 0.24 0.22 0.27 0.40 0.56 1.41 0.29 2.66 1.30 0.57 0.36 0.21 0.25 0.19 0.07 0.09 0.07 0.07 0.01 0.25 0.01 0.01 0.01 0.07 0.06 0.01 0.01 0.01 0.01 0.01 0.01 0.70 0.01 0.08 0.01 0.01 0.11 0.01 0.23 0.22 0.16 0.28 0.30 2.65 0.10 1.66 1.61 1.04 0.62 0.30 0.35 0.28 0.17 0.26 0.24 2.66 0.16 2.66 1.93 2.16 1.58 0.58 0.49 0.33 0.19 0.24 0.18 2.66 0.16 2.66 1.11 2.04 1.96 1.08 1.13 0.55 0.28 0.29 0.19 2.67 0.20 2.66 0.53 1.22 1.78 1.72 0.82 0.33 0.28 0.17 2.67 0.11 2.66 0.23 0.39 0.86 1.36 1.53 0.89 0.50 0.28 2.66 0.13 2.66 0.20 0.30 0.52 1.20 1.99 1.79 1.70 1.15 0.51 2.66 0.13 2.66 0.19 0.25 0.37 0.62 1.38 1.84 1.46 1.46 0.93 2.66 0.13 2.67 0.16 0.17 0.22 0.28 0.50 0.83

I got: 1.55 1.59 2.68 0.12 2.66 0.21 0.18 0.19 0.21 0.32 0.39 1.09 1.74 1.76 0.04 2.67 0.32 0.23 0.20 0.18 0.25 0.25 0.55 1.12 0.17 0.09 0.03 2.65 0.04 0.02 0.03 0.19 0.13 0.06 0.06 0.13 0.07 0.22 0.06 2.66 0.04 0.03 0.03 0.19 0.12 0.06 0.05 0.14 0.36 0.61 1.22 2.67 0.24 1.27 0.58 0.32 0.26 0.16 0.24 0.22 0.27 0.41 0.55 1.42 0.30 2.66 1.30 0.56 0.36 0.20 0.25 0.19 0.08 0.08 0.07 0.07 0.01 0.81 0.01 0.01 0.01 0.09 0.02 0.01 0.01 0.01 0.01 0.01 0.01 0.75 0.01 0.07 0.01 0.01 0.11 0.01 0.23 0.22 0.16 0.28 0.30 2.66 0.11 1.66 1.61 1.04 0.62 0.30 0.35 0.28 0.17 0.26 0.24 2.65 0.14 2.66 1.91 2.15 1.56 0.57 0.49 0.33 0.19 0.24 0.18 2.66 0.14 2.66 1.10 2.05 1.97 1.08 1.14 0.54 0.27 0.29 0.19 2.67 0.17 2.66 0.53 1.22 1.78 1.72 0.82 0.32 0.28 0.17 2.65 0.10 2.65 0.23 0.39 0.86 1.35 1.53 0.88 0.50 0.28 2.65 0.14 2.66 0.20 0.30 0.51 1.18 1.97 1.77 1.70 1.14 0.51 2.66 0.12 2.68 0.19 0.25 0.37 0.62 1.38 1.84 1.46 1.46 0.93 2.66 0.11 2.66 0.16 0.17 0.22 0.28 0.50 0.83

I got: 1.55 1.59 2.68 0.10 2.66 0.21 0.18 0.19 0.21 0.32 0.39 1.09 1.74 1.76 0.04 2.66 0.32 0.23 0.20 0.19 0.25 0.25 0.55 1.12 0.17 0.09 0.03 2.64 0.04 0.03 0.03 0.19 0.12 0.05 0.06 0.12 0.07 0.22 0.07 2.65 0.04 0.03 0.03 0.19 0.12 0.06 0.05 0.14 0.37 0.62 1.21 2.66 0.24 1.27 0.59 0.32 0.26 0.16 0.24 0.22 0.27 0.40 0.56 1.42 0.29 2.66 1.30 0.56 0.36 0.21 0.25 0.19 0.08 0.04 0.09 0.05 0.01 0.50 0.01 0.01 0.01 0.12 0.06 0.01 0.01 0.01 0.01 0.01 0.01 0.48 0.01 0.06 0.01 0.01 0.07 0.01 0.23 0.23 0.16 0.28 0.30 2.65 0.11 1.66 1.61 1.04 0.63 0.29 0.34 0.27 0.16 0.25 0.23 2.66 0.13 2.67 1.85 2.09 1.51 0.55 0.49 0.33 0.18 0.24 0.18 2.65 0.15 2.66 1.11 2.05 1.97 1.08 1.14 0.54 0.27 0.29 0.19 2.66 0.18 2.66 0.53 1.22 1.79 1.72 0.82 0.32 0.29 0.17 2.66 0.11 2.67 0.23 0.39 0.86 1.35 1.53 0.86 0.49 0.28 2.66 0.13 2.66 0.20 0.30 0.51 1.17 1.96 1.75 1.70 1.15 0.51 2.65 0.11 2.67 0.19 0.25 0.37 0.62 1.37 1.83 1.46 1.45 0.93 2.66 0.11 2.71 0.16 0.17 0.22 0.28 0.50 0.83

I got: 1.55 1.59 2.69 0.12 2.68 0.21 0.18 0.19 0.21 0.32 0.40 1.09 1.74 1.76 0.04 2.68 0.32 0.23 0.20 0.18 0.24 0.25 0.55 1.12 0.17 0.09 0.03 2.65 0.04 0.03 0.03 0.19 0.11 0.04 0.06 0.13 0.07 0.22 0.07 2.64 0.04 0.03 0.03 0.19 0.11 0.05 0.05 0.15 0.36 0.62 1.21 2.67 0.25 1.27 0.58 0.32 0.26 0.16 0.24 0.22 0.27 0.40 0.55 1.42 0.32 2.66 1.30 0.57 0.36 0.21 0.25 0.19 0.11 0.11 0.07 0.07 0.01 0.16 0.01 0.01 0.01 0.07 0.05 0.01 0.01 0.01 0.01 0.01 0.01 0.41 0.01 0.08 0.01 0.01 0.08 0.01 0.23 0.22 0.16 0.28 0.35 2.66 0.10 2.00 1.94 1.25 0.74 0.36 0.35 0.27 0.17 0.26 0.24 2.66 0.14 2.66 1.93 2.14 1.58 0.57 0.49 0.33 0.18 0.24 0.18 2.67 0.16 2.65 1.11 2.01 2.00 1.08 1.13 0.55 0.28 0.28 0.19 2.66 0.20 2.66 0.53 1.22 1.82 1.72 0.98 0.38 0.33 0.20 2.65 0.13 2.66 0.26 0.46 1.00 1.57 1.78 0.85 0.43 0.24 2.66 0.12 2.68 0.17 0.26 0.45 1.21 1.99 1.79 1.70 1.14 0.51 2.66 0.12 2.67 0.19 0.25 0.37 0.65 1.34 1.84 1.46 1.45 0.93 2.67 0.11 2.66 0.16 0.17 0.22 0.31 0.45 0.83

I got: 1.55 1.59 2.69 0.11 2.67 0.21 0.18 0.19 0.23 0.28 0.39 1.09 1.74 1.76 0.04 2.68 0.32 0.23 0.20 0.20 0.21 0.25 0.55 1.12 0.17 0.09 0.03 2.64 0.04 0.03 0.03 0.03 0.04 0.06 0.06 0.13 0.07 0.22 0.06 2.66 0.04 0.03 0.03 0.03 0.05 0.07 0.05 0.14 0.36 0.62 1.21 2.66 0.21 1.27 0.58 0.35 0.22 0.16 0.24 0.22 0.27 0.40 0.56 1.41 0.31 2.65 1.30 0.60 0.32 0.21 0.25 0.19 0.08 0.09 0.10 0.07 0.01 0.82 0.01 0.01 0.01 0.10 0.06 0.01 0.01 0.01 0.03 0.01 0.01 0.81 0.01 0.10 0.01 0.04 0.09 0.01 0.28 0.26 0.18 0.31 0.36 2.65 0.09 2.00 1.94 1.25 0.74 0.36 0.35 0.27 0.17 0.26 0.24 2.66 0.15 2.65 1.90 2.11 1.55 0.57 0.49 0.33 0.18 0.24 0.18 2.65 0.15 2.66 1.11 2.01 2.00 1.08 1.14 0.54 0.28 0.28 0.19 2.67 0.17 2.66 0.53 1.22 1.82 1.72 0.98 0.38 0.33 0.20 2.71 0.12 2.65 0.26 0.45 1.00 1.57 1.78 0.87 0.49 0.27 2.67 0.16 2.66 0.19 0.29 0.51 1.18 1.93 1.70 1.70 1.14 0.51 2.67 0.11 2.70 0.19 0.25 0.37 0.65 1.27 1.84 1.46 1.45 0.93 2.66 0.12 2.66 0.16 0.17 0.22 0.31 0.38 0.90

I got: 1.55 1.59 2.69 0.11 2.66 0.21 0.18 0.19 0.23 0.23 0.45 1.09 1.74 1.76 0.04 2.66 0.32 0.23 0.20 0.20 0.16 0.31 0.55 1.12 0.17 0.08 0.03 2.64 0.04 0.03 0.03 0.03 0.20 0.12 0.06 0.12 0.07 0.22 0.07 2.64 0.04 0.03 0.03 0.03 0.20 0.12 0.05 0.14 0.37 0.62 1.21 2.66 0.23 1.27 0.58 0.35 0.16 0.23 0.24 0.22 0.27 0.41 0.55 1.42 0.30 2.68 1.30 0.60 0.26 0.28 0.25 0.19 0.08 0.09 0.08 0.07 0.01 0.69 0.01 0.01 0.01 0.01 0.07 0.01 0.01 0.01 0.01 0.01 0.01 0.64 0.01 0.06 0.01 0.01 0.07 0.01 0.28 0.26 0.18 0.32 0.36 2.65 0.09 2.00 1.94 1.31 0.74 0.36 0.38 0.29 0.18 0.27 0.26 2.66 0.12 2.65 2.09 2.24 1.70 0.63 0.49 0.32 0.19 0.24 0.18 2.66 0.17 2.65 1.10 2.01 2.00 1.08 1.13 0.55 0.27 0.29 0.19 2.66 0.18 2.66 0.53 1.22 1.82 1.72 0.98 0.38 0.33 0.20 2.65 0.12 2.66 0.26 0.45 1.00 1.58 1.78 0.95 0.54 0.30 2.65 0.13 2.66 0.22 0.32 0.56 1.31 2.15 1.92 1.70 1.14 0.51 2.67 0.13 2.67 0.19 0.25 0.37 0.64 1.35 1.83 1.46 1.46 0.93 2.67 0.11 2.65 0.16 0.17 0.22 0.31 0.45 0.82

