I got: 1.16 1.65 2.67 0.12 2.67 0.27 0.25 0.25 0.23 0.28 0.25 0.47 1.57 1.78 0.04 2.65 0.41 0.34 0.31 0.29 0.33 0.27 0.40 0.25 0.12 0.09 0.03 2.63 0.03 0.02 0.02 0.18 0.16 0.09 0.07 0.12 0.04 0.10 0.07 2.64 0.04 0.03 0.03 0.18 0.16 0.09 0.06 0.13 0.21 0.64 1.34 2.65 0.23 1.28 0.64 0.42 0.38 0.27 0.35 0.13 0.15 0.43 0.70 1.45 0.30 2.67 1.31 0.63 0.46 0.31 0.38 0.14 0.01 0.10 0.01 0.08 0.01 0.50 0.01 0.01 0.02 0.01 0.01 0.01 0.00 0.01 0.01 0.07 0.01 0.46 0.01 0.09 0.01 0.06 0.01 0.01 0.10 0.22 0.30 0.38 0.38 2.65 0.11 1.75 1.69 1.07 0.70 0.22 0.13 0.28 0.35 0.40 0.37 2.65 0.14 2.65 2.15 2.28 1.79 0.47 0.14 0.26 0.31 0.35 0.29 2.65 0.15 2.65 1.13 2.11 1.99 0.90 0.28 0.31 0.36 0.38 0.30 2.66 0.19 2.66 0.60 1.25 1.78 1.63 0.26 0.25 0.27 0.20 2.65 0.10 2.65 0.28 0.43 0.88 1.39 1.18 0.70 0.40 0.25 2.66 0.13 2.65 0.24 0.32 0.52 1.22 2.18 0.91 0.77 0.86 0.38 2.66 0.14 2.66 0.19 0.22 0.30 0.45 1.08 1.12 0.53 1.54 0.89 2.66 0.13 2.70 0.19 0.19 0.22 0.24 0.40 0.62

I got: 1.16 1.65 2.68 0.14 2.68 0.27 0.25 0.24 0.23 0.28 0.24 0.47 1.57 1.78 0.03 2.68 0.41 0.34 0.31 0.29 0.33 0.27 0.41 0.24 0.12 0.09 0.03 2.64 0.04 0.03 0.02 0.18 0.16 0.09 0.07 0.12 0.04 0.10 0.07 2.64 0.04 0.03 0.03 0.18 0.16 0.09 0.06 0.13 0.20 0.63 1.33 2.66 0.23 1.28 0.64 0.42 0.38 0.27 0.35 0.13 0.16 0.43 0.70 1.45 0.33 2.67 1.31 0.63 0.46 0.31 0.38 0.14 0.01 0.11 0.01 0.07 0.01 0.40 0.01 0.01 0.01 0.01 0.01 0.01 0.01 0.01 0.01 0.06 0.01 0.42 0.01 0.09 0.01 0.05 0.01 0.01 0.10 0.22 0.30 0.38 0.38 2.65 0.12 1.76 1.69 1.07 0.71 0.22 0.13 0.28 0.35 0.40 0.37 2.66 0.14 2.65 2.15 2.28 1.79 0.47 0.14 0.26 0.31 0.35 0.29 2.65 0.15 2.65 1.13 2.11 2.00 0.90 0.28 0.32 0.36 0.38 0.30 2.66 0.18 2.65 0.60 1.25 1.79 1.63 0.26 0.25 0.27 0.20 2.65 0.09 2.65 0.28 0.43 0.88 1.39 1.18 0.70 0.40 0.25 2.67 0.15 2.65 0.24 0.32 0.52 1.22 2.18 0.90 0.77 0.86 0.38 2.65 0.12 2.65 0.19 0.22 0.30 0.45 1.08 1.12 0.53 1.54 0.89 2.67 0.13 2.64 0.19 0.19 0.22 0.24 0.39 0.63

I got: 1.16 1.65 2.69 0.12 2.66 0.27 0.25 0.24 0.23 0.28 0.24 0.47 1.57 1.78 0.03 2.68 0.41 0.34 0.31 0.28 0.33 0.28 0.41 0.25 0.12 0.09 0.03 2.64 0.03 0.02 0.03 0.18 0.16 0.09 0.07 0.12 0.04 0.10 0.06 2.62 0.04 0.03 0.03 0.18 0.16 0.09 0.06 0.12 0.21 0.64 1.33 2.66 0.23 1.29 0.64 0.42 0.38 0.26 0.36 0.12 0.16 0.43 0.70 1.44 0.29 2.65 1.31 0.63 0.46 0.31 0.38 0.14 0.02 0.09 0.01 0.07 0.01 0.83 0.01 0.01 0.01 0.01 0.01 0.01 0.01 0.01 0.01 0.08 0.01 0.83 0.01 0.12 0.01 0.09 0.01 0.01 0.10 0.22 0.30 0.38 0.38 2.66 0.13 1.75 1.69 1.07 0.71 0.22 0.13 0.28 0.35 0.40 0.37 2.67 0.14 2.66 2.16 2.28 1.79 0.47 0.14 0.26 0.32 0.35 0.29 2.66 0.17 2.65 1.13 2.10 1.99 0.90 0.29 0.32 0.36 0.38 0.30 2.65 0.16 2.66 0.60 1.25 1.79 1.63 0.26 0.25 0.27 0.20 2.72 0.11 2.66 0.28 0.42 0.88 1.39 1.18 0.70 0.39 0.25 2.66 0.14 2.69 0.24 0.33 0.52 1.22 2.19 0.90 0.77 0.86 0.38 2.66 0.14 2.68 0.19 0.22 0.30 0.45 1.08 1.12 0.53 1.54 0.89 2.66 0.12 2.67 0.19 0.19 0.22 0.24 0.39 0.63

I got: 1.16 1.65 2.68 0.13 2.66 0.27 0.25 0.24 0.23 0.29 0.24 0.47 1.57 1.78 0.04 2.66 0.41 0.34 0.32 0.29 0.33 0.28 0.40 0.26 0.12 0.09 0.03 2.63 0.04 0.02 0.03 0.18 0.16 0.09 0.07 0.12 0.04 0.10 0.06 2.64 0.04 0.03 0.03 0.18 0.16 0.09 0.06 0.13 0.21 0.63 1.34 2.66 0.22 1.28 0.64 0.42 0.38 0.26 0.36 0.12 0.16 0.43 0.70 1.45 0.30 2.66 1.31 0.63 0.45 0.31 0.38 0.14 0.01 0.07 0.01 0.11 0.01 0.69 0.01 0.01 0.03 0.01 0.01 0.01 0.01 0.01 0.01 0.06 0.01 0.66 0.01 0.08 0.01 0.07 0.01 0.01 0.10 0.22 0.30 0.38 0.38 2.66 0.12 1.75 1.69 1.07 0.71 0.22 0.13 0.28 0.35 0.40 0.37 2.66 0.13 2.66 2.15 2.27 1.78 0.47 0.14 0.26 0.31 0.35 0.29 2.65 0.15 2.66 1.12 2.10 1.99 0.90 0.28 0.31 0.36 0.38 0.30 2.66 0.18 2.65 0.60 1.25 1.78 1.63 0.26 0.25 0.27 0.20 2.66 0.12 2.65 0.28 0.42 0.88 1.39 1.18 0.70 0.40 0.25 2.65 0.14 2.65 0.24 0.33 0.52 1.22 2.18 0.91 0.77 0.86 0.38 2.65 0.13 2.65 0.19 0.22 0.30 0.45 1.08 1.12 0.53 1.54 0.89 2.66 0.13 2.65 0.19 0.19 0.22 0.24 0.40 0.62

I got: 1.16 1.65 2.67 0.12 2.68 0.28 0.25 0.24 0.23 0.28 0.24 0.47 1.57 1.78 0.05 2.68 0.41 0.34 0.32 0.29 0.33 0.27 0.41 0.25 0.12 0.09 0.03 2.64 0.04 0.02 0.02 0.18 0.16 0.09 0.07 0.12 0.04 0.10 0.07 2.61 0.04 0.03 0.02 0.18 0.16 0.09 0.06 0.12 0.21 0.63 1.33 2.66 0.25 1.29 0.64 0.42 0.38 0.26 0.36 0.12 0.16 0.43 0.70 1.45 0.30 2.66 1.31 0.63 0.46 0.31 0.38 0.14 0.01 0.08 0.01 0.07 0.01 0.48 0.01 0.01 0.01 0.01 0.00 0.01 0.01 0.01 0.01 0.06 0.01 0.44 0.01 0.08 0.01 0.08 0.01 0.01 0.10 0.22 0.30 0.38 0.38 2.65 0.09 1.75 1.69 1.07 0.70 0.22 0.13 0.28 0.35 0.40 0.37 2.67 0.13 2.69 2.15 2.28 1.79 0.47 0.14 0.26 0.31 0.35 0.29 2.66 0.16 2.65 1.12 2.11 2.00 0.91 0.29 0.31 0.36 0.38 0.30 2.68 0.18 2.65 0.60 1.25 1.79 1.63 0.26 0.25 0.27 0.20 2.67 0.10 2.66 0.28 0.43 0.88 1.38 1.19 0.70 0.40 0.25 2.65 0.15 2.66 0.24 0.33 0.52 1.22 2.18 0.91 0.77 0.86 0.38 2.66 0.14 2.66 0.19 0.22 0.30 0.45 1.08 1.12 0.52 1.53 0.89 2.66 0.11 2.65 0.19 0.19 0.22 0.24 0.39 0.62

I got: 1.16 1.65 2.66 0.13 2.67 0.27 0.25 0.24 0.23 0.28 0.24 0.47 1.57 1.78 0.04 2.68 0.41 0.34 0.32 0.29 0.33 0.28 0.41 0.25 0.12 0.09 0.03 2.64 0.04 0.02 0.03 0.18 0.16 0.09 0.07 0.12 0.04 0.10 0.07 2.63 0.04 0.03 0.03 0.19 0.16 0.09 0.06 0.13 0.21 0.63 1.33 2.65 0.23 1.29 0.64 0.42 0.38 0.27 0.35 0.12 0.16 0.43 0.70 1.44 0.31 2.66 1.31 0.63 0.45 0.31 0.38 0.14 0.01 0.06 0.01 0.07 0.01 0.62 0.01 0.01 0.01 0.01 0.01 0.01 0.01 0.01 0.01 0.07 0.01 0.62 0.01 0.08 0.01 0.07 0.01 0.01 0.10 0.22 0.30 0.38 0.38 2.66 0.11 1.76 1.69 1.07 0.70 0.22 0.13 0.28 0.35 0.40 0.37 2.67 0.14 2.65 2.15 2.27 1.79 0.47 0.14 0.26 0.32 0.35 0.29 2.66 0.13 2.65 1.13 2.11 1.99 0.90 0.29 0.31 0.36 0.37 0.30 2.66 0.17 2.66 0.60 1.25 1.79 1.63 0.26 0.25 0.27 0.20 2.68 0.11 2.67 0.28 0.43 0.88 1.39 1.18 0.70 0.40 0.25 2.66 0.17 2.66 0.24 0.33 0.52 1.22 2.18 0.91 0.77 0.86 0.38 2.67 0.14 2.67 0.19 0.22 0.30 0.45 1.08 1.12 0.53 1.53 0.88 2.66 0.11 2.66 0.19 0.19 0.22 0.24 0.39 0.62

I got: 1.15 1.66 2.68 0.14 2.65 0.28 0.25 0.24 0.23 0.28 0.24 0.47 1.57 1.78 0.03 2.67 0.41 0.34 0.32 0.29 0.33 0.28 0.40 0.25 0.12 0.09 0.03 2.64 0.04 0.02 0.03 0.18 0.16 0.09 0.07 0.12 0.04 0.11 0.07 2.65 0.04 0.03 0.02 0.18 0.16 0.09 0.06 0.13 0.21 0.63 1.33 2.66 0.23 1.28 0.64 0.42 0.38 0.26 0.36 0.13 0.16 0.43 0.70 1.44 0.30 2.65 1.31 0.63 0.45 0.31 0.38 0.13 0.01 0.07 0.01 0.08 0.01 0.85 0.01 0.01 0.01 0.01 0.01 0.01 0.01 0.01 0.01 0.08 0.01 0.81 0.01 0.07 0.01 0.09 0.01 0.01 0.10 0.22 0.30 0.38 0.38 2.66 0.10 1.75 1.69 1.07 0.70 0.22 0.13 0.28 0.35 0.40 0.37 2.67 0.13 2.66 2.15 2.28 1.78 0.47 0.14 0.25 0.32 0.35 0.29 2.66 0.15 2.66 1.12 2.11 1.99 0.90 0.29 0.31 0.36 0.38 0.30 2.65 0.16 2.66 0.60 1.25 1.78 1.63 0.26 0.25 0.27 0.20 2.67 0.11 2.67 0.27 0.42 0.88 1.39 1.18 0.70 0.40 0.25 2.65 0.14 2.66 0.24 0.33 0.52 1.22 2.18 0.91 0.77 0.86 0.37 2.67 0.13 2.66 0.18 0.22 0.30 0.45 1.08 1.12 0.53 1.53 0.89 2.65 0.12 2.65 0.19 0.19 0.22 0.24 0.40 0.62

I got: 1.16 1.64 2.69 0.12 2.66 0.27 0.25 0.24 0.23 0.29 0.25 0.47 1.57 1.78 0.03 2.66 0.41 0.34 0.32 0.29 0.33 0.27 0.40 0.25 0.12 0.09 0.03 2.63 0.03 0.02 0.03 0.18 0.16 0.09 0.07 0.12 0.04 0.10 0.07 2.64 0.04 0.03 0.03 0.18 0.16 0.09 0.06 0.13 0.21 0.63 1.34 2.65 0.22 1.28 0.64 0.42 0.38 0.26 0.35 0.13 0.16 0.43 0.70 1.45 0.31 2.67 1.31 0.63 0.46 0.31 0.38 0.14 0.01 0.07 0.01 0.07 0.01 0.54 0.01 0.01 0.01 0.01 0.01 0.01 0.01 0.01 0.01 0.08 0.01 0.51 0.01 0.07 0.01 0.07 0.01 0.01 0.10 0.22 0.30 0.38 0.38 2.65 0.11 1.75 1.69 1.07 0.70 0.22 0.13 0.28 0.35 0.40 0.37 2.65 0.15 2.65 2.15 2.28 1.78 0.47 0.14 0.25 0.31 0.35 0.29 2.66 0.16 2.66 1.12 2.11 2.00 0.90 0.28 0.31 0.36 0.38 0.30 2.66 0.18 2.66 0.60 1.25 1.78 1.63 0.26 0.25 0.27 0.20 2.65 0.11 2.65 0.27 0.42 0.88 1.39 1.18 0.71 0.40 0.25 2.66 0.13 2.65 0.24 0.33 0.52 1.22 2.19 0.91 0.77 0.86 0.38 2.65 0.13 2.65 0.19 0.22 0.30 0.45 1.08 1.12 0.53 1.53 0.88 2.66 0.12 2.66 0.19 0.19 0.22 0.24 0.40 0.62

I got: 1.16 1.69 2.67 0.13 2.68 0.27 0.25 0.24 0.23 0.28 0.24 0.47 1.62 1.78 0.03 2.67 0.41 0.34 0.32 0.29 0.33 0.27 0.41 0.25 0.12 0.09 0.03 2.68 0.04 0.02 0.03 0.18 0.16 0.09 0.07 0.12 0.04 0.21 0.06 2.64 0.04 0.03 0.03 0.18 0.16 0.09 0.06 0.13 0.21 0.70 1.27 2.69 0.24 1.29 0.64 0.42 0.38 0.26 0.36 0.13 0.16 0.50 0.64 1.44 0.29 2.66 1.31 0.63 0.46 0.31 0.38 0.14 0.02 0.01 0.06 0.07 0.01 0.37 0.01 0.01 0.01 0.01 0.01 0.01 0.01 0.01 0.06 0.06 0.01 0.35 0.01 0.07 0.01 0.05 0.01 0.01 0.11 0.22 0.31 0.39 0.38 2.66 0.11 1.79 1.72 1.08 0.71 0.22 0.13 0.28 0.35 0.40 0.37 2.67 0.13 2.66 2.15 2.27 1.78 0.47 0.14 0.25 0.32 0.35 0.29 2.65 0.15 2.66 1.13 2.12 2.00 0.90 0.28 0.31 0.36 0.37 0.30 2.67 0.17 2.65 0.60 1.25 1.79 1.63 0.26 0.25 0.31 0.22 2.65 0.12 2.65 0.32 0.49 1.01 1.58 1.35 0.71 0.40 0.25 2.66 0.14 2.66 0.24 0.33 0.52 1.24 2.18 0.91 0.77 0.86 0.38 2.66 0.15 2.66 0.18 0.22 0.35 0.58 1.26 1.34 0.53 1.51 0.89 2.66 0.11 2.65 0.19 0.19 0.22 0.26 0.34 0.62

I got: 1.11 1.69 2.67 0.12 2.67 0.28 0.25 0.24 0.25 0.24 0.25 0.47 1.62 1.78 0.03 2.67 0.41 0.34 0.32 0.31 0.29 0.28 0.40 0.25 0.12 0.10 0.03 2.64 0.04 0.02 0.02 0.05 0.04 0.09 0.07 0.13 0.04 0.23 0.07 2.64 0.04 0.03 0.03 0.07 0.04 0.09 0.06 0.13 0.21 0.71 1.27 2.66 0.24 1.28 0.64 0.45 0.33 0.26 0.35 0.13 0.16 0.50 0.64 1.44 0.30 2.66 1.31 0.66 0.41 0.31 0.38 0.14 0.07 0.09 0.03 0.09 0.00 0.78 0.01 0.01 0.01 0.01 0.01 0.01 0.01 0.01 0.01 0.06 0.01 0.78 0.01 0.10 0.01 0.05 0.01 0.01 0.12 0.33 0.30 0.42 0.43 2.66 0.08 1.98 1.92 1.21 0.78 0.25 0.13 0.35 0.30 0.40 0.37 2.66 0.14 2.65 2.15 2.27 1.78 0.47 0.14 0.33 0.27 0.35 0.29 2.66 0.14 2.65 1.13 2.11 1.99 0.90 0.29 0.38 0.32 0.37 0.30 2.65 0.15 2.66 0.60 1.25 1.78 1.63 0.33 0.24 0.31 0.22 2.66 0.12 2.65 0.31 0.48 1.01 1.57 1.34 0.64 0.40 0.25 2.66 0.14 2.65 0.24 0.33 0.52 1.24 2.19 0.91 0.98 1.04 0.46 2.66 0.12 2.66 0.23 0.27 0.36 0.59 1.27 1.35 0.53 1.50 0.89 2.70 0.14 2.65 0.19 0.19 0.22 0.26 0.34 0.63

I got: 1.11 1.68 2.68 0.14 2.68 0.27 0.25 0.24 0.25 0.24 0.25 0.47 1.62 1.78 0.02 2.71 0.41 0.34 0.32 0.31 0.29 0.27 0.40 0.25 0.12 0.09 0.03 2.64 0.04 0.03 0.02 0.04 0.03 0.09 0.07 0.12 0.04 0.23 0.07 2.64 0.04 0.03 0.03 0.05 0.03 0.09 0.06 0.13 0.21 0.71 1.27 2.66 0.23 1.28 0.64 0.45 0.33 0.26 0.35 0.12 0.16 0.50 0.64 1.45 0.29 2.65 1.31 0.66 0.41 0.31 0.38 0.15 0.07 0.09 0.01 0.09 0.01 0.77 0.01 0.01 0.01 0.01 0.01 0.01 0.01 0.01 0.01 0.06 0.01 0.72 0.01 0.08 0.01 0.04 0.01 0.00 0.10 0.35 0.30 0.44 0.45 2.65 0.09 2.11 2.05 1.29 0.84 0.27 0.13 0.35 0.30 0.40 0.37 2.65 0.12 2.65 2.15 2.26 1.78 0.46 0.14 0.33 0.27 0.35 0.29 2.66 0.14 2.65 1.12 2.07 2.02 0.90 0.28 0.38 0.31 0.38 0.30 2.66 0.15 2.65 0.60 1.25 1.82 1.63 0.40 0.25 0.31 0.23 2.65 0.12 2.66 0.33 0.50 1.04 1.63 1.39 0.64 0.40 0.25 2.65 0.16 2.66 0.24 0.32 0.52 1.24 2.18 0.91 0.98 1.05 0.46 2.66 0.12 2.66 0.23 0.27 0.36 0.59 1.27 1.35 0.53 1.50 0.88 2.66 0.11 2.66 0.19 0.19 0.22 0.26 0.34 0.63

I got: 1.11 1.69 2.68 0.11 2.66 0.27 0.25 0.24 0.25 0.24 0.25 0.47 1.62 1.78 0.04 2.66 0.41 0.34 0.32 0.31 0.29 0.28 0.40 0.25 0.12 0.09 0.03 2.65 0.04 0.02 0.02 0.02 0.01 0.09 0.07 0.12 0.04 0.23 0.07 2.65 0.04 0.03 0.03 0.02 0.01 0.09 0.06 0.13 0.21 0.71 1.27 2.65 0.21 1.28 0.64 0.45 0.33 0.26 0.35 0.13 0.16 0.51 0.64 1.45 0.30 2.66 1.31 0.66 0.41 0.31 0.38 0.13 0.01 0.08 0.01 0.13 0.01 0.50 0.01 0.01 0.01 0.01 0.00 0.01 0.00 0.01 0.01 0.07 0.01 0.47 0.01 0.07 0.01 0.04 0.01 0.01 0.12 0.35 0.30 0.44 0.45 2.65 0.09 2.12 2.05 1.29 0.83 0.27 0.13 0.35 0.30 0.40 0.37 2.65 0.14 2.66 2.15 2.26 1.78 0.47 0.14 0.33 0.27 0.35 0.29 2.65 0.14 2.66 1.12 2.07 2.02 0.90 0.28 0.39 0.31 0.38 0.30 2.66 0.19 2.65 0.60 1.25 1.82 1.63 0.39 0.25 0.32 0.23 2.66 0.12 2.70 0.32 0.50 1.04 1.63 1.39 0.64 0.40 0.25 2.66 0.15 2.66 0.24 0.33 0.52 1.24 2.18 0.91 0.98 1.05 0.46 2.70 0.13 2.66 0.23 0.27 0.36 0.59 1.27 1.35 0.53 1.50 0.88 2.67 0.12 2.65 0.19 0.19 0.22 0.26 0.34 0.62

I got: 1.11 1.68 2.69 0.13 2.67 0.27 0.24 0.24 0.25 0.24 0.25 0.47 1.62 1.78 0.04 2.67 0.41 0.34 0.32 0.31 0.29 0.28 0.40 0.25 0.12 0.10 0.03 2.63 0.04 0.02 0.03 0.02 0.01 0.09 0.07 0.12 0.04 0.23 0.07 2.64 0.05 0.03 0.03 0.02 0.01 0.10 0.06 0.13 0.21 0.70 1.27 2.66 0.23 1.28 0.64 0.45 0.33 0.27 0.35 0.13 0.16 0.50 0.64 1.44 0.30 2.66 1.31 0.66 0.41 0.31 0.38 0.13 0.06 0.07 0.01 0.10 0.01 0.49 0.01 0.01 0.01 0.01 0.01 0.01 0.01 0.01 0.01 0.10 0.00 0.54 0.01 0.06 0.01 0.07 0.01 0.01 0.12 0.35 0.30 0.43 0.45 2.65 0.08 2.11 2.05 1.29 0.84 0.27 0.13 0.35 0.30 0.40 0.37 2.66 0.15 2.66 2.15 2.26 1.78 0.47 0.14 0.33 0.27 0.35 0.29 2.66 0.14 2.66 1.13 2.07 2.02 0.90 0.28 0.38 0.31 0.38 0.30 2.66 0.18 2.65 0.60 1.25 1.82 1.63 0.39 0.25 0.31 0.23 2.66 0.14 2.65 0.32 0.50 1.04 1.63 1.39 0.64 0.40 0.25 2.66 0.13 2.66 0.24 0.33 0.52 1.24 2.18 0.91 0.98 1.04 0.46 2.67 0.12 2.67 0.23 0.27 0.36 0.59 1.27 1.34 0.53 1.50 0.88 2.65 0.12 2.65 0.19 0.19 0.22 0.26 0.34 0.63

