I got: 0.36 0.16 0.16 0.17 2.70 2.69 0.04 0.04 0.02 0.05 0.03 0.40 2.33 0.58 0.05 0.11 2.72 2.72 0.13 0.05 0.02 0.07 0.16 0.61 1.07 0.43 0.39 0.45 0.23 2.70 2.69 0.25 0.09 0.03 0.10 0.18 0.48 0.45 0.08 0.01 0.76 0.56 2.71 2.71 0.24 0.07 0.02 0.07 0.10 0.21 0.18 0.03 0.15 0.33 0.45 2.69 2.69 0.10 0.05 0.02 0.04 0.10 0.07 0.12 0.04 0.08 0.14 0.06 0.50 2.72 0.05 0.03 0.01 0.02 0.07 0.03 0.05 0.03 0.25 0.33 0.09 0.28 0.12 0.09 0.08 0.01 0.03 0.21 0.04 0.13 0.06 0.04 0.01 0.01 0.01 0.04 0.04 0.06 0.01 0.04 0.01 0.04 0.01 0.01 0.08 0.35 0.26 0.37 0.08 0.20 2.70 0.42 0.89 0.82 0.42 0.20 0.03 0.13 0.24 0.09 0.15 0.12 0.16 2.70 2.70 2.77 0.85 0.24 0.13 0.05 0.14 0.19 0.07 0.09 0.13 0.14 2.69 2.70 0.51 0.43 0.09 0.08 0.04 0.11 0.24 0.09 0.14 0.11 0.14 2.70 2.70 1.00 2.77 0.65 0.17 0.03 0.09 0.42 0.23 0.25 0.11 0.17 2.70 2.71 0.99 1.00 0.53 0.72 0.07 0.21 0.81 0.35 0.25 0.13 0.18 2.69 2.70 0.31 0.17 0.06 0.44 0.26 2.26 1.17 0.29 0.14 0.09 0.12 2.72 2.70 0.10 0.05 0.02 0.10 0.44 0.80 0.12 0.09 0.15 0.15 2.70 2.70 0.03 0.04 0.01 0.04 0.04 0.45

I got: 0.36 0.16 0.16 0.17 2.69 2.70 0.04 0.04 0.02 0.05 0.03 0.40 2.33 0.58 0.05 0.11 2.72 2.72 0.13 0.05 0.02 0.07 0.16 0.61 1.07 0.43 0.39 0.44 0.24 2.69 2.69 0.25 0.09 0.03 0.10 0.19 0.48 0.45 0.08 0.01 0.76 0.56 2.72 2.71 0.24 0.07 0.02 0.07 0.10 0.22 0.17 0.03 0.15 0.34 0.45 2.69 2.68 0.10 0.05 0.02 0.05 0.10 0.06 0.12 0.05 0.09 0.14 0.06 0.50 2.73 0.05 0.03 0.01 0.02 0.07 0.03 0.06 0.02 0.25 0.32 0.09 0.28 0.12 0.08 0.08 0.01 0.03 0.21 0.05 0.13 0.07 0.09 0.01 0.01 0.01 0.04 0.06 0.05 0.01 0.05 0.01 0.06 0.01 0.01 0.09 0.35 0.26 0.37 0.08 0.20 2.70 0.42 0.89 0.83 0.42 0.19 0.04 0.13 0.25 0.09 0.15 0.12 0.16 2.70 2.69 2.77 0.85 0.24 0.13 0.04 0.13 0.18 0.07 0.09 0.13 0.14 2.75 2.69 0.51 0.43 0.09 0.08 0.04 0.11 0.24 0.09 0.14 0.11 0.14 2.73 2.70 1.00 2.77 0.64 0.17 0.04 0.09 0.42 0.23 0.25 0.11 0.17 2.70 2.72 0.99 1.00 0.53 0.72 0.07 0.21 0.81 0.35 0.25 0.13 0.18 2.70 2.69 0.31 0.17 0.06 0.44 0.26 2.26 1.17 0.29 0.15 0.09 0.12 2.73 2.72 0.10 0.05 0.02 0.10 0.44 0.80 0.12 0.09 0.15 0.15 2.70 2.69 0.03 0.04 0.01 0.04 0.04 0.45

I got: 0.36 0.16 0.16 0.18 2.70 2.69 0.04 0.04 0.02 0.04 0.03 0.40 2.33 0.58 0.05 0.11 2.72 2.71 0.13 0.05 0.02 0.07 0.16 0.61 1.07 0.43 0.39 0.44 0.24 2.70 2.70 0.25 0.09 0.03 0.10 0.18 0.48 0.45 0.08 0.01 0.76 0.56 2.71 2.72 0.24 0.07 0.02 0.08 0.10 0.21 0.17 0.03 0.16 0.33 0.45 2.69 2.70 0.10 0.06 0.02 0.04 0.10 0.07 0.12 0.04 0.09 0.14 0.06 0.50 2.73 0.06 0.03 0.01 0.02 0.06 0.02 0.06 0.03 0.25 0.32 0.09 0.27 0.12 0.09 0.08 0.02 0.03 0.21 0.04 0.13 0.06 0.06 0.04 0.01 0.01 0.07 0.05 0.04 0.01 0.07 0.01 0.05 0.01 0.01 0.09 0.35 0.26 0.37 0.08 0.20 2.71 0.42 0.89 0.82 0.42 0.19 0.04 0.13 0.25 0.09 0.15 0.13 0.16 2.70 2.70 2.77 0.85 0.24 0.13 0.04 0.14 0.18 0.07 0.09 0.13 0.14 2.69 2.71 0.51 0.43 0.10 0.09 0.04 0.11 0.24 0.09 0.15 0.11 0.14 2.70 2.71 1.00 2.77 0.65 0.18 0.03 0.09 0.43 0.23 0.25 0.11 0.17 2.70 2.69 0.99 1.00 0.53 0.72 0.07 0.21 0.81 0.35 0.26 0.13 0.18 2.69 2.70 0.31 0.17 0.06 0.44 0.26 2.26 1.17 0.29 0.15 0.09 0.12 2.72 2.72 0.10 0.05 0.02 0.09 0.44 0.79 0.12 0.09 0.15 0.15 2.70 2.71 0.03 0.04 0.01 0.04 0.04 0.45

I got: 0.36 0.16 0.16 0.18 2.69 2.70 0.04 0.04 0.02 0.05 0.03 0.40 2.33 0.58 0.05 0.11 2.72 2.71 0.13 0.05 0.02 0.07 0.16 0.61 1.07 0.43 0.39 0.44 0.24 2.68 2.69 0.25 0.09 0.03 0.10 0.18 0.47 0.45 0.09 0.01 0.76 0.56 2.72 2.71 0.24 0.07 0.02 0.07 0.10 0.22 0.17 0.03 0.16 0.34 0.46 2.68 2.68 0.10 0.05 0.02 0.04 0.10 0.06 0.12 0.05 0.09 0.14 0.06 0.50 2.73 0.05 0.03 0.01 0.02 0.06 0.03 0.06 0.03 0.25 0.32 0.09 0.28 0.12 0.09 0.08 0.01 0.02 0.21 0.04 0.13 0.07 0.08 0.05 0.01 0.01 0.05 0.05 0.04 0.01 0.04 0.01 0.08 0.01 0.01 0.09 0.35 0.26 0.37 0.08 0.21 2.71 0.42 0.89 0.82 0.42 0.19 0.03 0.13 0.24 0.09 0.15 0.13 0.16 2.70 2.70 2.77 0.84 0.24 0.13 0.04 0.14 0.17 0.07 0.09 0.13 0.14 2.69 2.71 0.51 0.43 0.09 0.08 0.04 0.11 0.23 0.09 0.15 0.11 0.14 2.70 2.70 1.00 2.77 0.65 0.18 0.03 0.09 0.42 0.22 0.25 0.11 0.17 2.70 2.69 0.99 1.00 0.53 0.72 0.07 0.21 0.81 0.35 0.26 0.13 0.18 2.69 2.69 0.31 0.16 0.06 0.44 0.25 2.26 1.16 0.29 0.15 0.10 0.12 2.70 2.71 0.10 0.05 0.02 0.10 0.44 0.79 0.12 0.09 0.15 0.15 2.70 2.73 0.03 0.04 0.01 0.04 0.04 0.45

I got: 0.36 0.16 0.16 0.18 2.71 2.70 0.04 0.04 0.02 0.05 0.03 0.40 2.34 0.57 0.05 0.11 2.71 2.76 0.13 0.05 0.02 0.07 0.16 0.61 1.06 0.43 0.39 0.44 0.24 2.72 2.69 0.25 0.09 0.03 0.10 0.18 0.48 0.45 0.08 0.01 0.76 0.56 2.72 2.71 0.24 0.07 0.02 0.07 0.10 0.21 0.17 0.03 0.16 0.33 0.45 2.69 2.68 0.10 0.05 0.02 0.04 0.10 0.06 0.12 0.04 0.09 0.13 0.06 0.50 2.72 0.05 0.03 0.01 0.02 0.07 0.03 0.06 0.03 0.25 0.33 0.09 0.28 0.12 0.09 0.08 0.01 0.02 0.21 0.04 0.13 0.06 0.05 0.04 0.01 0.01 0.04 0.04 0.05 0.01 0.05 0.01 0.05 0.00 0.01 0.09 0.34 0.26 0.37 0.08 0.20 2.69 0.42 0.89 0.82 0.42 0.20 0.04 0.13 0.24 0.09 0.16 0.13 0.16 2.69 2.69 2.77 0.84 0.24 0.13 0.05 0.13 0.18 0.07 0.09 0.13 0.14 2.70 2.71 0.51 0.43 0.10 0.08 0.04 0.11 0.24 0.09 0.15 0.11 0.14 2.71 2.69 1.00 2.77 0.64 0.17 0.04 0.09 0.43 0.22 0.25 0.11 0.17 2.69 2.69 0.99 1.00 0.53 0.72 0.07 0.21 0.81 0.36 0.26 0.13 0.18 2.69 2.69 0.31 0.17 0.06 0.44 0.25 2.26 1.17 0.29 0.15 0.09 0.12 2.69 2.70 0.10 0.05 0.02 0.09 0.44 0.79 0.12 0.09 0.15 0.15 2.71 2.69 0.03 0.04 0.01 0.04 0.04 0.45

I got: 0.36 0.16 0.16 0.18 2.69 2.68 0.04 0.04 0.02 0.05 0.03 0.40 2.34 0.58 0.05 0.11 2.72 2.73 0.13 0.05 0.02 0.07 0.16 0.61 1.07 0.42 0.39 0.44 0.24 2.70 2.70 0.25 0.09 0.03 0.10 0.18 0.47 0.45 0.09 0.01 0.76 0.56 2.72 2.70 0.24 0.07 0.02 0.07 0.10 0.21 0.18 0.03 0.16 0.33 0.45 2.70 2.70 0.10 0.05 0.02 0.04 0.10 0.07 0.12 0.05 0.09 0.14 0.06 0.49 2.71 0.05 0.03 0.01 0.02 0.07 0.03 0.06 0.03 0.25 0.32 0.09 0.28 0.12 0.09 0.08 0.02 0.02 0.21 0.05 0.13 0.07 0.09 0.06 0.01 0.01 0.04 0.05 0.04 0.01 0.04 0.01 0.06 0.01 0.01 0.08 0.35 0.26 0.37 0.08 0.20 2.70 0.42 0.89 0.82 0.42 0.19 0.04 0.13 0.25 0.09 0.15 0.12 0.16 2.69 2.69 2.77 0.84 0.24 0.13 0.04 0.14 0.18 0.07 0.09 0.13 0.14 2.71 2.69 0.51 0.43 0.09 0.08 0.04 0.11 0.24 0.09 0.15 0.11 0.14 2.70 2.69 1.00 2.77 0.65 0.18 0.03 0.09 0.42 0.22 0.25 0.11 0.17 2.70 2.71 0.99 1.00 0.53 0.72 0.08 0.21 0.81 0.35 0.26 0.13 0.18 2.69 2.70 0.31 0.17 0.06 0.44 0.26 2.26 1.17 0.29 0.15 0.09 0.12 2.72 2.72 0.10 0.05 0.02 0.09 0.44 0.79 0.12 0.09 0.15 0.15 2.69 2.71 0.03 0.04 0.01 0.04 0.04 0.45

I got: 0.36 0.16 0.16 0.17 2.70 2.69 0.05 0.04 0.02 0.05 0.03 0.40 2.34 0.59 0.05 0.11 2.73 2.73 0.13 0.05 0.02 0.07 0.16 0.61 1.07 0.43 0.40 0.44 0.24 2.69 2.69 0.25 0.09 0.03 0.10 0.18 0.48 0.45 0.09 0.01 0.76 0.56 2.74 2.71 0.24 0.07 0.02 0.07 0.10 0.22 0.18 0.03 0.15 0.32 0.46 2.69 2.68 0.10 0.05 0.02 0.04 0.10 0.07 0.12 0.05 0.09 0.14 0.06 0.50 2.71 0.05 0.03 0.01 0.02 0.07 0.03 0.06 0.02 0.25 0.32 0.09 0.28 0.12 0.08 0.07 0.02 0.03 0.22 0.05 0.13 0.06 0.07 0.08 0.01 0.01 0.04 0.05 0.05 0.01 0.05 0.01 0.05 0.01 0.01 0.09 0.35 0.26 0.37 0.08 0.20 2.69 0.42 0.89 0.82 0.42 0.19 0.04 0.13 0.24 0.09 0.15 0.12 0.16 2.70 2.70 2.76 0.84 0.24 0.13 0.04 0.13 0.17 0.07 0.09 0.13 0.14 2.70 2.71 0.51 0.43 0.10 0.08 0.04 0.11 0.24 0.09 0.14 0.11 0.14 2.71 2.71 1.01 2.77 0.64 0.17 0.04 0.09 0.42 0.22 0.25 0.11 0.17 2.69 2.69 0.98 1.00 0.53 0.72 0.08 0.21 0.81 0.35 0.26 0.13 0.18 2.69 2.68 0.31 0.16 0.06 0.44 0.26 2.26 1.16 0.29 0.15 0.09 0.12 2.70 2.71 0.10 0.05 0.02 0.10 0.44 0.79 0.12 0.09 0.15 0.15 2.71 2.69 0.03 0.03 0.01 0.04 0.04 0.45

I got: 0.36 0.16 0.16 0.18 2.69 2.70 0.04 0.04 0.02 0.05 0.03 0.40 2.34 0.58 0.05 0.11 2.73 2.73 0.13 0.05 0.02 0.07 0.16 0.61 1.07 0.42 0.39 0.44 0.24 2.70 2.69 0.25 0.09 0.03 0.10 0.18 0.48 0.45 0.09 0.01 0.76 0.56 2.71 2.71 0.24 0.07 0.02 0.07 0.10 0.22 0.17 0.03 0.15 0.33 0.45 2.70 2.69 0.10 0.05 0.02 0.04 0.10 0.06 0.12 0.05 0.09 0.14 0.05 0.49 2.72 0.05 0.03 0.01 0.02 0.06 0.04 0.06 0.02 0.25 0.32 0.09 0.28 0.12 0.09 0.08 0.02 0.02 0.21 0.04 0.13 0.07 0.06 0.04 0.01 0.01 0.05 0.04 0.02 0.01 0.07 0.01 0.05 0.01 0.01 0.09 0.35 0.26 0.37 0.08 0.21 2.70 0.42 0.89 0.82 0.42 0.20 0.04 0.13 0.24 0.09 0.16 0.13 0.16 2.69 2.69 2.77 0.84 0.25 0.13 0.04 0.14 0.18 0.07 0.09 0.13 0.14 2.70 2.70 0.51 0.43 0.09 0.08 0.04 0.11 0.24 0.09 0.15 0.11 0.14 2.70 2.70 1.01 2.77 0.65 0.18 0.03 0.09 0.42 0.22 0.25 0.11 0.17 2.69 2.70 0.99 1.00 0.53 0.72 0.07 0.21 0.81 0.35 0.26 0.13 0.18 2.70 2.69 0.31 0.17 0.06 0.44 0.25 2.26 1.16 0.28 0.15 0.09 0.12 2.71 2.71 0.10 0.05 0.02 0.09 0.43 0.79 0.12 0.09 0.15 0.15 2.70 2.69 0.03 0.03 0.01 0.04 0.04 0.45

I got: 0.36 0.16 0.16 0.18 2.69 2.69 0.04 0.04 0.02 0.05 0.03 0.40 2.35 0.58 0.05 0.11 2.73 2.73 0.13 0.05 0.02 0.07 0.16 0.62 1.07 0.42 0.39 0.44 0.24 2.70 2.70 0.25 0.09 0.03 0.10 0.18 0.48 0.45 0.09 0.01 0.76 0.56 2.70 2.72 0.24 0.07 0.02 0.07 0.10 0.21 0.17 0.03 0.16 0.33 0.45 2.70 2.70 0.10 0.05 0.02 0.04 0.10 0.07 0.12 0.05 0.09 0.14 0.05 0.50 2.72 0.05 0.03 0.01 0.02 0.07 0.03 0.06 0.03 0.25 0.32 0.09 0.28 0.12 0.09 0.08 0.01 0.03 0.22 0.04 0.13 0.06 0.05 0.04 0.01 0.01 0.04 0.04 0.02 0.01 0.07 0.01 0.04 0.01 0.01 0.09 0.35 0.26 0.38 0.08 0.21 2.70 0.42 0.89 0.82 0.42 0.19 0.04 0.13 0.24 0.09 0.15 0.13 0.16 2.70 2.74 2.77 0.84 0.24 0.13 0.04 0.14 0.18 0.07 0.09 0.13 0.14 2.71 2.70 0.51 0.43 0.10 0.09 0.04 0.11 0.24 0.09 0.15 0.11 0.14 2.73 2.69 1.01 2.77 0.65 0.18 0.03 0.09 0.43 0.22 0.25 0.11 0.18 2.72 2.70 0.98 1.00 0.53 0.72 0.07 0.21 0.81 0.35 0.26 0.13 0.18 2.69 2.70 0.31 0.16 0.06 0.44 0.26 2.26 1.16 0.28 0.15 0.10 0.12 2.72 2.72 0.10 0.05 0.02 0.10 0.43 0.79 0.12 0.09 0.15 0.15 2.69 2.70 0.03 0.03 0.01 0.04 0.04 0.45

I got: 0.36 0.16 0.17 0.17 2.70 2.69 0.04 0.04 0.02 0.05 0.03 0.40 2.35 0.59 0.05 0.11 2.71 2.72 0.13 0.05 0.02 0.07 0.16 0.61 1.07 0.43 0.39 0.44 0.24 2.69 2.69 0.25 0.09 0.03 0.10 0.18 0.48 0.45 0.08 0.01 0.76 0.56 2.71 2.71 0.24 0.07 0.02 0.07 0.10 0.21 0.18 0.04 0.16 0.33 0.45 2.69 2.69 0.10 0.05 0.02 0.04 0.10 0.07 0.12 0.04 0.09 0.14 0.06 0.49 2.72 0.05 0.03 0.01 0.02 0.07 0.03 0.06 0.03 0.25 0.32 0.09 0.28 0.12 0.09 0.08 0.01 0.02 0.21 0.04 0.13 0.06 0.04 0.08 0.01 0.01 0.04 0.04 0.07 0.01 0.04 0.01 0.04 0.01 0.01 0.08 0.35 0.26 0.38 0.08 0.21 2.71 0.42 0.89 0.82 0.43 0.19 0.04 0.13 0.25 0.09 0.15 0.12 0.16 2.70 2.70 2.76 0.84 0.24 0.13 0.05 0.14 0.18 0.07 0.09 0.13 0.14 2.70 2.69 0.51 0.43 0.09 0.08 0.04 0.11 0.23 0.09 0.15 0.11 0.14 2.70 2.69 1.01 2.77 0.65 0.17 0.03 0.09 0.42 0.21 0.25 0.12 0.17 2.70 2.69 0.98 1.00 0.53 0.72 0.07 0.21 0.81 0.35 0.26 0.13 0.18 2.69 2.70 0.31 0.16 0.06 0.44 0.26 2.26 1.16 0.29 0.15 0.09 0.12 2.73 2.71 0.10 0.05 0.02 0.09 0.43 0.80 0.13 0.09 0.15 0.15 2.69 2.70 0.03 0.04 0.01 0.04 0.04 0.45

I got: 0.36 0.17 0.16 0.18 2.69 2.70 0.04 0.04 0.02 0.05 0.03 0.41 2.34 0.59 0.06 0.11 2.72 2.72 0.13 0.05 0.02 0.07 0.16 0.61 1.07 0.43 0.39 0.44 0.24 2.70 2.69 0.25 0.09 0.03 0.10 0.18 0.48 0.45 0.09 0.01 0.75 0.56 2.71 2.72 0.24 0.07 0.02 0.07 0.10 0.22 0.18 0.03 0.15 0.33 0.45 2.69 2.69 0.10 0.05 0.02 0.04 0.10 0.06 0.12 0.05 0.09 0.14 0.05 0.50 2.71 0.05 0.03 0.01 0.02 0.07 0.03 0.06 0.02 0.25 0.32 0.09 0.28 0.12 0.09 0.08 0.02 0.02 0.22 0.05 0.13 0.07 0.08 0.06 0.01 0.01 0.04 0.06 0.02 0.01 0.04 0.01 0.06 0.01 0.01 0.09 0.35 0.26 0.37 0.08 0.21 2.70 0.42 0.89 0.82 0.42 0.19 0.04 0.13 0.24 0.09 0.16 0.12 0.16 2.70 2.70 2.77 0.84 0.24 0.13 0.04 0.14 0.18 0.07 0.09 0.13 0.14 2.69 2.71 0.51 0.43 0.09 0.08 0.04 0.11 0.24 0.09 0.15 0.11 0.14 2.72 2.70 1.01 2.77 0.65 0.18 0.04 0.09 0.43 0.21 0.25 0.12 0.17 2.69 2.70 0.98 0.99 0.53 0.71 0.07 0.21 0.82 0.35 0.26 0.13 0.18 2.75 2.69 0.31 0.16 0.06 0.44 0.25 2.26 1.17 0.29 0.15 0.09 0.12 2.76 2.72 0.10 0.05 0.02 0.09 0.43 0.79 0.12 0.09 0.15 0.15 2.71 2.69 0.03 0.03 0.01 0.04 0.04 0.45

I got: 0.36 0.16 0.16 0.18 2.70 2.69 0.05 0.04 0.02 0.05 0.03 0.41 2.35 0.59 0.05 0.11 2.71 2.73 0.13 0.05 0.02 0.07 0.16 0.61 1.07 0.43 0.39 0.44 0.24 2.69 2.69 0.25 0.09 0.03 0.10 0.18 0.48 0.45 0.09 0.01 0.76 0.56 2.71 2.72 0.24 0.07 0.02 0.07 0.09 0.22 0.18 0.03 0.16 0.33 0.46 2.68 2.69 0.10 0.05 0.02 0.04 0.10 0.07 0.12 0.05 0.09 0.15 0.06 0.50 2.73 0.05 0.03 0.01 0.02 0.06 0.03 0.06 0.03 0.25 0.32 0.09 0.28 0.12 0.09 0.08 0.02 0.02 0.21 0.05 0.13 0.07 0.08 0.10 0.01 0.01 0.05 0.07 0.04 0.01 0.05 0.01 0.09 0.01 0.01 0.09 0.35 0.26 0.38 0.08 0.21 2.70 0.42 0.89 0.82 0.42 0.19 0.05 0.13 0.25 0.09 0.15 0.12 0.16 2.70 2.70 2.76 0.83 0.24 0.13 0.04 0.14 0.18 0.07 0.09 0.13 0.14 2.70 2.70 0.51 0.42 0.10 0.08 0.04 0.11 0.24 0.09 0.15 0.11 0.15 2.71 2.70 1.01 2.77 0.65 0.17 0.04 0.09 0.42 0.21 0.24 0.12 0.18 2.70 2.69 0.98 0.99 0.53 0.71 0.07 0.21 0.81 0.35 0.26 0.13 0.18 2.70 2.70 0.31 0.16 0.07 0.44 0.26 2.26 1.16 0.28 0.15 0.10 0.12 2.73 2.72 0.10 0.05 0.02 0.10 0.43 0.79 0.12 0.09 0.15 0.15 2.69 2.70 0.03 0.03 0.01 0.04 0.04 0.45

I got: 0.36 0.16 0.16 0.18 2.68 2.70 0.04 0.04 0.02 0.05 0.03 0.41 2.35 0.59 0.05 0.11 2.73 2.74 0.13 0.05 0.02 0.07 0.16 0.62 1.07 0.43 0.39 0.44 0.24 2.69 2.70 0.25 0.09 0.03 0.10 0.17 0.48 0.45 0.08 0.01 0.75 0.56 2.73 2.70 0.24 0.07 0.02 0.07 0.10 0.21 0.17 0.04 0.16 0.33 0.45 2.69 2.68 0.10 0.05 0.02 0.04 0.10 0.08 0.12 0.04 0.09 0.14 0.06 0.50 2.73 0.05 0.03 0.01 0.02 0.07 0.03 0.05 0.03 0.25 0.32 0.09 0.28 0.12 0.09 0.08 0.02 0.02 0.22 0.04 0.13 0.06 0.05 0.06 0.01 0.01 0.04 0.04 0.01 0.01 0.04 0.01 0.03 0.01 0.01 0.09 0.35 0.26 0.38 0.08 0.21 2.69 0.42 0.89 0.82 0.42 0.20 0.03 0.13 0.24 0.09 0.16 0.12 0.16 2.71 2.69 2.76 0.83 0.25 0.13 0.04 0.14 0.18 0.08 0.09 0.13 0.14 2.70 2.71 0.51 0.43 0.10 0.08 0.04 0.11 0.24 0.09 0.15 0.11 0.15 2.70 2.72 1.01 2.77 0.65 0.18 0.04 0.09 0.42 0.21 0.24 0.12 0.18 2.69 2.69 0.98 0.99 0.53 0.71 0.08 0.21 0.81 0.35 0.26 0.13 0.18 2.70 2.69 0.31 0.16 0.06 0.44 0.26 2.26 1.17 0.28 0.15 0.10 0.12 2.70 2.71 0.10 0.05 0.02 0.09 0.43 0.80 0.12 0.09 0.15 0.15 2.70 2.69 0.03 0.04 0.02 0.04 0.04 0.45

I got: 0.36 0.17 0.17 0.18 2.69 2.73 0.04 0.04 0.02 0.05 0.03 0.41 2.35 0.59 0.05 0.11 2.73 2.72 0.13 0.05 0.02 0.07 0.15 0.62 1.07 0.43 0.38 0.43 0.24 2.70 2.73 0.25 0.09 0.03 0.10 0.17 0.48 0.45 0.09 0.01 0.75 0.56 2.72 2.70 0.24 0.07 0.02 0.07 0.09 0.22 0.18 0.03 0.16 0.33 0.45 2.72 2.70 0.10 0.05 0.02 0.04 0.10 0.07 0.12 0.05 0.09 0.14 0.05 0.50 2.77 0.05 0.03 0.01 0.02 0.07 0.03 0.06 0.02 0.25 0.31 0.09 0.28 0.13 0.09 0.08 0.01 0.02 0.22 0.04 0.13 0.06 0.06 0.07 0.01 0.01 0.03 0.05 0.02 0.01 0.05 0.01 0.05 0.01 0.01 0.09 0.35 0.26 0.38 0.08 0.21 2.70 0.42 0.89 0.82 0.43 0.19 0.04 0.13 0.25 0.09 0.16 0.13 0.16 2.69 2.69 2.77 0.83 0.24 0.13 0.05 0.14 0.18 0.07 0.09 0.13 0.14 2.71 2.70 0.51 0.42 0.10 0.08 0.04 0.11 0.23 0.09 0.15 0.11 0.15 2.70 2.70 1.01 2.77 0.65 0.17 0.04 0.09 0.42 0.21 0.24 0.12 0.18 2.70 2.69 0.97 0.99 0.53 0.71 0.07 0.21 0.80 0.35 0.26 0.13 0.18 2.69 2.70 0.31 0.16 0.06 0.44 0.25 2.26 1.16 0.28 0.15 0.09 0.12 2.70 2.70 0.10 0.05 0.02 0.10 0.42 0.80 0.12 0.09 0.15 0.15 2.70 2.69 0.03 0.04 0.01 0.04 0.04 0.45

I got: 0.36 0.16 0.16 0.18 2.69 2.69 0.04 0.04 0.02 0.05 0.03 0.41 2.34 0.59 0.05 0.11 2.73 2.72 0.13 0.05 0.02 0.07 0.15 0.62 1.07 0.43 0.38 0.43 0.24 2.69 2.69 0.25 0.09 0.03 0.10 0.17 0.48 0.45 0.08 0.01 0.76 0.56 2.71 2.71 0.24 0.07 0.02 0.08 0.09 0.21 0.17 0.04 0.16 0.33 0.45 2.68 2.69 0.10 0.05 0.02 0.04 0.10 0.07 0.12 0.04 0.09 0.14 0.06 0.49 2.74 0.05 0.03 0.01 0.02 0.07 0.03 0.06 0.04 0.25 0.31 0.09 0.28 0.13 0.09 0.08 0.01 0.03 0.22 0.04 0.13 0.06 0.05 0.05 0.01 0.01 0.05 0.05 0.01 0.01 0.05 0.01 0.04 0.01 0.01 0.09 0.35 0.26 0.38 0.08 0.21 2.71 0.42 0.89 0.81 0.42 0.19 0.03 0.13 0.24 0.09 0.16 0.13 0.16 2.70 2.70 2.76 0.83 0.24 0.13 0.04 0.14 0.17 0.07 0.09 0.13 0.14 2.70 2.70 0.51 0.42 0.10 0.08 0.05 0.11 0.24 0.09 0.15 0.11 0.15 2.70 2.70 1.01 2.77 0.64 0.18 0.04 0.09 0.42 0.20 0.24 0.12 0.18 2.70 2.69 0.97 0.98 0.53 0.71 0.07 0.21 0.80 0.35 0.26 0.13 0.18 2.69 2.69 0.31 0.16 0.06 0.43 0.25 2.25 1.16 0.28 0.15 0.09 0.12 2.72 2.72 0.10 0.05 0.02 0.09 0.42 0.80 0.12 0.09 0.15 0.15 2.69 2.71 0.03 0.03 0.02 0.04 0.04 0.46

I got: 0.36 0.16 0.16 0.18 2.68 2.69 0.05 0.04 0.02 0.05 0.03 0.41 2.34 0.58 0.05 0.11 2.73 2.72 0.13 0.05 0.02 0.07 0.15 0.62 1.07 0.43 0.39 0.44 0.24 2.70 2.69 0.25 0.09 0.03 0.10 0.17 0.48 0.45 0.08 0.01 0.76 0.56 2.72 2.70 0.24 0.07 0.02 0.08 0.09 0.22 0.17 0.03 0.16 0.33 0.45 2.70 2.69 0.10 0.05 0.02 0.04 0.10 0.07 0.12 0.04 0.09 0.13 0.06 0.49 2.73 0.05 0.03 0.01 0.02 0.07 0.03 0.06 0.03 0.25 0.32 0.09 0.28 0.12 0.09 0.08 0.02 0.03 0.22 0.04 0.13 0.06 0.05 0.06 0.01 0.01 0.06 0.05 0.01 0.01 0.06 0.01 0.04 0.01 0.01 0.09 0.35 0.26 0.38 0.08 0.21 2.70 0.42 0.89 0.81 0.43 0.20 0.04 0.13 0.24 0.09 0.16 0.13 0.16 2.69 2.72 2.76 0.83 0.24 0.13 0.04 0.14 0.17 0.07 0.09 0.13 0.14 2.70 2.74 0.51 0.42 0.10 0.08 0.04 0.11 0.23 0.08 0.15 0.11 0.14 2.71 2.69 1.01 2.77 0.65 0.18 0.04 0.09 0.42 0.20 0.25 0.12 0.18 2.69 2.70 0.96 0.98 0.52 0.71 0.08 0.21 0.81 0.35 0.26 0.13 0.18 2.69 2.70 0.30 0.16 0.06 0.43 0.25 2.26 1.16 0.28 0.15 0.09 0.12 2.70 2.71 0.10 0.05 0.02 0.10 0.42 0.79 0.12 0.09 0.15 0.15 2.70 2.69 0.03 0.03 0.01 0.04 0.04 0.46

