I got: 2.77 2.73 1.46 1.99 2.77 2.68 2.75 2.66 1.59 1.69 2.78 2.77 2.74 1.32 1.62 2.54 2.65 2.67 2.72 1.37 1.36 2.40 1.87 2.14 2.72 2.43 2.29 2.76 2.67 2.66 2.76 2.42 2.04 2.70 1.97 1.66 2.22 2.75 2.78 2.77 2.67 2.67 2.64 2.75 2.78 2.74 1.96 1.50 2.21 2.78 2.77 2.77 2.67 2.65 2.61 2.77 2.78 2.75 2.15 1.55 1.99 2.78 2.76 2.70 2.67 2.66 2.54 2.76 2.77 2.50 2.54 1.60 2.37 2.76 2.40 1.52 2.57 2.68 2.69 2.76 2.43 1.43 2.62 2.41 0.02 0.01 0.01 0.01 0.01 0.04 0.01 0.15 0.01 0.15 0.01 0.01 2.78 2.65 1.55 2.13 2.27 2.66 2.78 2.72 1.47 2.32 2.54 2.78 2.72 1.40 1.84 1.28 2.67 2.67 2.77 1.40 2.26 1.81 2.11 2.17 2.78 2.38 2.28 2.05 2.67 2.67 2.78 2.43 2.57 2.29 2.16 1.72 2.78 2.75 2.75 2.36 2.67 2.67 2.70 2.76 2.77 2.56 2.18 1.62 2.78 2.77 2.78 2.77 2.66 2.66 2.64 2.78 2.78 2.77 2.33 1.69 2.77 2.65 2.74 2.49 2.65 2.67 2.53 2.77 2.75 2.65 2.77 1.75 2.76 2.33 2.49 1.43 2.42 2.66 2.69 2.76 2.47 1.69 2.34 2.73 2.78 1.38 1.09 0.31 0.10 2.10 0.54 0.63 0.41 0.43 0.51 2.74

I got: 2.77 2.73 1.46 1.99 2.78 2.67 2.76 2.65 1.60 1.69 2.78 2.76 2.75 1.31 1.62 2.55 2.66 2.67 2.73 1.37 1.36 2.40 1.87 2.15 2.71 2.43 2.29 2.76 2.68 2.67 2.74 2.42 2.04 2.70 1.97 1.65 2.23 2.73 2.78 2.76 2.66 2.66 2.66 2.76 2.78 2.76 1.96 1.51 2.21 2.79 2.76 2.76 2.67 2.68 2.60 2.77 2.78 2.77 2.15 1.56 1.99 2.78 2.77 2.71 2.67 2.65 2.55 2.75 2.77 2.52 2.56 1.60 2.36 2.75 2.40 1.53 2.57 2.67 2.69 2.75 2.43 1.44 2.62 2.41 0.02 0.01 0.01 0.01 0.01 0.04 0.01 0.15 0.01 0.12 0.01 0.01 2.77 2.64 1.55 2.13 2.26 2.64 2.78 2.73 1.47 2.32 2.54 2.78 2.72 1.40 1.84 1.29 2.66 2.67 2.77 1.40 2.26 1.81 2.11 2.17 2.77 2.38 2.28 2.05 2.68 2.67 2.78 2.43 2.57 2.29 2.16 1.72 2.77 2.76 2.75 2.36 2.67 2.67 2.70 2.77 2.76 2.57 2.18 1.62 2.78 2.77 2.78 2.76 2.67 2.65 2.63 2.77 2.77 2.77 2.33 1.68 2.78 2.64 2.74 2.48 2.66 2.66 2.53 2.78 2.74 2.65 2.76 1.75 2.75 2.34 2.48 1.43 2.42 2.67 2.68 2.77 2.47 1.69 2.34 2.72 2.78 1.38 1.09 0.31 0.10 2.10 0.54 0.63 0.41 0.42 0.51 2.76

I got: 2.76 2.73 1.47 1.99 2.77 2.65 2.78 2.65 1.59 1.69 2.77 2.75 2.76 1.31 1.62 2.56 2.66 2.67 2.73 1.37 1.36 2.41 1.87 2.15 2.72 2.43 2.29 2.75 2.64 2.67 2.76 2.41 2.05 2.71 1.97 1.65 2.23 2.75 2.77 2.75 2.68 2.67 2.66 2.77 2.77 2.77 1.96 1.51 2.20 2.78 2.75 2.76 2.66 2.67 2.61 2.76 2.77 2.78 2.14 1.56 2.00 2.78 2.77 2.72 2.67 2.64 2.57 2.76 2.77 2.53 2.57 1.60 2.36 2.76 2.40 1.53 2.56 2.66 2.69 2.75 2.43 1.44 2.62 2.41 0.02 0.01 0.01 0.01 0.01 0.04 0.02 0.17 0.01 0.17 0.01 0.01 2.75 2.62 1.55 2.13 2.26 2.65 2.78 2.73 1.47 2.31 2.53 2.77 2.73 1.40 1.84 1.30 2.67 2.67 2.76 1.40 2.25 1.82 2.11 2.17 2.77 2.38 2.28 2.05 2.65 2.67 2.77 2.43 2.58 2.30 2.15 1.72 2.77 2.78 2.77 2.35 2.67 2.67 2.71 2.78 2.75 2.57 2.18 1.62 2.77 2.77 2.78 2.76 2.67 2.67 2.62 2.77 2.76 2.76 2.33 1.69 2.77 2.65 2.76 2.48 2.67 2.67 2.53 2.78 2.74 2.64 2.76 1.76 2.77 2.34 2.48 1.43 2.43 2.67 2.67 2.77 2.47 1.70 2.35 2.71 2.78 1.38 1.09 0.31 0.10 2.08 0.54 0.63 0.41 0.42 0.51 2.76

I got: 2.76 2.73 1.47 1.99 2.77 2.64 2.78 2.66 1.60 1.69 2.76 2.75 2.77 1.31 1.62 2.56 2.67 2.66 2.73 1.37 1.36 2.41 1.87 2.14 2.73 2.43 2.29 2.75 2.65 2.67 2.77 2.41 2.05 2.71 1.97 1.65 2.23 2.77 2.77 2.76 2.64 2.67 2.66 2.78 2.77 2.77 1.96 1.51 2.20 2.77 2.77 2.76 2.67 2.67 2.63 2.75 2.76 2.78 2.15 1.56 2.00 2.78 2.77 2.72 2.66 2.67 2.57 2.77 2.76 2.53 2.57 1.61 2.36 2.77 2.40 1.53 2.55 2.67 2.68 2.75 2.44 1.43 2.61 2.41 0.02 0.01 0.01 0.01 0.01 0.04 0.01 0.15 0.01 0.15 0.01 0.01 2.75 2.63 1.55 2.13 2.26 2.66 2.78 2.73 1.47 2.31 2.53 2.77 2.73 1.40 1.83 1.30 2.64 2.67 2.76 1.40 2.25 1.82 2.11 2.17 2.76 2.38 2.28 2.05 2.64 2.67 2.77 2.43 2.60 2.30 2.16 1.72 2.76 2.78 2.78 2.35 2.68 2.67 2.71 2.78 2.77 2.56 2.19 1.62 2.77 2.76 2.77 2.75 2.67 2.67 2.63 2.76 2.74 2.76 2.34 1.69 2.77 2.66 2.77 2.49 2.67 2.68 2.52 2.77 2.76 2.63 2.75 1.75 2.78 2.34 2.48 1.43 2.42 2.67 2.68 2.77 2.48 1.70 2.35 2.72 2.77 1.38 1.09 0.31 0.10 2.10 0.54 0.63 0.42 0.43 0.52 2.75

I got: 2.75 2.73 1.46 1.99 2.76 2.65 2.78 2.67 1.60 1.69 2.76 2.77 2.77 1.31 1.62 2.57 2.67 2.68 2.73 1.37 1.36 2.41 1.87 2.15 2.74 2.43 2.29 2.75 2.65 2.67 2.78 2.41 2.05 2.71 1.97 1.65 2.23 2.78 2.76 2.78 2.65 2.67 2.66 2.78 2.76 2.77 1.96 1.51 2.20 2.77 2.78 2.78 2.64 2.67 2.63 2.77 2.75 2.78 2.14 1.56 2.00 2.77 2.76 2.72 2.67 2.67 2.56 2.78 2.76 2.52 2.57 1.60 2.35 2.78 2.40 1.53 2.55 2.67 2.67 2.76 2.44 1.43 2.60 2.41 0.02 0.01 0.01 0.01 0.01 0.05 0.01 0.14 0.01 0.13 0.01 0.01 2.77 2.65 1.55 2.13 2.27 2.67 2.78 2.73 1.47 2.31 2.56 2.76 2.72 1.40 1.84 1.30 2.66 2.66 2.75 1.40 2.25 1.82 2.11 2.17 2.75 2.37 2.28 2.05 2.65 2.66 2.76 2.43 2.60 2.30 2.15 1.72 2.75 2.78 2.78 2.35 2.66 2.67 2.70 2.78 2.78 2.55 2.19 1.62 2.76 2.76 2.76 2.75 2.67 2.67 2.64 2.76 2.77 2.75 2.35 1.69 2.76 2.67 2.77 2.50 2.68 2.66 2.51 2.77 2.77 2.63 2.75 1.75 2.78 2.34 2.48 1.43 2.42 2.67 2.69 2.77 2.48 1.69 2.36 2.73 2.77 1.38 1.09 0.31 0.10 2.07 0.54 0.63 0.41 0.42 0.52 2.75

I got: 2.77 2.73 1.46 1.99 2.76 2.66 2.78 2.68 1.59 1.69 2.75 2.78 2.77 1.32 1.62 2.56 2.68 2.68 2.72 1.37 1.36 2.41 1.87 2.14 2.74 2.42 2.29 2.77 2.66 2.66 2.78 2.41 2.04 2.70 1.97 1.65 2.23 2.79 2.76 2.78 2.66 2.67 2.66 2.78 2.76 2.76 1.96 1.51 2.20 2.76 2.79 2.79 2.65 2.67 2.63 2.78 2.76 2.77 2.13 1.56 1.99 2.76 2.76 2.72 2.66 2.67 2.56 2.78 2.75 2.52 2.56 1.60 2.35 2.78 2.39 1.53 2.55 2.67 2.66 2.77 2.43 1.43 2.59 2.40 0.02 0.01 0.01 0.01 0.01 0.04 0.02 0.15 0.01 0.14 0.01 0.01 2.78 2.66 1.55 2.13 2.28 2.67 2.77 2.73 1.46 2.31 2.56 2.76 2.72 1.40 1.84 1.31 2.66 2.65 2.74 1.40 2.25 1.81 2.11 2.17 2.77 2.37 2.28 2.06 2.66 2.65 2.76 2.43 2.60 2.29 2.15 1.72 2.75 2.78 2.77 2.36 2.64 2.67 2.70 2.78 2.78 2.54 2.19 1.62 2.75 2.75 2.75 2.77 2.68 2.67 2.65 2.75 2.78 2.75 2.34 1.68 2.75 2.67 2.77 2.50 2.69 2.67 2.51 2.76 2.77 2.64 2.74 1.75 2.78 2.34 2.49 1.43 2.43 2.66 2.70 2.76 2.48 1.69 2.35 2.74 2.76 1.38 1.09 0.31 0.10 2.07 0.54 0.63 0.41 0.42 0.52 2.75

I got: 2.78 2.72 1.46 1.99 2.75 2.67 2.77 2.68 1.59 1.68 2.74 2.78 2.76 1.32 1.62 2.55 2.68 2.66 2.72 1.38 1.36 2.42 1.87 2.13 2.74 2.42 2.29 2.77 2.67 2.65 2.77 2.41 2.04 2.69 1.98 1.65 2.23 2.78 2.75 2.78 2.67 2.66 2.65 2.78 2.75 2.76 1.96 1.51 2.20 2.75 2.78 2.78 2.66 2.67 2.63 2.78 2.77 2.77 2.14 1.56 1.99 2.75 2.75 2.71 2.64 2.67 2.55 2.77 2.74 2.51 2.56 1.60 2.36 2.77 2.39 1.53 2.57 2.67 2.68 2.77 2.43 1.44 2.61 2.41 0.02 0.02 0.01 0.01 0.01 0.04 0.02 0.14 0.01 0.14 0.01 0.01 2.78 2.66 1.55 2.12 2.28 2.67 2.76 2.72 1.47 2.32 2.56 2.75 2.71 1.40 1.84 1.31 2.67 2.64 2.76 1.40 2.26 1.80 2.11 2.17 2.78 2.37 2.28 2.07 2.67 2.65 2.75 2.42 2.60 2.29 2.16 1.72 2.76 2.77 2.77 2.37 2.66 2.67 2.69 2.77 2.78 2.53 2.19 1.62 2.75 2.74 2.77 2.77 2.65 2.67 2.66 2.77 2.78 2.77 2.35 1.69 2.74 2.68 2.76 2.50 2.67 2.67 2.50 2.76 2.77 2.65 2.73 1.75 2.77 2.34 2.50 1.43 2.42 2.65 2.70 2.75 2.48 1.69 2.35 2.74 2.75 1.38 1.09 0.31 0.10 2.06 0.54 0.63 0.41 0.42 0.54 2.75

I got: 2.78 2.71 1.47 1.99 2.74 2.67 2.77 2.68 1.59 1.67 2.75 2.78 2.75 1.32 1.62 2.54 2.66 2.67 2.70 1.37 1.35 2.42 1.87 2.14 2.73 2.42 2.29 2.77 2.67 2.66 2.76 2.42 2.03 2.70 1.98 1.66 2.23 2.78 2.75 2.77 2.67 2.65 2.64 2.77 2.74 2.75 1.96 1.51 2.21 2.77 2.78 2.78 2.67 2.66 2.63 2.78 2.78 2.76 2.14 1.55 1.98 2.76 2.74 2.70 2.66 2.67 2.54 2.77 2.75 2.50 2.54 1.59 2.37 2.77 2.39 1.53 2.58 2.65 2.69 2.77 2.43 1.44 2.63 2.41 0.02 0.01 0.01 0.01 0.01 0.04 0.01 0.16 0.01 0.15 0.01 0.01 2.79 2.66 1.55 2.13 2.28 2.67 2.75 2.71 1.47 2.33 2.55 2.76 2.70 1.40 1.84 1.33 2.67 2.67 2.78 1.40 2.27 1.79 2.11 2.16 2.78 2.38 2.28 2.07 2.67 2.67 2.76 2.43 2.60 2.28 2.16 1.72 2.78 2.77 2.77 2.38 2.66 2.66 2.68 2.77 2.77 2.52 2.18 1.62 2.76 2.77 2.78 2.78 2.64 2.67 2.65 2.78 2.79 2.78 2.34 1.69 2.75 2.66 2.76 2.49 2.66 2.67 2.50 2.75 2.76 2.65 2.76 1.74 2.77 2.33 2.50 1.43 2.42 2.66 2.70 2.75 2.48 1.69 2.33 2.73 2.75 1.38 1.09 0.31 0.10 2.07 0.54 0.63 0.41 0.42 0.57 2.74

I got: 2.78 2.72 1.46 1.99 2.76 2.67 2.76 2.67 1.60 1.66 2.77 2.77 2.75 1.31 1.62 2.54 2.66 2.67 2.71 1.37 1.34 2.42 1.87 2.13 2.73 2.42 2.28 2.77 2.67 2.68 2.76 2.42 2.01 2.72 1.98 1.65 2.23 2.77 2.78 2.77 2.67 2.66 2.63 2.77 2.77 2.74 1.96 1.51 2.21 2.78 2.77 2.78 2.67 2.65 2.62 2.77 2.78 2.76 2.15 1.56 1.97 2.78 2.75 2.69 2.66 2.66 2.53 2.76 2.77 2.49 2.53 1.59 2.37 2.76 2.40 1.53 2.58 2.65 2.69 2.76 2.43 1.44 2.64 2.41 0.02 0.01 0.01 0.01 0.01 0.04 0.02 0.16 0.01 0.13 0.01 0.01 2.78 2.65 1.55 2.13 2.28 2.67 2.77 2.71 1.46 2.35 2.53 2.77 2.71 1.40 1.84 1.30 2.67 2.67 2.77 1.40 2.29 1.75 2.11 2.16 2.78 2.38 2.28 2.06 2.67 2.67 2.77 2.43 2.61 2.26 2.16 1.72 2.78 2.76 2.76 2.37 2.67 2.64 2.69 2.76 2.77 2.51 2.18 1.62 2.77 2.77 2.79 2.77 2.65 2.66 2.65 2.78 2.78 2.78 2.34 1.69 2.77 2.64 2.75 2.47 2.65 2.67 2.50 2.76 2.76 2.64 2.75 1.73 2.76 2.33 2.49 1.43 2.41 2.68 2.70 2.74 2.48 1.70 2.30 2.73 2.76 1.38 1.09 0.31 0.10 2.07 0.54 0.63 0.41 0.42 0.64 2.74

I got: 2.77 2.73 1.46 2.00 2.77 2.68 2.75 2.66 1.60 1.62 2.78 2.77 2.74 1.31 1.62 2.53 2.65 2.67 2.73 1.37 1.31 2.44 1.87 2.14 2.72 2.43 2.29 2.77 2.67 2.66 2.75 2.42 1.99 2.74 1.97 1.65 2.22 2.75 2.78 2.76 2.67 2.68 2.65 2.75 2.77 2.76 1.96 1.50 2.21 2.78 2.77 2.77 2.67 2.66 2.61 2.77 2.78 2.76 2.15 1.55 1.95 2.78 2.77 2.70 2.67 2.66 2.53 2.75 2.77 2.50 2.52 1.57 2.37 2.76 2.40 1.53 2.57 2.68 2.69 2.76 2.43 1.44 2.65 2.41 0.02 0.01 0.01 0.01 0.01 0.04 0.01 0.13 0.00 0.19 0.01 0.01 2.78 2.65 1.55 2.13 2.28 2.65 2.78 2.73 1.47 2.37 2.51 2.78 2.72 1.40 1.84 1.32 2.67 2.67 2.77 1.40 2.33 1.71 2.11 2.17 2.78 2.38 2.28 2.07 2.67 2.67 2.78 2.43 2.63 2.24 2.16 1.72 2.78 2.75 2.75 2.37 2.67 2.67 2.70 2.76 2.76 2.49 2.18 1.62 2.78 2.77 2.78 2.77 2.66 2.66 2.64 2.78 2.78 2.78 2.33 1.69 2.77 2.60 2.74 2.45 2.66 2.66 2.45 2.78 2.75 2.58 2.70 1.67 2.76 2.33 2.48 1.43 2.42 2.66 2.70 2.76 2.47 1.69 2.08 2.73 2.78 1.38 1.09 0.31 0.10 2.06 0.54 0.63 0.41 0.42 1.09 2.75

I got: 2.77 2.73 1.46 2.00 2.78 2.68 2.76 2.65 1.60 1.36 2.78 2.76 2.74 1.32 1.62 2.53 2.65 2.67 2.73 1.37 1.12 2.56 1.87 2.15 2.71 2.42 2.29 2.76 2.68 2.67 2.75 2.42 1.76 2.76 1.97 1.65 2.23 2.74 2.78 2.76 2.67 2.66 2.66 2.76 2.75 2.78 1.96 1.50 2.21 2.78 2.76 2.76 2.67 2.68 2.60 2.77 2.78 2.78 2.15 1.55 1.83 2.78 2.77 2.71 2.67 2.66 2.52 2.76 2.76 2.47 2.48 1.52 2.36 2.75 2.40 1.53 2.57 2.67 2.69 2.75 2.43 1.44 2.72 2.41 0.02 0.01 0.01 0.01 0.01 0.04 0.01 0.16 0.01 0.14 0.01 0.16 2.77 2.64 1.55 2.13 2.28 2.64 2.78 2.73 1.47 2.49 2.39 2.78 2.72 1.40 1.84 1.32 2.66 2.67 2.77 1.40 2.45 1.45 2.11 2.17 2.77 2.38 2.28 2.07 2.68 2.67 2.78 2.43 2.76 2.10 2.15 1.72 2.77 2.76 2.75 2.37 2.67 2.68 2.71 2.77 2.75 2.37 2.18 1.62 2.78 2.77 2.78 2.76 2.67 2.65 2.64 2.78 2.77 2.77 2.33 1.69 2.77 2.62 2.74 2.47 2.66 2.66 2.51 2.78 2.75 2.63 2.75 1.73 2.75 2.34 2.49 1.43 2.43 2.67 2.69 2.77 2.47 1.70 2.28 2.72 2.78 1.38 1.09 0.31 0.10 2.06 0.54 0.63 0.41 0.43 0.66 2.75

I got: 2.77 2.73 1.47 2.00 2.78 2.66 2.77 2.64 1.59 1.60 2.77 2.76 2.76 1.31 1.62 2.54 2.66 2.67 2.73 1.37 1.30 2.45 1.87 2.14 2.72 2.43 2.29 2.75 2.66 2.67 2.75 2.42 1.97 2.75 1.98 1.65 2.23 2.74 2.78 2.75 2.68 2.67 2.67 2.77 2.78 2.77 1.96 1.51 2.21 2.78 2.75 2.74 2.66 2.67 2.61 2.76 2.77 2.78 2.15 1.56 1.94 2.78 2.77 2.71 2.67 2.64 2.54 2.76 2.77 2.50 2.54 1.57 2.36 2.75 2.40 1.53 2.56 2.66 2.69 2.74 2.43 1.44 2.64 2.41 0.02 0.01 0.01 0.01 0.01 0.04 0.02 0.14 0.01 0.13 0.01 0.01 2.76 2.63 1.55 2.13 2.27 2.65 2.78 2.73 1.47 2.35 2.50 2.78 2.73 1.40 1.84 1.31 2.67 2.67 2.77 1.40 2.32 1.71 2.11 2.17 2.77 2.38 2.28 2.07 2.66 2.67 2.78 2.43 2.65 2.24 2.16 1.72 2.77 2.77 2.77 2.36 2.67 2.66 2.71 2.78 2.76 2.50 2.18 1.62 2.77 2.77 2.78 2.76 2.67 48.61 2.62 2.77 2.76 2.77 2.33 1.69 2.77 2.62 2.75 2.46 2.67 2.68 2.50 2.77 2.74 2.62 2.74 1.73 2.77 2.34 2.48 1.43 2.43 2.67 48.61 2.77 2.47 1.70 2.28 2.71 2.78 1.38 1.09 0.31 0.10 2.07 0.54 0.63 0.41 0.42 0.68 2.77

I got: 2.76 2.73 1.46 1.99 2.77 2.64 2.78 2.66 1.59 1.60 2.77 2.75 2.77 1.31 1.62 2.55 2.67 2.66 2.73 1.37 1.29 2.45 1.87 2.14 2.73 2.43 2.29 2.75 2.64 2.67 2.77 2.41 1.97 2.75 1.98 1.65 2.23 2.77 2.77 2.75 2.65 2.67 2.67 2.78 2.77 2.77 1.96 1.51 2.20 2.78 2.77 2.77 2.68 2.67 2.63 2.75 2.76 2.78 2.14 1.56 1.94 2.77 2.77 2.71 2.67 2.65 2.55 2.77 2.76 2.50 2.54 1.57 2.36 2.77 2.40 1.53 2.55 2.67 2.69 2.74 2.44 1.44 2.64 2.41 0.02 0.01 0.01 0.01 0.01 0.06 0.01 0.16 0.01 0.17 0.01 0.01 2.74 2.63 1.55 2.13 2.27 2.66 2.78 2.73 1.47 2.36 2.50 2.77 2.73 1.40 1.83 1.31 2.64 2.67 2.76 1.40 2.33 1.70 2.11 2.17 2.76 2.38 2.28 2.06 2.64 2.67 2.77 2.43 2.66 2.24 2.15 1.72 2.76 2.78 2.78 2.35 2.68 2.67 2.71 2.79 2.77 2.50 2.19 1.62 2.77 2.76 2.77 2.75 2.67 2.68 2.62 2.76 2.74 2.77 2.34 1.69 2.76 2.63 2.76 2.46 2.67 2.67 2.49 2.77 2.75 2.60 2.74 1.72 2.77 2.34 2.48 1.43 2.42 2.67 2.68 2.77 2.47 1.70 2.27 2.73 2.77 1.38 1.09 0.31 0.10 2.09 0.54 0.63 0.41 0.42 0.70 2.77

