I got: 2.64 2.75 2.77 2.36 2.42 2.65 2.78 2.30 1.26 1.00 2.76 2.76 2.76 2.74 2.07 1.73 2.67 2.67 2.49 1.09 0.77 2.32 1.63 2.09 2.63 2.78 2.75 2.22 2.64 2.67 2.52 2.34 1.46 2.62 1.58 1.39 1.56 2.73 2.76 2.77 2.68 2.66 1.58 2.77 2.44 2.45 1.25 0.95 1.05 2.78 2.70 2.75 2.68 2.67 2.02 2.58 2.77 2.75 1.29 0.84 0.81 2.70 2.77 2.75 2.67 2.65 2.38 2.69 2.61 2.38 2.20 1.06 1.78 2.43 2.41 2.77 2.75 2.67 2.61 2.58 2.14 1.25 2.64 2.28 0.02 0.01 0.01 0.01 0.01 0.04 0.01 0.15 0.01 0.14 0.01 0.14 2.77 2.49 2.74 2.75 1.22 2.67 2.78 2.37 1.12 2.29 2.21 2.77 2.47 2.74 2.77 0.30 2.65 2.66 2.76 1.10 2.25 1.01 1.86 2.13 2.76 2.74 2.75 0.81 2.65 2.66 2.67 2.35 2.63 1.58 1.80 1.46 2.75 2.78 2.74 2.19 2.67 2.67 1.74 2.77 2.78 1.44 1.57 1.11 2.51 2.15 2.70 2.78 2.67 2.66 2.09 2.68 2.77 2.32 1.68 1.04 2.37 1.22 2.75 2.74 2.68 2.67 2.30 2.61 2.56 2.50 2.44 1.25 2.78 0.87 2.75 2.77 2.59 2.67 2.59 2.59 2.15 1.49 1.93 2.59 2.77 1.40 2.77 0.64 2.45 1.54 0.51 0.44 0.22 0.34 1.13 2.75

I got: 2.65 2.74 2.77 2.35 2.42 2.66 2.78 2.30 1.26 1.00 2.75 2.77 2.77 2.73 2.08 1.74 2.67 2.69 2.49 1.09 0.77 2.32 1.63 2.09 2.65 2.76 2.75 2.23 2.66 2.67 2.53 2.33 1.46 2.61 1.58 1.39 1.56 2.75 2.77 2.77 2.68 2.67 1.58 2.76 2.44 2.46 1.25 0.96 1.06 2.78 2.69 2.77 2.68 2.66 2.02 2.57 2.77 2.74 1.29 0.85 0.82 2.72 2.76 2.76 2.66 2.67 2.38 2.68 2.61 2.39 2.20 1.06 1.79 2.43 2.41 2.76 2.77 2.67 2.60 2.58 2.14 1.25 2.66 2.27 0.02 0.01 0.02 0.01 0.01 0.04 0.01 0.15 0.01 0.15 0.01 0.16 2.76 2.50 2.75 2.74 1.22 2.67 2.77 2.37 1.13 2.29 2.21 2.76 2.47 2.74 2.77 0.29 2.66 2.66 2.75 1.10 2.24 1.01 1.86 2.13 2.75 2.76 2.75 0.81 2.66 2.66 2.68 2.35 2.63 1.58 1.80 1.46 2.75 2.78 2.71 2.19 2.64 2.67 1.74 2.77 2.77 1.44 1.57 1.10 2.51 2.15 2.72 2.78 2.66 2.67 2.09 2.69 2.78 2.32 1.68 1.04 2.37 1.22 2.76 2.76 2.66 2.67 2.30 2.61 2.56 2.50 2.45 1.25 2.77 0.87 2.75 2.77 2.58 2.66 2.58 2.58 2.16 1.49 1.93 2.61 2.77 1.40 2.77 0.64 2.45 1.55 0.51 0.44 0.22 0.34 1.13 2.77

I got: 2.65 2.76 2.77 2.35 2.43 2.67 2.78 2.30 1.25 1.00 2.75 2.78 2.78 2.73 2.08 1.74 2.69 2.66 48.61 1.09 0.77 2.33 1.62 2.09 2.66 2.73 2.77 2.23 2.66 2.66 2.55 2.32 1.46 2.61 1.57 1.39 1.56 2.77 2.75 2.76 2.66 2.67 1.58 2.76 2.45 2.45 1.24 0.95 1.05 2.77 2.69 2.78 2.66 2.67 2.02 2.59 2.76 2.76 1.29 0.84 0.81 2.72 2.76 2.78 2.66 2.66 2.39 2.70 2.61 2.39 2.20 1.06 1.78 2.42 2.40 2.75 2.78 2.67 2.58 2.57 2.14 1.25 2.67 2.28 0.02 0.02 0.01 0.01 0.01 0.04 0.01 0.15 0.01 0.14 0.01 0.13 2.75 2.51 2.77 2.75 1.22 2.67 2.77 2.37 1.13 2.29 2.22 2.75 2.46 2.76 2.77 0.29 2.67 2.64 2.75 1.10 2.24 1.01 1.86 2.12 2.77 2.78 2.77 0.81 2.67 2.65 2.68 2.35 2.62 1.58 1.80 1.46 2.74 2.78 2.70 2.19 2.65 2.67 1.74 2.76 2.77 1.44 1.57 1.11 2.52 2.15 2.75 2.77 2.66 2.67 2.08 2.68 2.78 2.33 1.69 1.05 2.36 1.22 2.77 2.78 2.66 2.67 2.30 2.63 2.54 2.49 2.44 1.25 2.77 0.87 2.77 2.76 2.59 2.65 2.59 2.57 2.16 1.49 1.94 2.62 2.76 1.40 2.78 0.64 2.46 1.55 0.51 0.44 0.22 0.34 1.14 2.77

I got: 2.65 2.77 2.76 2.34 2.43 2.67 2.77 2.30 1.26 1.00 2.75 2.78 2.77 2.72 2.08 1.75 2.67 2.66 2.51 1.09 0.77 2.33 1.63 2.09 2.66 2.73 2.78 2.23 2.67 2.65 2.55 2.32 1.46 2.60 1.58 1.39 1.56 2.78 2.72 2.76 2.65 2.67 1.58 2.76 2.45 2.45 1.24 0.95 1.05 2.77 2.70 2.78 2.65 2.67 2.02 2.60 2.76 2.77 1.29 0.84 0.82 2.72 2.75 2.78 2.65 2.67 2.39 2.70 2.60 2.39 2.19 1.06 1.79 2.42 2.41 2.75 2.78 2.66 2.58 2.57 2.14 1.25 2.68 2.28 0.02 0.01 0.02 0.01 0.01 0.04 0.01 0.14 0.01 0.15 0.01 0.14 2.76 2.51 2.77 2.76 1.22 2.67 2.76 2.37 1.13 2.29 2.22 2.75 2.47 2.76 2.76 0.30 2.67 2.65 2.74 1.10 2.25 1.01 1.86 2.12 2.78 2.78 2.78 0.81 2.67 2.65 2.68 2.35 2.62 1.58 1.80 1.46 2.74 2.78 2.71 2.18 2.66 2.66 1.74 2.75 2.76 1.45 1.57 1.10 2.52 2.14 2.76 2.77 2.64 2.67 2.09 2.68 2.78 2.33 1.69 1.04 2.36 1.22 2.78 2.78 2.65 2.67 2.31 2.64 2.54 2.50 2.44 1.25 2.77 0.87 2.77 2.76 2.60 2.64 2.61 2.57 2.16 1.49 1.93 2.63 2.75 1.40 2.77 0.64 2.47 1.54 0.51 0.44 0.22 0.34 1.13 2.77

I got: 2.64 2.77 2.75 2.34 2.43 2.67 2.77 2.30 1.25 1.01 2.77 2.77 2.77 2.73 2.08 1.74 2.66 2.67 2.51 1.09 0.77 2.33 1.63 2.09 2.65 2.75 2.78 2.24 2.67 2.65 2.55 2.32 1.46 2.59 1.58 1.39 1.56 2.78 2.70 2.75 2.65 2.67 1.58 2.75 2.45 2.45 1.25 0.95 1.05 2.76 2.71 2.79 2.65 2.67 2.02 2.61 2.75 2.77 1.29 0.84 0.82 2.73 2.77 2.78 2.65 2.67 2.40 2.71 2.60 2.39 2.19 1.06 1.78 2.43 2.41 2.75 2.77 2.66 2.59 2.56 2.14 1.25 2.67 2.28 0.02 0.01 0.02 0.01 0.01 0.04 0.01 0.15 0.01 0.14 0.01 0.15 2.77 2.51 2.78 2.77 1.22 2.66 2.75 2.36 1.13 2.29 2.22 2.77 2.48 2.77 2.76 0.30 2.67 2.67 2.73 1.10 2.25 1.01 1.86 2.13 2.78 2.79 2.78 0.81 2.67 2.67 2.68 2.34 2.60 1.58 1.80 1.46 2.73 2.77 2.71 2.19 2.67 2.65 1.74 2.75 2.75 1.45 1.57 1.11 2.52 2.14 2.75 2.75 2.65 2.67 2.09 2.68 2.77 2.33 1.68 1.04 2.35 1.22 2.78 2.79 2.65 2.67 2.31 2.64 2.55 2.51 2.45 1.25 2.76 0.87 2.78 2.75 2.61 2.67 2.62 2.59 2.16 1.49 1.93 2.62 2.75 1.40 2.77 0.64 2.47 1.54 0.51 0.44 0.22 0.34 1.13 2.77

I got: 2.63 2.78 2.75 2.34 2.43 2.67 2.77 2.30 1.26 1.01 2.77 2.77 2.76 2.74 2.08 1.73 2.66 2.67 2.50 1.09 0.77 2.32 1.63 2.09 2.65 2.76 2.77 2.23 2.67 2.68 2.55 2.33 1.46 2.58 1.58 1.39 1.56 2.78 2.70 2.74 2.66 2.67 1.58 2.74 2.45 2.45 1.25 0.95 1.06 2.76 2.72 2.78 2.66 2.67 2.02 2.61 2.74 2.77 1.29 0.84 0.82 2.73 2.78 2.77 2.66 2.67 2.39 2.71 2.59 2.39 2.19 1.06 1.78 2.43 2.42 2.77 2.77 2.65 2.61 2.55 2.13 1.25 2.67 2.27 0.02 0.01 0.02 0.01 0.01 0.04 0.01 0.13 0.01 0.14 0.01 0.14 2.78 2.50 2.77 2.77 1.22 2.67 2.76 2.36 1.13 2.29 2.22 2.77 2.48 2.76 2.75 0.30 2.67 2.66 2.74 1.10 2.25 1.01 1.86 2.13 2.78 2.79 2.78 0.81 2.67 2.67 2.67 2.34 2.60 1.58 1.80 1.46 2.73 2.77 2.72 2.19 2.67 2.64 1.74 2.74 2.75 1.45 1.57 1.10 2.51 2.14 2.74 2.75 2.66 2.66 2.09 2.67 2.77 2.33 1.68 1.04 2.36 1.22 2.78 2.78 2.66 2.66 2.31 2.64 2.56 2.51 2.44 1.25 2.75 0.87 2.78 2.74 2.61 2.67 2.62 2.60 2.16 1.49 1.94 2.62 2.75 1.40 2.76 0.64 2.46 1.53 0.51 0.44 0.22 0.34 1.13 2.76

I got: 2.63 2.77 2.74 2.35 2.43 2.68 2.76 2.30 1.26 1.00 2.78 2.77 2.76 2.74 2.08 1.73 2.65 2.67 2.50 1.09 0.77 2.32 1.63 2.08 2.65 2.78 2.77 2.23 2.67 2.67 2.54 2.33 1.46 2.58 1.58 1.39 1.56 2.78 2.71 2.76 2.66 2.67 1.58 2.74 2.45 2.45 1.25 0.96 1.06 2.76 2.75 2.77 2.66 2.66 2.02 2.61 2.75 2.77 1.29 0.85 0.82 2.73 2.78 2.74 2.67 2.67 2.40 2.71 2.58 2.39 2.20 1.06 1.79 2.43 2.42 2.78 2.77 2.68 2.62 2.56 2.13 1.25 2.67 2.27 0.02 0.01 0.02 0.01 0.01 0.04 0.01 0.15 0.01 0.14 0.01 0.17 2.78 2.49 2.77 2.77 1.22 2.66 2.77 2.35 1.13 2.29 2.22 2.78 2.47 2.76 2.75 0.31 2.67 2.67 2.75 1.10 2.25 1.01 1.86 2.14 2.78 2.78 2.77 0.81 2.67 2.67 2.67 2.34 2.60 1.58 1.80 1.46 2.75 2.77 2.75 2.19 2.67 2.65 1.74 2.74 2.76 1.45 1.57 1.10 2.50 2.15 2.71 2.76 2.66 2.66 2.09 2.66 2.77 2.33 1.68 1.04 2.37 1.22 2.78 2.77 2.66 2.66 2.31 2.64 2.57 2.51 2.44 1.25 2.75 0.88 2.77 2.75 2.61 2.66 2.62 2.61 2.15 1.49 1.94 2.62 2.76 1.40 2.76 0.64 2.46 1.54 0.51 0.44 0.22 0.34 1.13 2.76

I got: 2.63 2.77 2.75 2.36 2.43 2.67 2.75 2.30 1.25 1.00 2.77 2.76 2.76 2.74 2.07 1.74 2.66 2.67 2.49 1.09 0.77 2.32 1.63 2.09 2.64 2.78 2.77 2.23 2.67 2.66 2.53 2.34 1.46 2.60 1.57 1.39 1.56 2.78 2.71 2.77 2.67 2.66 1.58 2.75 2.45 2.44 1.25 0.95 1.05 2.75 2.76 2.75 2.67 2.66 2.02 2.60 2.77 2.76 1.29 0.85 0.81 2.73 2.78 2.71 2.67 2.66 2.39 2.71 2.58 2.38 2.20 1.06 1.79 2.44 2.42 2.78 2.76 2.68 2.62 2.57 2.13 1.25 2.66 2.28 0.02 0.01 0.02 0.01 0.01 0.05 0.03 0.18 0.01 0.14 0.01 0.13 2.78 2.49 2.76 2.76 1.22 2.64 2.78 2.35 1.13 2.29 2.22 2.78 2.47 2.76 2.74 0.29 2.66 2.67 2.76 1.10 2.25 1.01 1.86 2.13 2.77 2.77 2.77 0.81 2.68 2.67 2.66 2.34 2.61 1.58 1.80 1.46 2.75 2.76 2.76 2.20 2.67 2.67 1.74 2.76 2.77 1.44 1.57 1.11 2.51 2.15 2.69 2.78 2.67 2.65 2.09 2.65 2.76 2.33 1.69 1.04 2.37 1.22 2.77 2.75 2.67 2.68 2.31 2.63 2.58 2.51 2.44 1.25 2.75 0.87 2.77 2.77 2.61 2.67 2.61 2.60 2.15 1.49 1.93 2.62 2.78 1.40 2.75 0.64 2.46 1.52 0.51 0.44 0.22 0.34 1.13 2.75

I got: 2.61 2.76 2.77 2.36 2.42 2.66 2.76 2.30 1.25 1.00 2.77 2.75 2.74 2.74 2.07 1.73 2.66 2.67 2.49 1.09 0.77 2.31 1.62 2.08 2.63 2.79 2.76 2.22 2.67 2.67 2.52 2.34 1.46 2.62 1.57 1.39 1.56 2.77 2.72 2.78 2.67 2.68 1.58 2.76 2.44 2.44 1.24 0.95 1.05 2.75 2.75 2.71 2.67 2.66 2.02 2.59 2.78 2.76 1.29 0.85 0.82 2.71 2.78 2.68 2.67 2.66 2.39 2.70 2.59 2.38 2.20 1.06 1.79 2.43 2.42 2.78 2.75 2.66 2.61 2.58 2.14 1.25 2.66 2.28 0.02 0.01 0.02 0.01 0.01 0.04 0.02 0.14 0.01 0.16 0.01 0.14 2.77 2.49 2.76 2.76 1.22 2.66 2.78 2.36 1.13 2.29 2.22 2.77 2.47 2.75 2.75 0.30 2.67 2.67 2.77 1.10 2.25 1.01 1.86 2.14 2.77 2.76 2.77 0.81 2.65 2.67 2.65 2.34 2.63 1.58 1.80 1.46 2.75 2.75 2.77 2.20 2.67 2.66 1.74 2.77 2.78 1.44 1.57 1.11 2.50 2.15 2.68 2.78 2.67 2.65 2.09 2.66 2.75 2.32 1.69 1.04 2.37 1.22 2.77 2.72 2.67 2.66 2.31 2.63 2.57 2.50 2.43 1.25 2.77 0.87 2.76 2.77 2.60 2.67 2.61 2.60 2.15 1.49 1.93 2.60 2.78 1.40 2.75 0.64 2.46 1.54 0.51 0.44 0.22 0.34 1.13 2.74

I got: 2.62 2.76 2.77 2.36 2.42 2.64 2.78 2.30 1.25 1.01 2.77 2.75 2.74 2.74 2.07 1.73 2.67 2.66 2.49 1.09 0.77 2.31 1.63 2.09 2.62 2.78 2.75 2.22 2.65 2.67 2.52 2.34 1.46 2.62 1.58 1.39 1.56 2.74 2.75 2.78 2.67 2.67 1.58 2.77 2.44 2.45 1.25 0.95 1.05 2.77 2.71 2.73 2.67 2.68 2.02 2.59 2.78 2.75 1.29 0.85 0.81 2.71 2.77 2.72 2.67 2.64 2.38 2.70 2.61 2.38 2.20 1.06 1.78 2.43 2.42 2.77 2.74 2.67 2.61 2.59 2.14 1.25 2.65 2.28 0.02 0.01 0.02 0.01 0.01 0.04 0.01 0.15 0.01 0.16 0.01 0.14 2.77 2.49 2.75 2.75 1.23 2.66 2.78 2.37 1.12 2.29 2.21 2.77 2.47 2.75 2.76 0.30 2.64 2.67 2.76 1.10 2.25 1.01 1.86 2.13 2.76 2.72 2.76 0.82 2.64 2.67 2.66 2.34 2.63 1.58 1.80 1.46 2.75 2.76 2.75 2.19 2.67 2.67 1.74 2.77 2.78 1.45 1.57 1.11 2.50 2.15 2.68 2.78 2.67 2.66 2.09 2.67 2.76 2.32 1.68 1.04 2.37 1.21 2.76 2.72 2.69 2.67 2.30 2.61 2.57 2.50 2.44 1.25 2.78 0.88 2.76 2.78 2.59 2.67 2.59 2.60 2.15 1.49 1.93 2.60 2.78 1.40 2.75 0.64 2.46 1.53 0.51 0.44 0.22 0.34 1.13 2.74

I got: 2.64 2.75 2.77 2.36 2.41 2.65 2.78 2.30 1.25 1.01 2.76 2.76 2.76 2.74 2.07 1.72 2.67 2.68 2.49 1.09 0.77 2.32 1.63 2.08 2.64 2.78 2.74 2.22 2.65 2.67 2.52 2.34 1.46 2.62 1.58 1.39 1.56 2.72 2.77 2.77 2.69 2.66 1.58 2.77 2.44 2.45 1.25 0.95 1.05 2.78 2.70 2.75 2.68 2.67 2.02 2.58 2.77 2.74 1.29 0.84 0.81 2.71 2.77 2.74 2.67 2.65 2.38 2.69 2.61 2.38 2.20 1.06 1.78 2.43 2.42 2.77 2.76 2.67 2.61 2.58 2.14 1.25 2.65 2.28 0.02 0.01 0.02 0.01 0.01 0.04 0.01 0.13 0.01 0.12 0.01 0.17 2.77 2.49 2.74 2.75 1.23 2.67 2.77 2.37 1.13 2.29 2.21 2.76 2.47 2.74 2.77 0.30 2.65 2.66 2.76 1.10 2.25 1.01 1.86 2.13 2.76 2.74 2.75 0.81 2.65 2.66 2.67 2.35 2.63 1.58 1.80 1.46 2.75 2.78 2.72 2.19 2.67 2.67 1.74 2.77 2.78 1.45 1.57 1.11 2.50 2.14 2.70 2.78 2.67 2.66 2.09 2.68 2.77 2.32 1.68 1.04 2.37 1.22 2.76 2.75 2.68 2.67 2.30 2.61 2.56 2.49 2.44 1.25 2.78 0.87 2.75 2.77 2.58 2.67 2.59 2.59 2.15 1.49 1.93 2.59 2.77 1.40 2.77 0.64 2.45 1.53 0.51 0.44 0.22 0.34 1.13 2.76

I got: 2.65 2.74 2.77 2.35 2.42 2.66 2.78 2.30 1.25 1.00 2.75 2.77 2.77 2.73 2.08 1.73 2.67 2.69 2.49 1.09 0.77 2.32 1.63 2.09 2.65 2.76 2.76 2.23 2.65 2.67 2.53 2.33 1.46 2.62 1.57 1.39 1.56 2.76 2.77 2.77 2.67 2.67 1.58 2.76 2.44 2.46 1.25 0.95 1.05 2.78 2.69 2.77 2.67 2.66 2.02 2.57 2.77 2.74 1.29 0.85 0.82 2.72 2.76 2.77 2.66 2.67 2.38 2.69 2.61 2.39 2.20 1.06 1.79 2.43 2.41 2.76 2.77 2.67 2.60 2.58 2.14 1.25 2.66 2.28 0.02 0.01 0.02 0.01 0.01 0.04 0.02 0.17 0.01 0.15 0.01 0.15 2.76 2.50 2.75 2.74 1.22 2.67 2.77 2.37 1.12 2.29 2.21 2.76 2.46 2.75 2.77 0.29 2.66 2.65 2.75 1.10 2.24 1.01 1.86 2.13 2.76 2.77 2.75 0.81 2.66 2.65 2.68 2.35 2.63 1.58 1.80 1.46 2.75 2.78 2.70 2.18 2.64 2.67 1.74 2.77 2.77 1.44 1.57 1.11 2.52 2.15 2.71 2.78 2.67 2.67 2.09 2.68 2.78 2.32 1.68 1.04 2.37 1.22 2.76 2.77 2.66 2.67 2.30 2.60 2.55 2.49 2.44 1.25 2.77 0.87 2.75 2.77 2.58 2.66 2.58 2.58 2.16 1.49 1.93 2.61 2.77 1.40 2.78 0.64 2.45 1.54 0.51 0.44 0.22 0.34 1.13 2.77

