I got: 2.71 2.77 2.46 2.32 2.64 2.65 2.78 2.32 1.28 1.03 2.76 2.77 2.76 2.31 2.11 2.15 2.67 2.69 2.50 1.12 0.80 2.33 1.68 2.12 2.73 2.78 2.78 2.76 2.64 2.67 2.54 2.34 1.48 2.63 1.63 1.44 1.86 2.77 2.78 2.75 2.66 2.67 2.13 2.74 2.71 2.70 1.48 1.14 1.44 2.78 2.72 2.78 2.68 2.67 2.31 2.76 2.77 2.78 1.60 1.08 0.92 2.77 2.78 2.78 2.67 2.65 2.43 2.72 2.62 2.39 2.23 1.09 1.74 2.61 2.76 2.61 2.74 2.67 2.63 2.61 2.14 1.25 2.64 2.25 0.02 0.01 0.01 0.01 0.01 0.05 0.04 0.13 0.01 0.15 0.01 0.14 2.77 2.74 2.50 2.51 1.56 2.67 2.77 2.40 1.15 2.31 2.24 2.76 2.73 2.37 2.42 0.63 2.65 2.66 2.76 1.12 2.27 1.04 1.88 2.15 2.76 2.77 2.75 1.68 2.65 2.66 2.68 2.35 2.64 1.61 1.83 1.51 2.76 2.78 2.75 2.77 2.65 2.67 2.18 2.78 2.78 1.91 1.75 1.26 2.71 2.76 2.71 2.77 2.67 2.67 2.33 2.76 2.75 2.72 1.92 1.22 2.43 1.96 2.78 2.77 2.67 2.67 2.33 2.64 2.57 2.50 2.44 1.28 2.78 1.17 2.77 2.54 2.61 2.67 2.62 2.61 2.17 1.49 1.91 2.56 2.77 1.40 2.12 0.45 0.78 1.66 0.55 0.47 0.23 0.34 1.14 2.74

I got: 2.71 2.76 2.46 2.32 2.62 2.66 2.78 2.32 1.28 1.03 2.75 2.78 2.77 2.31 2.11 2.14 2.68 2.69 2.52 1.12 0.79 2.34 1.68 2.12 2.73 2.78 2.78 2.76 2.66 2.67 2.56 2.33 1.47 2.63 1.63 1.44 1.85 2.79 2.78 2.77 2.64 2.67 2.13 2.77 2.70 2.71 1.48 1.13 1.44 2.77 2.71 2.78 2.64 2.67 2.32 2.75 2.76 2.78 1.60 1.07 0.92 2.76 2.78 2.76 2.66 2.67 2.43 2.73 2.62 2.40 2.22 1.10 1.74 2.61 2.75 2.60 2.76 2.67 2.62 2.61 2.14 1.25 2.66 2.25 0.02 0.01 0.01 0.01 0.01 0.06 0.03 0.16 0.01 0.15 0.01 0.15 2.76 2.73 2.52 2.51 1.56 2.67 2.77 2.40 1.15 2.31 2.24 2.76 2.72 2.37 2.41 0.64 2.66 2.65 2.75 1.13 2.27 1.04 1.88 2.15 2.76 2.76 2.77 1.67 2.66 2.66 2.70 2.35 2.64 1.61 1.83 1.51 2.75 2.76 2.77 2.78 2.64 2.67 2.18 2.77 2.78 1.91 1.75 1.26 2.71 2.75 2.71 2.75 2.68 2.67 2.34 2.75 2.78 2.72 1.92 1.23 2.43 1.96 2.78 2.77 2.66 2.67 2.35 2.66 2.56 2.50 2.45 1.28 2.77 1.17 2.76 2.53 2.60 2.66 2.63 2.60 2.17 1.49 1.92 2.58 2.77 1.40 2.12 0.45 0.78 1.65 0.55 0.47 0.23 0.34 1.15 2.77

I got: 2.70 2.75 2.45 2.32 2.61 2.67 2.77 2.33 1.28 1.03 2.74 2.78 2.77 2.31 2.11 2.15 2.69 2.66 2.53 1.11 0.80 2.34 1.68 2.12 2.73 2.78 2.77 2.75 2.67 2.66 2.57 2.32 1.47 2.62 1.63 1.44 1.85 2.78 2.75 2.78 2.65 2.67 2.13 2.78 2.71 2.72 1.48 1.13 1.44 2.76 2.74 2.78 2.65 2.67 2.32 2.74 2.75 2.77 1.60 1.07 0.92 2.75 2.78 2.74 2.66 2.67 2.43 2.74 2.61 2.40 2.22 1.09 1.75 2.61 2.74 2.63 2.77 2.67 2.62 2.60 2.14 1.25 2.67 2.25 0.02 0.01 0.01 0.01 0.01 0.06 0.02 0.15 0.01 0.15 0.01 0.13 2.75 2.75 2.53 2.53 1.57 2.67 2.76 2.39 1.15 2.31 2.24 2.75 2.73 2.36 2.42 0.64 2.67 2.64 2.74 1.12 2.27 1.04 1.88 2.15 2.77 2.75 2.78 1.67 2.67 2.64 2.70 2.35 2.63 1.61 1.84 1.51 2.74 2.74 2.78 2.77 2.66 2.66 2.18 2.77 2.77 1.90 1.75 1.26 2.71 2.75 2.72 2.74 2.64 2.67 2.35 2.74 2.78 2.72 1.93 1.22 2.44 1.96 2.78 2.76 2.65 2.67 2.35 2.67 2.55 2.51 2.45 1.28 2.77 1.17 2.75 2.52 2.59 2.65 2.65 2.61 2.17 1.49 1.92 2.60 2.76 1.40 2.12 0.45 0.78 1.67 0.55 0.47 0.23 0.35 1.14 2.77

I got: 2.70 2.74 2.45 2.31 2.63 2.67 2.77 2.34 1.28 1.03 2.76 2.77 2.77 2.31 2.12 2.14 2.66 2.67 2.53 1.12 0.80 2.35 1.68 2.12 2.72 2.77 2.77 2.74 2.67 2.65 2.56 2.33 1.48 2.61 1.63 1.45 1.86 2.77 2.70 2.78 2.67 2.66 2.13 2.78 2.72 2.72 1.48 1.13 1.44 2.75 2.77 2.75 2.66 2.66 2.32 2.76 2.77 2.76 1.60 1.07 0.92 2.75 2.78 2.76 2.65 2.67 2.43 2.74 2.60 2.40 2.23 1.09 1.75 2.60 2.75 2.64 2.77 2.65 2.64 2.59 2.15 1.26 2.67 2.25 0.02 0.01 0.01 0.01 0.01 0.07 0.02 0.13 0.01 0.13 0.01 0.14 2.77 2.77 2.52 2.53 1.57 2.67 2.75 2.38 1.15 2.32 2.24 2.77 2.74 2.36 2.42 0.65 2.67 2.67 2.74 1.12 2.28 1.04 1.88 2.15 2.78 2.77 2.78 1.69 2.67 2.68 2.69 2.35 2.61 1.61 1.84 1.51 2.75 2.76 2.78 2.76 2.67 2.65 2.17 2.76 2.77 1.90 1.75 1.26 2.70 2.75 2.73 2.77 2.65 2.66 2.34 2.75 2.78 2.71 1.92 1.22 2.43 1.96 2.77 2.75 2.65 2.66 2.36 2.67 2.57 2.52 2.45 1.28 2.76 1.18 2.75 2.52 2.58 2.66 2.65 2.63 2.16 1.50 1.92 2.60 2.75 1.40 2.12 0.45 0.78 1.68 0.54 0.47 0.23 0.34 1.14 2.77

I got: 2.69 2.76 2.45 2.31 2.64 2.67 2.76 2.34 1.28 1.03 2.77 2.77 2.76 2.30 2.12 2.13 2.65 2.67 48.61 1.11 0.80 2.35 1.68 2.12 2.72 2.76 2.76 2.74 2.67 2.68 2.56 2.33 1.48 2.60 1.63 1.44 1.85 2.73 2.67 2.78 2.67 2.65 2.13 2.77 2.72 2.72 1.48 1.13 1.44 2.76 2.77 2.72 2.67 2.65 2.32 2.77 2.78 2.76 1.60 1.07 0.92 2.75 2.77 2.78 2.66 2.67 2.43 2.74 2.59 2.40 2.23 1.10 1.75 2.59 2.77 2.64 2.76 2.67 2.65 2.58 2.15 1.25 2.67 2.24 0.02 0.01 0.01 0.01 0.01 0.06 0.04 0.17 0.01 0.14 0.01 0.15 2.78 2.77 2.51 2.53 1.56 2.67 2.77 2.39 1.15 2.32 2.24 2.78 2.74 2.37 2.42 0.65 2.67 2.66 2.75 1.13 2.28 1.04 1.88 2.14 2.78 2.78 2.77 1.68 2.67 2.67 48.61 2.34 2.61 1.61 1.84 1.51 2.77 2.78 2.76 2.76 2.67 2.65 2.18 2.75 2.76 1.90 1.75 1.26 2.69 2.76 2.76 2.78 2.66 2.66 2.35 2.77 2.78 2.71 1.92 1.23 2.44 1.96 2.76 2.77 2.66 2.65 2.35 2.66 2.59 2.52 2.45 1.28 2.75 1.18 2.77 2.52 2.59 2.67 2.65 2.64 2.17 1.49 1.92 2.60 2.76 1.40 2.12 0.45 0.78 1.67 0.55 0.47 0.24 0.34 1.14 2.76

I got: 2.69 2.78 2.45 2.31 2.65 2.68 2.75 2.34 1.28 1.03 2.78 2.76 2.76 2.30 2.11 2.14 2.65 2.67 2.51 1.12 0.80 2.34 1.67 2.12 2.71 2.75 2.75 2.75 2.67 2.66 2.55 2.34 1.48 2.61 1.63 1.44 1.85 2.71 2.73 2.78 2.67 2.67 2.12 2.77 2.72 2.72 1.48 1.13 1.44 2.78 2.74 2.72 2.67 2.65 2.32 2.77 2.78 2.75 1.60 1.07 0.92 2.77 2.76 2.79 2.67 2.67 2.42 2.73 2.60 2.39 2.23 1.10 1.75 2.58 2.77 2.64 2.76 2.68 2.65 2.61 2.15 1.25 2.67 2.25 0.02 0.01 0.01 0.01 0.01 0.07 0.01 0.14 0.01 0.14 0.01 0.13 2.78 2.76 2.51 2.52 1.56 2.64 2.78 2.39 1.15 2.31 2.24 2.78 2.74 2.37 2.42 0.63 2.66 2.67 2.77 1.13 2.28 1.05 1.88 2.14 2.77 2.78 2.77 1.68 2.67 2.67 2.68 2.33 2.63 1.61 1.84 1.51 2.77 2.78 2.72 2.75 2.67 2.67 2.18 2.76 2.75 1.90 1.75 1.26 2.68 2.78 2.78 2.78 2.67 2.65 2.34 2.77 2.77 2.69 1.93 1.22 2.44 1.96 2.75 2.78 2.67 2.68 2.35 2.66 2.59 2.51 2.45 1.28 2.74 1.18 2.78 2.53 2.61 2.67 2.64 2.64 2.17 1.50 1.92 2.59 2.77 1.40 2.12 0.45 0.78 1.68 0.55 0.47 0.24 0.34 1.14 2.75

I got: 2.70 2.77 2.44 2.31 2.65 2.65 2.77 2.34 1.28 1.03 2.77 2.75 2.75 2.30 2.11 2.15 2.66 2.67 2.51 1.11 0.80 2.33 1.67 2.12 2.71 2.77 2.75 2.77 2.68 2.67 2.54 2.34 1.47 2.63 1.63 1.44 1.85 2.73 2.75 2.77 2.67 2.67 2.12 2.76 2.72 2.71 1.48 1.13 1.44 2.78 2.71 2.74 2.67 2.68 2.31 2.77 2.78 2.76 1.60 1.07 0.92 2.78 2.74 2.78 2.67 2.66 2.42 2.73 2.61 2.38 2.23 1.09 1.75 2.58 2.77 2.63 2.75 2.66 2.65 2.62 2.15 1.26 2.66 2.25 0.02 0.01 0.01 0.01 0.01 0.07 0.02 0.15 0.01 0.15 0.01 0.16 2.78 2.76 2.51 2.52 1.56 2.65 2.78 2.40 1.16 2.31 2.24 2.77 2.74 2.37 2.42 0.66 2.67 2.67 2.77 1.13 2.27 1.04 1.88 2.14 2.77 2.78 2.76 1.69 2.65 2.67 2.67 2.34 2.64 1.61 1.84 1.51 2.77 2.78 2.67 2.74 2.67 2.67 2.18 2.77 2.77 1.90 1.75 1.26 2.70 2.77 2.77 2.78 2.67 2.66 2.34 2.77 2.77 2.69 1.92 1.23 2.44 1.96 2.76 2.78 2.67 2.66 2.35 2.65 2.59 2.51 2.44 1.28 2.76 1.17 2.78 2.54 2.62 2.67 2.64 2.63 2.17 1.50 1.92 2.59 2.78 1.40 2.12 0.45 0.78 1.66 0.55 0.47 0.23 0.34 1.14 2.75

I got: 2.71 2.77 2.45 2.31 2.65 2.64 2.78 2.33 1.28 1.03 2.77 2.75 2.75 2.31 2.11 2.14 2.66 2.66 2.51 1.11 0.80 2.33 1.67 2.12 2.72 2.78 2.77 2.77 2.65 2.67 2.54 2.34 1.48 2.63 1.63 1.44 1.85 2.76 2.77 2.77 2.68 2.67 2.13 2.75 2.71 2.70 1.48 1.13 1.44 2.78 2.71 2.77 2.67 2.66 2.31 2.76 2.77 2.78 1.60 1.07 0.92 2.77 2.76 2.78 2.67 2.65 2.43 2.72 2.62 2.39 2.23 1.10 1.75 2.60 2.76 2.62 2.74 2.67 2.64 2.62 2.15 1.26 2.65 2.26 0.02 0.01 0.01 0.01 0.01 0.05 0.05 0.15 0.01 0.13 0.01 0.14 2.77 2.75 2.50 2.51 1.59 2.66 2.78 2.40 1.16 2.31 2.23 2.77 2.74 2.37 2.42 0.64 2.65 2.67 2.76 1.13 2.27 1.04 1.89 2.14 2.76 2.77 2.75 1.69 2.64 2.67 2.68 2.35 2.64 1.61 1.84 1.51 2.76 2.78 2.72 2.77 2.67 2.67 2.18 2.78 2.78 1.90 1.75 1.26 2.71 2.77 2.72 2.78 2.67 2.67 2.33 2.76 2.76 2.71 1.93 1.23 2.44 1.95 2.78 2.78 2.69 2.67 2.34 2.64 2.58 2.50 2.45 1.28 2.78 1.18 2.77 2.55 2.62 2.67 2.63 2.63 2.17 1.50 1.92 2.57 2.78 1.40 2.12 0.45 0.78 1.65 0.54 0.47 0.23 0.34 1.14 2.74

I got: 2.71 2.76 2.46 2.32 2.63 2.65 2.78 2.32 1.28 1.03 2.76 2.77 2.77 2.31 2.11 2.14 2.67 2.68 2.51 1.12 0.80 2.34 1.68 2.12 2.73 2.78 2.78 2.76 2.65 2.67 2.54 2.34 1.47 2.63 1.63 1.44 1.85 2.78 2.78 2.75 2.65 2.67 2.13 2.75 2.70 2.71 1.48 1.13 1.44 2.78 2.72 2.78 2.65 2.67 2.32 2.76 2.77 2.78 1.60 1.07 0.92 2.77 2.78 2.77 2.66 2.66 2.43 2.72 2.62 2.39 2.23 1.09 1.75 2.61 2.75 2.61 2.74 2.67 2.63 2.62 2.14 1.25 2.66 2.25 0.02 0.01 0.01 0.01 0.01 0.05 0.02 0.13 0.01 0.14 0.01 0.14 2.77 2.74 2.51 2.51 1.59 2.67 2.78 2.40 1.15 2.31 2.24 2.76 2.73 2.37 2.41 0.65 2.66 2.66 2.76 1.12 2.27 1.04 1.89 2.14 2.75 2.76 2.75 1.70 2.66 2.66 2.69 2.35 2.64 1.61 1.84 1.51 2.76 2.77 2.75 2.77 2.65 2.67 2.18 2.78 2.78 1.90 1.76 1.26 2.71 2.76 2.70 2.76 2.67 2.67 2.33 2.76 2.76 2.72 1.93 1.22 2.43 1.95 2.78 2.77 2.67 2.67 2.34 2.64 2.57 2.50 2.46 1.28 2.77 1.17 2.76 2.54 2.61 2.66 2.62 2.61 2.18 1.50 1.92 2.57 2.77 1.40 2.12 0.45 0.78 1.68 0.55 0.47 0.24 0.34 1.14 2.76

I got: 2.70 2.76 2.46 2.32 2.63 2.66 2.78 2.33 1.28 1.03 2.75 2.78 2.77 2.31 2.11 2.15 2.68 2.68 2.53 1.11 0.79 2.35 1.67 2.12 2.73 2.78 2.78 2.76 2.66 2.66 2.56 2.33 1.47 2.63 1.63 1.44 1.85 2.79 2.77 2.77 2.65 2.67 2.14 2.77 2.70 2.72 1.47 1.13 1.44 2.77 2.71 2.79 2.65 2.67 2.32 2.75 2.76 2.78 1.60 1.07 0.92 2.76 2.78 2.76 2.66 2.67 2.43 2.73 2.62 2.40 2.22 1.09 1.75 2.61 2.75 2.61 2.76 2.67 2.62 2.61 2.14 1.25 2.67 2.25 0.02 0.01 0.01 0.01 0.01 0.07 0.02 0.17 0.01 0.16 0.01 0.16 2.76 2.74 2.52 2.51 1.57 2.67 2.77 2.40 1.16 2.31 2.24 2.76 2.72 2.37 2.41 0.65 2.66 2.65 2.75 1.13 2.27 1.04 1.89 2.15 2.76 2.76 2.77 1.68 2.66 2.65 2.70 2.35 2.63 1.61 1.84 1.51 2.75 2.77 2.77 2.78 2.64 2.67 2.18 2.77 2.78 1.90 1.76 1.26 2.71 2.75 2.71 2.74 2.68 2.67 2.34 2.75 2.77 2.72 1.93 1.22 2.43 1.96 2.78 2.77 2.66 2.67 2.35 2.65 2.56 2.50 2.46 1.28 2.77 1.17 2.76 2.54 2.61 2.66 2.64 2.61 2.18 1.50 1.92 2.58 2.76 1.40 2.12 0.45 0.78 1.66 0.55 0.47 0.24 0.34 1.14 2.77

I got: 2.70 2.75 2.45 2.32 2.61 2.67 2.77 2.33 1.28 1.03 2.74 2.78 2.78 2.31 2.11 2.14 2.69 2.66 2.53 1.12 0.79 2.35 1.67 2.12 2.73 2.78 2.78 2.75 2.67 2.66 2.57 2.32 1.47 2.62 1.63 1.45 1.86 2.79 2.76 2.78 2.65 2.67 2.13 2.78 2.71 2.72 1.48 1.13 1.44 2.77 2.74 2.78 2.65 2.67 2.33 2.74 2.75 2.77 1.60 1.07 0.92 2.76 2.78 2.75 2.67 2.67 2.43 2.74 2.61 2.40 2.22 1.09 1.75 2.61 2.74 2.62 2.77 2.67 2.62 2.60 2.14 1.26 2.67 2.25 0.02 0.01 0.01 0.01 0.01 0.06 0.01 0.14 0.01 0.13 0.01 0.16 2.75 2.74 2.53 2.52 1.56 2.67 2.76 2.39 1.15 2.31 2.24 2.75 2.73 2.36 2.42 0.66 2.67 2.64 2.74 1.13 2.27 1.04 1.89 2.15 2.78 2.75 2.78 1.69 2.67 2.64 2.70 2.35 2.64 1.61 1.84 1.51 2.74 2.75 2.78 2.77 2.66 2.66 2.18 2.77 2.78 1.90 1.76 1.26 2.71 2.75 2.72 2.75 2.65 2.67 2.35 2.75 2.78 2.72 1.93 1.23 2.43 1.96 2.78 2.76 2.65 2.67 2.35 2.67 2.55 2.51 2.45 1.28 2.77 1.18 2.75 2.53 2.59 2.65 2.65 2.60 2.17 1.50 1.92 2.60 2.76 1.40 2.12 0.45 0.78 1.68 0.54 0.47 0.23 0.34 1.14 2.77

I got: 2.70 2.74 2.45 2.31 2.63 2.67 2.77 2.34 1.28 1.03 2.76 2.77 2.77 2.31 2.11 2.14 2.67 2.67 2.53 1.11 0.80 2.35 1.68 2.12 2.73 2.77 2.77 2.75 2.67 2.65 2.57 2.32 1.47 2.61 1.63 1.44 1.86 2.77 2.71 2.78 2.66 2.66 2.13 2.78 2.72 2.72 1.48 1.13 1.44 2.75 2.76 2.75 2.66 2.67 2.32 2.75 2.77 2.77 1.60 1.07 0.92 2.75 2.78 2.76 2.64 2.67 2.43 2.74 2.61 2.40 2.22 1.09 1.75 2.60 2.74 2.64 2.77 2.66 2.64 2.60 2.14 1.25 2.68 2.25 0.02 0.01 0.01 0.01 0.01 0.05 0.04 0.15 0.01 0.15 0.01 0.15 2.77 2.76 2.52 2.53 1.57 2.67 2.76 2.39 1.15 2.32 2.24 2.75 2.74 2.36 2.42 0.64 2.67 2.66 2.74 1.12 2.27 1.04 1.89 2.14 2.78 2.77 2.78 1.68 2.67 2.67 2.69 2.35 2.62 1.61 1.84 1.51 2.75 2.75 2.78 2.77 2.67 2.65 2.18 2.76 2.77 1.90 1.75 1.26 2.70 2.74 2.72 2.77 2.64 2.67 2.35 2.75 2.78 2.71 1.93 1.22 2.44 1.95 2.77 2.75 2.65 2.67 2.35 2.67 2.56 2.52 2.45 1.28 2.76 1.18 2.74 2.52 2.58 2.65 2.66 2.63 2.17 1.50 1.92 2.60 2.75 1.40 2.12 0.45 0.78 1.68 0.54 0.47 0.24 0.34 1.14 2.77

I got: 2.69 2.76 2.45 2.31 2.64 2.67 2.77 2.34 1.28 1.03 2.77 2.77 2.76 2.31 2.12 2.13 2.65 2.67 2.53 1.12 0.80 2.35 1.68 2.12 2.72 2.77 2.77 2.74 2.67 2.67 2.56 2.33 1.48 2.61 1.63 1.45 1.85 2.75 2.68 2.78 2.67 2.65 2.13 2.77 2.72 2.72 1.48 1.13 1.44 2.76 2.77 2.71 2.67 2.66 2.32 2.77 2.78 2.76 1.60 1.07 0.92 2.75 2.78 2.77 2.66 2.67 2.43 2.74 2.60 2.40 2.23 1.09 1.74 2.59 2.76 2.64 2.77 2.66 2.65 2.58 2.14 1.25 2.67 2.23 0.02 0.02 0.01 0.01 0.01 0.10 0.02 0.16 0.01 0.16 0.01 0.14 2.78 2.77 2.52 2.53 1.56 2.67 2.76 2.39 1.15 2.32 2.24 2.77 2.74 2.37 2.42 0.64 2.67 2.67 2.75 1.12 2.28 1.04 1.85 2.14 2.78 2.78 2.77 1.67 2.67 2.66 2.69 2.34 2.61 1.61 1.82 1.51 2.76 2.77 2.77 2.77 2.67 2.64 2.17 2.75 2.76 1.91 1.72 1.26 2.70 2.76 2.75 2.78 2.65 2.66 2.35 2.77 2.78 2.72 1.89 1.23 2.44 1.96 2.77 2.77 2.66 2.66 2.35 2.66 2.58 2.52 2.44 1.28 2.76 1.16 2.76 2.50 2.55 2.67 2.63 2.61 2.15 1.47 1.89 2.58 2.75 1.40 2.12 0.44 0.78 1.67 0.54 0.47 0.23 0.34 1.14 2.77

