I got: 2.69 2.04 1.09 2.39 2.76 2.66 2.78 2.44 1.34 1.07 2.75 2.78 2.29 0.88 1.75 2.78 2.68 2.66 2.59 1.15 0.82 2.35 1.67 2.09 2.53 2.07 2.30 2.79 2.66 2.66 2.45 2.36 1.51 2.63 1.59 1.37 1.87 2.78 2.78 2.74 2.66 2.66 1.81 2.77 2.76 2.76 1.67 1.24 1.84 2.75 2.78 2.72 2.65 2.67 1.87 2.58 2.75 2.77 1.94 1.32 1.35 2.75 2.78 2.77 2.67 2.68 2.16 2.31 2.31 2.20 2.32 1.27 1.72 2.61 2.03 1.74 2.76 2.67 2.76 2.73 2.11 1.17 2.52 2.14 0.02 0.01 0.01 0.01 0.01 0.07 0.02 0.16 0.01 0.15 0.01 0.15 2.75 1.79 1.09 2.40 2.79 2.67 2.75 2.51 1.22 2.34 2.25 2.75 2.08 0.84 1.69 2.77 2.67 2.65 2.74 1.17 2.29 1.06 1.87 2.13 2.77 1.92 2.15 2.78 2.67 2.64 2.61 2.39 2.65 1.62 1.80 1.45 2.75 2.77 2.75 2.78 2.64 2.66 1.97 2.77 2.78 2.20 1.92 1.37 2.75 2.75 2.78 2.79 2.65 2.67 1.99 2.68 2.78 2.74 2.16 1.45 2.66 2.39 2.76 2.76 2.66 2.67 2.14 2.29 2.30 2.37 2.52 1.43 2.77 1.17 2.18 1.70 2.77 2.65 2.75 2.75 2.13 1.40 1.67 2.51 2.76 1.44 1.09 0.47 0.56 2.15 0.67 0.49 0.22 0.34 1.15 2.76

I got: 2.69 2.04 1.09 2.40 2.78 2.67 2.77 2.44 1.33 1.07 2.75 2.77 2.30 0.88 1.75 2.78 2.67 2.67 2.59 1.15 0.82 2.35 1.67 2.09 2.53 2.07 2.30 2.78 2.67 2.65 2.44 2.37 1.51 2.62 1.59 1.37 1.87 2.78 2.78 2.71 2.66 2.66 1.81 2.78 2.76 2.75 1.67 1.24 1.84 2.76 2.78 2.69 2.66 2.67 1.87 2.60 2.76 2.76 1.94 1.32 1.36 2.76 2.78 2.77 2.67 2.66 2.15 2.31 2.31 2.21 2.32 1.27 1.71 2.61 2.03 1.74 2.76 2.67 2.75 2.74 2.11 1.17 2.51 2.14 0.02 0.01 0.01 0.01 0.01 0.07 0.03 0.13 0.01 0.14 0.01 0.14 2.77 1.79 1.09 2.40 2.78 2.67 2.76 2.51 1.21 2.34 2.25 2.75 2.09 0.84 1.70 2.78 2.67 2.65 2.75 1.17 2.30 1.06 1.87 2.14 2.78 1.92 2.15 2.78 2.67 2.66 2.61 2.38 2.64 1.62 1.79 1.45 2.74 2.77 2.77 2.78 2.66 2.65 1.97 2.76 2.78 2.20 1.92 1.36 2.75 2.74 2.79 2.78 2.65 2.67 1.99 2.68 2.78 2.75 2.16 1.45 2.65 2.39 2.77 2.75 2.65 2.66 2.14 2.29 2.30 2.36 2.52 1.43 2.76 1.17 2.18 1.70 2.77 2.65 2.74 2.75 2.13 1.40 1.67 2.52 2.75 1.44 1.09 0.47 0.56 2.15 0.66 0.49 0.22 0.34 1.15 2.77

I got: 2.69 2.04 1.09 2.40 2.78 2.67 2.77 2.43 1.33 1.07 2.77 2.77 2.29 0.88 1.75 2.78 2.66 2.67 2.58 1.15 0.82 2.35 1.67 2.09 2.55 2.08 2.30 2.77 2.67 2.66 2.44 2.37 1.51 2.61 1.59 1.37 1.87 2.78 2.78 2.72 2.67 2.65 1.81 2.78 2.75 2.74 1.67 1.24 1.84 2.78 2.75 2.73 2.67 2.66 1.87 2.61 2.77 2.76 1.94 1.32 1.35 2.78 2.77 2.77 2.65 2.67 2.15 2.31 2.31 2.21 2.33 1.27 1.71 2.60 2.03 1.75 2.77 2.66 2.75 2.74 2.11 1.17 2.52 2.15 0.02 0.01 0.01 0.01 0.01 0.06 0.02 0.17 0.01 0.15 0.01 0.16 2.78 1.79 1.09 2.40 2.78 2.66 2.77 2.51 1.22 2.34 2.25 2.77 2.09 0.84 1.70 2.78 2.67 2.66 2.77 1.17 2.29 1.06 1.87 2.14 2.78 1.91 2.16 2.78 2.67 2.67 2.60 2.37 2.63 1.62 1.80 1.45 2.76 2.76 2.78 2.79 2.67 2.65 1.97 2.75 2.77 2.20 1.92 1.36 2.74 2.75 2.79 2.76 2.65 2.67 1.98 2.67 2.78 2.77 2.17 1.45 2.65 2.39 2.78 2.74 2.65 2.66 2.14 2.29 2.30 2.36 2.51 1.44 2.75 1.17 2.18 1.70 2.76 2.67 2.75 2.75 2.13 1.40 1.67 2.52 2.75 1.44 1.09 0.47 0.56 2.15 0.66 0.49 0.22 0.34 1.15 2.77

I got: 2.68 2.03 1.09 2.41 2.79 2.68 2.75 2.43 1.33 1.07 2.78 2.76 2.29 0.88 1.75 2.78 2.65 2.67 2.57 1.15 0.82 2.35 1.67 2.09 2.56 2.07 2.30 2.76 2.67 2.67 2.45 2.38 1.51 2.60 1.59 1.37 1.88 2.77 2.77 2.74 2.67 2.66 1.81 2.77 2.74 2.75 1.67 1.24 1.84 2.78 2.72 2.76 2.67 2.65 1.87 2.60 2.78 2.76 1.94 1.31 1.36 2.78 2.77 2.75 2.66 2.67 2.15 2.30 2.31 2.21 2.33 1.27 1.71 2.59 2.02 1.74 2.78 2.66 2.77 2.75 2.11 1.17 2.54 2.15 0.02 0.01 0.01 0.01 0.01 0.05 0.02 0.14 0.01 0.13 0.01 0.16 2.78 1.79 1.09 2.39 2.77 2.67 2.78 2.50 1.22 2.34 2.25 2.78 2.09 0.84 1.70 2.77 2.67 2.67 2.77 1.17 2.29 1.06 1.87 2.14 2.77 1.91 2.16 2.77 2.67 2.67 2.59 2.37 2.63 1.63 1.80 1.45 2.77 2.75 2.77 2.78 2.67 2.67 1.97 2.75 2.76 2.20 1.92 1.36 2.75 2.77 2.78 2.72 2.66 2.65 1.98 2.66 2.78 2.78 2.17 1.45 2.64 2.39 2.78 2.77 2.66 2.66 2.13 2.29 2.31 2.35 2.51 1.44 2.75 1.17 2.19 1.71 2.75 2.67 2.77 2.75 2.13 1.40 1.67 2.53 2.77 1.44 1.09 0.47 0.56 2.14 0.66 0.49 0.22 0.33 1.15 2.76

I got: 2.67 2.04 1.09 2.41 2.77 2.68 2.76 2.43 1.34 1.07 2.78 2.76 2.29 0.88 1.75 2.76 2.65 2.67 2.56 1.15 0.82 2.35 1.66 2.09 2.55 2.07 2.29 2.74 2.67 2.66 2.45 2.38 1.51 2.63 1.59 1.37 1.88 2.73 2.76 2.77 2.67 2.67 1.82 2.77 2.74 2.77 1.67 1.24 1.84 2.78 2.75 2.78 2.67 2.67 1.87 2.60 2.78 2.78 1.94 1.32 1.36 2.78 2.76 2.75 2.67 2.67 2.15 2.30 2.30 2.21 2.33 1.27 1.72 2.59 2.03 1.75 2.78 2.68 2.78 2.75 2.11 1.17 2.55 2.15 0.02 0.02 0.01 0.01 0.01 0.07 0.02 0.15 0.01 0.13 0.01 0.15 2.78 1.79 1.09 2.38 2.73 2.65 2.79 2.50 1.22 2.33 2.24 2.78 2.08 0.84 1.69 2.76 2.66 2.67 2.77 1.17 2.30 1.06 1.87 2.14 2.77 1.91 2.15 2.77 2.68 2.67 2.58 2.38 2.66 1.62 1.80 1.45 2.77 2.77 2.77 2.77 2.67 2.67 1.97 2.77 2.76 2.20 1.92 1.36 2.77 2.77 2.77 2.68 2.67 2.64 1.98 2.65 2.77 2.77 2.16 1.45 2.64 2.38 2.77 2.78 2.67 2.68 2.12 2.29 2.31 2.35 2.51 1.43 2.76 1.18 2.19 1.71 2.77 2.67 2.78 2.75 2.14 1.41 1.67 2.52 2.78 1.44 1.09 0.47 0.56 2.15 0.66 0.49 0.22 0.34 1.15 2.76

I got: 2.68 2.04 1.09 2.41 2.75 2.66 2.78 2.44 1.33 1.07 2.77 2.75 2.30 0.88 1.75 2.76 2.66 2.67 2.56 1.15 0.82 2.34 1.67 2.09 2.54 2.08 2.29 2.75 2.67 2.67 2.45 2.38 1.51 2.64 1.59 1.37 1.87 2.75 2.76 2.78 2.67 2.66 1.81 2.76 2.77 2.77 1.67 1.24 1.84 2.78 2.77 2.77 2.67 2.68 1.87 2.60 2.78 2.78 1.94 1.32 1.36 2.77 2.75 2.77 2.67 2.66 2.15 2.30 2.30 2.21 2.33 1.27 1.72 2.61 2.03 1.75 2.78 2.66 2.78 2.75 2.12 1.17 2.54 2.15 0.03 0.02 0.01 0.01 0.01 0.07 0.02 0.15 0.01 0.19 0.01 0.14 2.77 1.79 1.09 2.39 2.75 2.66 2.78 2.50 1.21 2.32 2.24 2.77 2.09 0.84 1.70 2.76 2.67 2.67 2.76 1.17 2.30 1.06 1.88 2.13 2.76 1.91 2.15 2.76 2.66 2.67 2.58 2.38 2.66 1.62 1.80 1.45 2.77 2.78 2.76 2.77 2.67 2.67 1.97 2.78 2.76 2.20 1.92 1.36 2.77 2.77 2.75 2.72 2.67 2.67 1.98 2.66 2.76 2.77 2.16 1.45 2.65 2.37 2.76 2.78 2.67 2.66 2.13 2.28 2.31 2.35 2.52 1.43 2.77 1.18 2.20 1.70 2.78 2.67 2.77 2.74 2.14 1.41 1.67 2.52 2.78 1.43 1.09 0.47 0.56 2.15 0.66 0.48 0.22 0.34 1.15 2.74

I got: 2.69 2.04 1.09 2.40 2.71 2.65 2.78 2.44 1.33 1.07 2.77 2.76 2.30 0.88 1.75 2.77 2.67 2.66 2.58 1.15 0.82 2.34 1.67 2.09 2.54 2.08 2.29 2.78 2.64 2.67 2.45 2.37 1.51 2.64 1.59 1.37 1.87 2.78 2.75 2.79 2.66 2.67 1.81 2.75 2.77 2.77 1.67 1.24 1.85 2.78 2.78 2.75 2.68 2.67 1.87 2.58 2.77 2.78 1.94 1.32 1.36 2.77 2.76 2.78 2.67 2.66 2.15 2.31 2.30 2.20 2.33 1.27 1.72 2.62 2.03 1.75 2.77 2.67 2.77 2.74 2.12 1.17 2.54 2.14 0.02 0.01 0.01 0.01 0.01 0.10 0.02 0.13 0.01 0.13 0.01 0.14 2.77 1.79 1.09 2.39 2.77 2.67 2.78 2.49 1.22 2.33 2.25 2.77 2.09 0.84 1.70 2.75 2.64 2.67 2.76 1.17 2.30 1.06 1.88 2.13 2.75 1.91 2.15 2.76 2.64 2.67 2.57 2.39 2.66 1.62 1.80 1.45 2.76 2.78 2.76 2.74 2.68 2.67 1.97 2.78 2.78 2.20 1.92 1.36 2.77 2.77 2.74 2.76 2.67 2.66 1.98 2.68 2.75 2.76 2.16 1.45 2.67 2.38 2.76 2.77 2.68 2.67 2.13 2.28 2.31 2.36 2.53 1.44 2.78 1.17 2.19 1.70 2.78 2.66 2.77 2.73 2.14 1.41 1.67 2.51 2.77 1.44 1.09 0.47 0.55 2.16 0.66 0.48 0.22 0.33 1.15 2.74

I got: 2.70 2.03 1.09 2.39 2.74 2.65 2.78 2.44 1.33 1.07 2.76 2.78 2.29 0.88 1.75 2.78 2.67 2.68 2.60 1.15 0.82 2.35 1.66 2.09 2.53 2.08 2.29 2.78 2.65 2.67 2.45 2.36 1.51 2.64 1.59 1.37 1.87 2.78 2.75 2.78 2.64 2.67 1.81 2.75 2.77 2.76 1.66 1.24 1.85 2.77 2.79 2.72 2.65 2.67 1.87 2.57 2.77 2.78 1.94 1.32 1.36 2.76 2.77 2.78 2.67 2.64 2.15 2.31 2.30 2.20 2.32 1.27 1.73 2.62 2.03 1.75 2.77 2.67 2.77 2.73 2.12 1.17 2.53 2.14 0.02 0.01 0.01 0.01 0.01 0.06 0.02 0.17 0.01 0.15 0.01 0.15 2.76 1.79 1.09 2.40 2.78 2.67 2.77 2.50 1.22 2.33 2.25 2.76 2.09 0.84 1.69 2.75 2.66 2.65 2.75 1.17 2.29 1.06 1.88 2.13 2.75 1.91 2.15 2.76 2.66 2.66 2.60 2.39 2.66 1.62 1.80 1.45 2.75 2.78 2.75 2.75 2.65 2.67 1.97 2.78 2.78 2.20 1.92 1.36 2.76 2.76 2.77 2.77 2.67 2.67 1.98 2.68 2.76 2.76 2.17 1.45 2.66 2.39 2.75 2.77 2.67 2.67 2.14 2.29 2.30 2.37 2.53 1.44 2.77 1.18 2.19 1.70 2.78 2.66 2.76 2.74 2.14 1.40 1.67 2.50 2.77 1.44 1.09 0.47 0.56 2.17 0.66 0.49 0.22 0.33 1.15 2.75

I got: 2.70 2.04 1.09 2.39 2.76 2.66 2.78 2.44 1.34 1.06 2.75 2.78 2.30 0.88 1.75 2.78 2.68 2.66 2.59 1.15 0.82 2.35 1.67 2.09 2.53 2.07 2.29 2.79 2.66 2.66 2.44 2.36 1.51 2.63 1.59 1.37 1.87 2.78 2.78 2.75 2.66 2.67 1.81 2.77 2.76 2.76 1.67 1.24 1.84 2.75 2.78 2.71 2.64 2.67 1.87 2.58 2.76 2.77 1.94 1.32 1.36 2.75 2.78 2.78 2.66 2.68 2.16 2.31 2.31 2.20 2.32 1.27 1.72 2.61 2.03 1.75 2.75 2.67 2.76 2.73 2.12 1.17 2.52 2.14 0.02 0.01 0.01 0.01 0.01 0.08 0.02 0.15 0.01 0.15 0.01 0.13 2.75 1.79 1.09 2.40 2.79 2.67 2.76 2.51 1.21 2.34 2.25 2.75 2.09 0.84 1.70 2.77 2.66 2.65 2.74 1.17 2.29 1.06 1.88 2.13 2.77 1.92 2.15 2.78 2.66 2.64 2.61 2.38 2.65 1.62 1.80 1.45 2.74 2.77 2.75 2.77 2.64 2.66 1.97 2.77 2.78 2.20 1.93 1.36 2.76 2.75 2.78 2.78 2.66 2.67 1.99 2.68 2.78 2.75 2.17 1.45 2.66 2.38 2.75 2.76 2.66 2.67 2.14 2.29 2.30 2.37 2.52 1.43 2.77 1.17 2.19 1.70 2.77 2.65 2.76 2.75 2.13 1.41 1.67 2.51 2.76 1.44 1.09 0.47 0.56 2.17 0.67 0.49 0.22 0.34 1.15 2.77

I got: 2.69 2.04 1.09 2.40 2.78 2.67 2.77 2.44 1.33 1.07 2.74 2.77 2.30 0.88 1.75 2.78 2.69 2.67 2.59 1.15 0.82 2.36 1.67 2.09 2.54 2.07 2.29 2.78 2.67 2.65 2.44 2.37 1.51 2.63 1.59 1.38 1.87 2.79 2.78 2.72 2.66 2.66 1.81 2.78 2.76 2.75 1.67 1.24 1.84 2.76 2.78 2.67 2.66 2.67 1.87 2.60 2.75 2.76 1.94 1.32 1.36 2.76 2.78 2.77 2.67 2.66 2.15 2.31 2.31 2.21 2.32 1.27 1.72 2.61 2.03 1.75 2.76 2.67 2.75 2.74 2.12 1.17 2.52 2.15 0.02 0.01 0.01 0.01 0.01 0.07 0.02 0.14 0.01 0.13 0.01 0.15 2.77 1.79 1.09 2.40 2.78 2.67 2.75 2.51 1.22 2.34 2.25 2.75 2.09 0.84 1.70 2.78 2.67 2.66 2.74 1.17 2.30 1.06 1.87 2.14 2.78 1.92 2.15 2.78 2.67 2.66 2.61 2.38 2.64 1.62 1.80 1.45 2.74 2.77 2.77 2.78 2.66 2.66 1.97 2.76 2.78 2.19 1.93 1.36 2.75 2.75 2.79 2.78 2.65 2.67 1.98 2.68 2.78 2.74 2.17 1.45 2.66 2.39 2.77 2.75 2.65 2.66 2.14 2.28 2.30 2.37 2.52 1.43 2.76 1.17 2.18 1.70 2.77 2.65 2.75 2.75 2.13 1.41 1.67 2.52 2.75 1.44 1.09 0.47 0.56 2.17 0.66 0.49 0.22 0.34 1.15 2.77

I got: 2.69 2.03 1.09 2.40 2.78 2.67 2.77 2.43 1.34 1.07 2.77 2.77 2.30 0.88 1.75 2.78 2.66 2.67 2.58 1.15 0.82 2.35 1.67 2.09 2.54 2.07 2.30 2.77 2.67 2.67 2.44 2.38 1.51 2.62 1.59 1.37 1.87 2.78 2.78 2.70 2.67 2.65 1.81 2.78 2.75 2.74 1.67 1.24 1.84 2.78 2.75 2.74 2.67 2.66 1.87 2.60 2.77 2.76 1.94 1.32 1.35 2.78 2.77 2.76 2.65 2.67 2.15 2.30 2.31 2.21 2.32 1.27 1.72 2.60 2.04 1.75 2.77 2.66 2.75 2.76 2.12 1.17 2.53 2.15 0.02 0.01 0.01 0.01 0.01 0.06 0.05 0.15 0.01 0.15 0.01 0.15 2.78 1.79 1.09 2.40 2.78 2.66 2.77 2.51 1.21 2.34 2.25 2.77 2.09 0.84 1.70 2.78 2.67 2.66 2.76 1.17 2.30 1.06 1.87 2.14 2.78 1.92 2.16 2.78 2.67 2.67 2.60 2.37 2.63 1.62 1.80 1.45 2.75 2.76 2.78 2.79 2.66 2.64 1.97 2.76 2.77 2.19 1.93 1.36 2.74 2.75 2.78 2.76 2.65 2.67 1.98 2.67 2.78 2.76 2.17 1.45 2.65 2.39 2.78 2.75 2.65 2.66 2.13 2.28 2.31 2.36 2.51 1.44 2.75 1.17 2.19 1.70 2.76 2.67 2.76 2.75 2.12 1.41 1.67 2.53 2.75 1.44 1.09 0.47 0.56 2.14 0.66 0.49 0.22 0.34 1.15 2.77

I got: 2.68 2.03 1.09 2.41 2.79 2.67 2.75 2.42 1.34 1.07 2.78 2.76 2.29 0.88 1.75 2.77 2.65 2.67 2.57 1.15 0.82 2.35 1.67 2.09 2.55 2.07 2.30 2.76 2.67 2.66 2.45 2.38 1.51 2.61 1.59 1.37 1.87 2.75 2.77 2.74 2.67 2.66 1.81 2.77 2.74 2.76 1.67 1.24 1.84 2.78 2.72 2.76 2.67 2.66 1.87 2.60 2.78 2.75 1.94 1.32 1.35 2.78 2.77 2.75 2.66 2.67 2.15 2.30 2.31 2.21 2.33 1.27 1.72 2.59 2.03 1.75 2.78 2.66 2.77 2.75 2.12 1.17 2.54 2.15 0.02 0.01 0.01 0.01 0.01 0.06 0.02 0.14 0.01 0.14 0.01 0.13 2.78 1.79 1.09 2.39 2.77 2.67 2.78 2.50 1.22 2.33 2.25 2.78 2.09 0.84 1.69 2.77 2.67 2.67 2.77 1.17 2.29 1.06 1.87 2.14 2.78 1.91 2.16 2.77 2.67 2.67 2.59 2.37 2.63 1.62 1.80 1.45 2.77 2.75 2.77 2.78 2.67 2.67 1.97 2.75 2.77 2.20 1.92 1.36 2.75 2.77 2.78 2.71 2.66 2.66 1.98 2.66 2.77 2.77 2.17 1.45 2.64 2.38 2.78 2.77 2.66 2.66 2.13 2.29 2.31 2.35 2.51 1.43 2.75 1.18 2.19 1.71 2.75 2.67 2.77 2.75 2.13 1.41 1.67 2.53 2.77 1.44 1.09 0.47 0.56 2.15 0.66 0.49 0.22 0.33 1.15 2.76

I got: 2.66 2.04 1.09 2.41 2.77 2.68 2.76 2.43 1.33 1.07 2.78 2.76 2.29 0.88 1.75 2.76 2.65 2.67 2.56 1.15 0.82 2.34 1.66 2.09 2.55 2.07 2.29 2.73 2.67 2.67 2.45 2.38 1.51 2.62 1.59 1.37 1.87 2.73 2.76 2.77 2.67 2.67 1.82 2.77 2.75 2.77 1.67 1.24 1.84 2.78 2.75 2.78 2.67 2.67 1.88 2.60 2.78 2.77 1.94 1.32 1.36 2.78 2.75 2.75 2.67 2.67 2.15 2.30 2.30 2.21 2.33 1.27 1.72 2.59 2.03 1.75 2.78 2.68 2.78 2.75 2.12 1.17 2.55 2.15 0.02 0.01 0.01 0.01 0.01 0.05 0.02 0.16 0.00 0.15 0.01 0.15 2.78 1.79 1.09 2.38 2.73 2.64 2.78 2.50 1.22 2.33 2.24 2.78 2.08 0.84 1.69 2.76 2.66 2.67 2.77 1.17 2.30 1.06 1.87 2.13 2.77 1.92 2.16 2.77 2.68 2.67 2.59 2.38 2.65 1.62 1.80 1.45 2.77 2.76 2.77 2.78 2.67 2.66 1.97 2.77 2.76 2.20 1.92 1.36 2.77 2.77 2.77 2.68 2.67 2.65 1.98 2.65 2.77 2.77 2.16 1.45 2.64 2.38 2.77 2.78 2.67 2.68 2.13 2.29 2.31 2.35 2.51 1.43 2.75 1.17 2.19 1.71 2.77 2.67 2.78 2.74 2.14 1.41 1.67 2.52 2.78 1.44 1.09 0.47 0.56 2.14 0.67 0.49 0.22 0.34 1.15 2.76

