I got: 2.75 2.77 0.93 1.23 2.59 2.65 2.78 2.48 1.48 1.34 2.76 2.78 2.78 1.13 1.12 2.06 2.67 2.66 2.54 1.22 1.01 2.57 2.29 2.66 2.75 2.74 2.65 2.74 2.64 2.67 2.74 2.05 1.11 2.28 1.34 1.38 2.22 2.69 2.77 2.77 2.64 2.67 2.48 2.78 2.65 2.54 1.17 0.95 2.01 2.76 2.78 2.78 2.65 2.67 2.45 2.75 2.74 2.78 1.41 0.97 1.36 2.77 2.77 2.42 2.67 2.67 2.37 2.76 2.74 2.49 2.13 0.98 1.93 2.79 2.31 1.06 2.26 2.67 2.61 2.67 2.26 1.37 2.77 2.09 0.02 0.02 0.01 0.01 0.01 0.05 0.02 0.16 0.01 0.19 0.01 0.15 2.77 2.75 1.07 1.43 1.47 2.67 2.78 2.53 1.34 2.47 2.54 2.76 2.77 1.26 1.38 0.62 2.66 2.66 2.76 1.21 2.39 1.53 2.39 2.67 2.78 2.77 2.61 2.13 2.65 2.66 2.77 2.11 2.46 1.07 1.59 1.50 2.78 2.74 2.78 2.54 2.65 2.67 2.52 2.78 2.78 1.60 1.49 1.13 2.76 2.75 2.78 2.77 2.67 2.66 2.47 2.76 2.76 2.68 1.76 1.16 2.73 2.77 2.49 2.12 2.67 2.67 2.31 2.76 2.69 2.59 2.36 1.20 2.76 2.78 2.23 0.89 2.04 2.67 2.60 2.70 2.31 1.63 2.12 2.46 2.76 2.23 0.37 0.07 0.42 1.84 0.62 0.62 0.38 0.42 1.10 2.77

I got: 2.77 2.77 0.93 1.23 2.59 2.66 2.78 2.48 1.48 1.33 2.75 2.78 2.77 1.13 1.12 2.08 2.67 2.69 2.55 1.22 1.01 2.59 2.29 2.66 2.77 2.75 2.64 2.76 2.66 2.67 2.75 2.04 1.11 2.28 1.34 1.39 2.22 2.71 2.76 2.78 2.66 2.67 2.49 2.78 2.65 2.53 1.17 0.95 2.01 2.77 2.77 2.78 2.65 2.67 2.45 2.77 2.76 2.78 1.41 0.97 1.36 2.78 2.77 2.43 2.66 2.66 2.37 2.77 2.73 2.48 2.13 0.98 1.93 2.78 2.31 1.06 2.25 2.67 2.60 2.67 2.27 1.37 2.76 2.09 0.02 0.02 0.01 0.01 0.01 0.05 0.01 0.15 0.00 0.14 0.01 0.15 2.74 2.76 1.07 1.43 1.47 2.67 2.77 2.54 1.34 2.47 2.55 2.75 2.76 1.25 1.38 0.62 2.66 2.65 2.75 1.21 2.39 1.53 2.39 2.66 2.78 2.76 2.60 2.13 2.66 2.65 2.76 2.11 2.46 1.07 1.60 1.50 2.78 2.72 2.77 2.56 2.64 2.67 2.53 2.78 2.78 1.60 1.49 1.13 2.78 2.77 2.78 2.78 2.67 2.67 2.47 2.75 2.78 2.69 1.76 1.16 2.75 2.78 2.50 2.12 2.66 2.67 2.31 2.75 2.70 2.61 2.35 1.20 2.76 2.78 2.22 0.89 2.04 2.66 2.62 2.71 2.31 1.63 2.12 2.46 2.76 2.23 0.37 0.07 0.42 1.87 0.62 0.62 0.37 0.42 1.10 2.77

I got: 2.78 2.76 0.93 1.23 2.59 2.67 2.78 2.48 1.48 1.34 2.75 2.78 2.76 1.13 1.13 2.07 2.68 2.67 2.55 1.22 1.01 2.60 2.29 2.65 2.78 2.77 2.63 2.77 2.66 2.66 2.76 2.04 1.11 2.28 1.34 1.39 2.22 2.71 2.75 2.78 2.66 2.66 2.50 2.78 2.64 2.52 1.18 0.95 2.01 2.78 2.77 2.78 2.66 2.67 2.44 2.78 2.78 2.77 1.41 0.97 1.36 2.78 2.76 2.42 2.65 2.67 2.38 2.77 2.73 2.48 2.13 0.97 1.94 2.77 2.31 1.06 2.25 2.67 2.59 2.66 2.27 1.37 2.76 2.10 0.02 0.02 0.01 0.01 0.01 0.08 0.01 0.15 0.01 0.15 0.01 0.17 2.71 2.77 1.07 1.43 1.48 2.67 2.77 2.55 1.34 2.47 2.56 2.76 2.76 1.26 1.38 0.62 2.67 2.64 2.75 1.21 2.40 1.54 2.38 2.65 2.78 2.76 2.61 2.13 2.67 2.64 2.75 2.11 2.45 1.07 1.59 1.50 2.77 2.72 2.77 2.56 2.65 2.66 2.54 2.77 2.77 1.60 1.49 1.13 2.78 2.78 2.77 2.78 2.66 2.67 2.47 2.75 2.78 2.68 1.75 1.16 2.76 2.78 2.49 2.12 2.65 2.67 2.31 2.75 2.71 2.61 2.35 1.19 2.75 2.78 2.22 0.89 2.04 2.65 2.63 2.72 2.31 1.63 2.13 2.46 2.75 2.24 0.37 0.07 0.42 1.88 0.62 0.62 0.37 0.42 1.10 2.77

I got: 2.77 2.76 0.93 1.23 2.60 2.67 2.77 2.48 1.48 1.34 2.77 2.77 2.75 1.13 1.13 2.08 2.67 2.66 2.55 1.22 1.02 2.61 2.29 2.64 2.78 2.78 2.63 2.78 2.67 2.65 2.77 2.05 1.11 2.28 1.34 1.39 2.23 2.71 2.77 2.78 2.67 2.65 2.49 2.77 2.63 2.52 1.17 0.95 2.01 2.75 2.76 2.78 2.67 2.66 2.45 2.78 2.78 2.77 1.41 0.97 1.36 2.76 2.76 2.43 2.65 2.67 2.38 2.76 2.75 2.49 2.12 0.98 1.94 2.73 2.32 1.06 2.25 2.66 2.60 2.65 2.26 1.37 2.75 2.10 0.02 0.02 0.01 0.01 0.01 0.06 0.01 0.15 0.01 0.14 0.01 0.14 2.71 2.77 1.07 1.43 1.46 2.66 2.75 2.55 1.34 2.47 2.56 2.77 2.75 1.26 1.38 0.63 2.67 2.67 2.74 1.21 2.40 1.54 2.38 2.65 2.77 2.75 2.63 2.14 2.67 2.67 2.74 2.10 2.45 1.07 1.59 1.51 2.77 2.69 2.76 2.57 2.66 2.65 2.53 2.77 2.77 1.60 1.49 1.13 2.77 2.78 2.77 2.77 2.64 2.67 2.46 2.77 2.78 2.68 1.75 1.16 2.75 2.79 2.49 2.11 2.65 2.66 2.32 2.75 2.71 2.61 2.36 1.20 2.77 2.77 2.22 0.89 2.04 2.65 2.64 2.71 2.30 1.63 2.13 2.47 2.77 2.23 0.37 0.08 0.42 1.88 0.62 0.62 0.37 0.42 1.09 2.76

I got: 2.74 2.75 0.93 1.23 2.62 2.67 2.76 2.49 1.48 1.34 2.78 2.77 2.76 1.13 1.13 2.08 2.66 2.67 2.54 1.22 1.01 2.61 2.29 2.63 2.78 2.77 2.65 2.77 2.67 2.67 2.77 2.04 1.11 2.28 1.34 1.39 2.23 2.75 2.78 2.77 2.67 2.66 2.49 2.76 2.64 2.53 1.17 0.95 2.01 2.72 2.75 2.77 2.67 2.65 2.46 2.77 2.78 2.76 1.41 0.97 1.36 2.72 2.75 2.43 2.66 2.67 2.39 2.76 2.75 2.50 2.12 0.98 1.94 2.73 2.32 1.06 2.24 2.65 2.61 2.66 2.26 1.37 2.74 2.10 0.02 0.02 0.01 0.01 0.01 0.05 0.01 0.15 0.01 0.13 0.01 0.13 2.71 2.76 1.07 1.43 1.46 2.67 2.76 2.54 1.34 2.48 2.55 2.78 2.76 1.26 1.38 0.62 2.67 2.67 2.75 1.22 2.41 1.53 2.38 2.66 2.76 2.74 2.63 2.12 2.67 2.66 2.74 2.11 2.45 1.07 1.60 1.51 2.76 2.73 2.75 2.56 2.67 2.64 2.52 2.76 2.76 1.60 1.49 1.14 2.76 2.78 2.76 2.77 2.66 2.66 2.47 2.78 2.78 2.67 1.76 1.16 2.75 2.78 2.48 2.11 2.66 2.65 2.32 2.74 2.71 2.60 2.37 1.20 2.78 2.75 2.22 0.89 2.04 2.67 2.64 2.72 2.30 1.63 2.12 2.47 2.78 2.23 0.37 0.08 0.42 1.87 0.62 0.62 0.37 0.42 1.10 2.76

I got: 2.71 2.74 0.93 1.23 2.62 2.68 2.75 2.50 1.48 1.33 2.78 2.76 2.77 1.12 1.12 2.08 2.65 2.67 2.53 1.22 1.01 2.60 2.29 2.63 2.77 2.76 2.66 2.77 2.67 2.66 2.76 2.04 1.11 2.28 1.34 1.39 2.23 2.77 2.78 2.76 2.67 2.68 2.48 2.75 2.66 2.54 1.17 0.95 2.01 2.72 2.76 2.76 2.67 2.67 2.46 2.77 2.78 2.75 1.41 0.97 1.36 2.68 2.74 2.43 2.67 2.66 2.39 2.75 2.75 2.50 2.12 0.98 1.94 2.76 2.31 1.06 2.24 2.68 2.63 2.68 2.26 1.38 2.74 2.09 0.02 0.02 0.01 0.01 0.01 0.06 0.01 0.16 0.00 0.16 0.01 0.15 2.72 2.76 1.07 1.43 1.47 2.65 2.78 2.53 1.34 2.48 2.54 2.78 2.78 1.26 1.38 0.62 2.66 2.67 2.76 1.21 2.40 1.53 2.39 2.67 2.73 2.76 2.63 2.13 2.66 2.67 2.77 2.11 2.45 1.07 1.60 1.50 2.75 2.76 2.76 2.55 2.67 2.68 2.51 2.75 2.75 1.60 1.49 1.13 2.76 2.75 2.75 2.76 2.66 2.65 2.48 2.78 2.77 2.66 1.76 1.16 2.75 2.77 2.48 2.12 2.67 2.68 2.32 2.74 2.71 2.60 2.37 1.20 2.78 2.75 2.23 0.89 2.04 2.67 2.63 2.71 2.30 1.62 2.12 2.47 2.78 2.22 0.37 0.08 0.41 1.87 0.62 0.62 0.37 0.42 1.09 2.75

I got: 2.68 2.74 0.93 1.23 2.61 2.66 2.77 2.49 1.48 1.34 2.78 2.75 2.78 1.13 1.13 2.08 2.65 2.67 2.53 1.22 1.01 2.60 2.28 2.65 2.77 2.76 2.66 2.76 2.68 2.66 2.76 2.04 1.11 2.28 1.34 1.39 2.23 2.76 2.78 2.76 2.67 2.66 2.48 2.76 2.66 2.55 1.18 0.95 2.01 2.67 2.77 2.74 2.67 2.66 2.45 2.76 2.77 2.76 1.41 0.97 1.36 2.72 2.74 2.43 2.67 2.65 2.39 2.74 2.75 2.50 2.13 0.98 1.94 2.78 2.31 1.06 2.25 2.66 2.62 2.68 2.26 1.37 2.73 2.09 0.02 0.02 0.01 0.01 0.01 0.07 0.02 0.14 0.01 0.15 0.01 0.13 2.75 2.75 1.07 1.43 1.47 2.65 2.78 2.52 1.34 2.48 2.53 2.77 2.78 1.26 1.38 0.62 2.67 2.67 2.77 1.21 2.40 1.53 2.39 2.68 2.76 2.77 2.63 2.14 2.67 2.67 2.77 2.10 2.44 1.07 1.59 1.50 2.74 2.78 2.78 2.56 2.67 2.66 2.51 2.77 2.77 1.60 1.50 1.14 2.75 2.71 2.77 2.75 2.67 2.66 2.48 2.77 2.77 2.66 1.76 1.16 2.75 2.75 2.48 2.12 2.67 2.68 2.31 2.74 2.70 2.59 2.37 1.20 2.78 2.77 2.23 0.89 2.04 2.67 2.62 2.70 2.30 1.63 2.13 2.47 2.78 2.23 0.37 0.08 0.42 1.88 0.62 0.62 0.37 0.42 1.09 2.74

I got: 2.72 2.76 0.93 1.23 2.60 2.65 2.78 2.49 1.48 1.34 2.77 2.76 2.78 1.13 1.13 2.07 2.66 2.67 2.52 1.22 1.01 2.59 2.29 2.66 2.76 2.75 2.65 2.75 2.65 2.67 2.75 2.04 1.11 2.28 1.34 1.39 2.22 2.71 2.77 2.75 2.65 2.67 2.47 2.78 2.66 2.55 1.17 0.95 2.01 2.74 2.78 2.76 2.67 2.67 2.45 2.75 2.76 2.77 1.41 0.97 1.36 2.75 2.76 2.42 2.67 2.64 2.38 2.74 2.75 2.49 2.13 0.98 1.93 2.78 2.31 1.06 2.25 2.67 2.62 2.68 2.27 1.38 2.76 2.10 0.02 0.02 0.01 0.01 0.01 0.05 0.01 0.14 0.01 0.15 0.01 0.19 2.77 2.74 1.07 1.43 1.47 2.66 2.78 2.52 1.34 2.47 2.53 2.77 2.78 1.26 1.38 0.62 2.64 2.67 2.76 1.22 2.40 1.53 2.39 2.67 2.78 2.77 2.61 2.13 2.64 2.67 2.77 2.11 2.45 1.07 1.60 1.50 2.77 2.77 2.78 2.55 2.68 2.67 2.51 2.78 2.78 1.60 1.49 1.13 2.74 2.72 2.78 2.77 2.67 2.67 2.47 2.77 2.74 2.67 1.76 1.16 2.73 2.75 2.48 2.12 2.69 2.67 2.31 2.75 2.69 2.57 2.36 1.20 2.77 2.78 2.23 0.89 2.04 2.67 2.61 2.69 2.31 1.63 2.13 2.47 2.77 2.23 0.37 0.07 0.41 1.86 0.62 0.62 0.37 0.42 1.09 2.76

I got: 2.75 2.77 0.93 1.23 2.59 2.65 2.78 2.48 1.48 1.34 2.76 2.78 2.77 1.13 1.12 2.08 2.67 2.67 2.54 1.22 1.01 2.57 2.29 2.66 2.75 2.75 2.65 2.74 2.65 2.67 2.74 2.04 1.11 2.28 1.34 1.39 2.22 2.69 2.77 2.78 2.65 2.67 2.48 2.78 2.66 2.54 1.17 0.95 2.01 2.76 2.78 2.78 2.64 2.67 2.45 2.75 2.75 2.78 1.41 0.97 1.36 2.77 2.76 2.42 2.66 2.67 2.37 2.76 2.74 2.48 2.13 0.98 1.94 2.78 2.31 1.06 2.25 2.67 2.61 2.67 2.27 1.37 2.77 2.09 0.02 0.02 0.01 0.01 0.01 0.06 0.01 0.16 0.01 0.15 0.01 0.15 2.76 2.75 1.07 1.43 1.46 2.67 2.78 2.53 1.34 2.47 2.54 2.76 2.77 1.26 1.38 0.63 2.66 2.66 2.76 1.21 2.39 1.53 2.39 2.67 2.78 2.77 2.60 2.13 2.66 2.66 2.76 2.11 2.45 1.07 1.60 1.51 2.78 2.74 2.78 2.54 2.65 2.67 2.53 2.78 2.78 1.60 1.49 1.14 2.77 2.76 2.78 2.77 2.67 2.67 2.47 2.75 2.77 2.68 1.76 1.16 2.73 2.77 2.49 2.12 2.67 2.67 2.31 2.75 2.69 2.59 2.36 1.20 2.76 2.79 2.23 0.89 2.04 2.66 2.60 2.70 2.31 1.63 2.13 2.47 2.76 2.23 0.37 0.08 0.41 1.88 0.62 0.62 0.38 0.42 1.09 2.77

I got: 2.77 2.76 0.93 1.23 2.58 2.66 2.78 2.48 1.48 1.33 2.75 2.78 2.77 1.13 1.13 2.08 2.67 2.69 2.55 1.22 1.01 2.60 2.29 2.65 2.78 2.76 2.64 2.77 2.66 2.66 2.75 2.04 1.11 2.28 1.34 1.39 2.22 2.71 2.76 2.78 2.66 2.67 2.50 2.78 2.65 2.53 1.17 0.95 2.01 2.78 2.77 2.78 2.66 2.67 2.45 2.77 2.77 2.77 1.41 0.97 1.36 2.78 2.77 2.43 2.67 2.67 2.37 2.77 2.73 2.48 2.13 0.97 1.94 2.77 2.31 1.06 2.25 2.67 2.59 2.66 2.27 1.37 2.76 2.10 0.02 0.02 0.01 0.01 0.01 0.06 0.01 0.15 0.01 0.12 0.01 0.13 2.72 2.77 1.07 1.43 1.48 2.67 2.77 2.55 1.34 2.47 2.56 2.75 2.76 1.25 1.38 0.63 2.67 2.64 2.75 1.21 2.39 1.54 2.39 2.66 2.79 2.76 2.60 2.14 2.67 2.65 2.76 2.11 2.45 1.07 1.60 1.50 2.78 2.72 2.77 2.56 2.65 2.66 2.53 2.77 2.78 1.60 1.49 1.14 2.78 2.78 2.78 2.78 2.66 2.67 2.46 2.75 2.78 2.68 1.76 1.16 2.76 2.78 2.49 2.12 2.66 2.67 2.31 2.75 2.70 2.61 2.35 1.20 2.75 2.78 2.22 0.89 2.04 2.65 2.63 2.71 2.31 1.63 2.13 2.46 2.75 2.23 0.37 0.07 0.41 1.86 0.62 0.62 0.37 0.42 1.10 2.77

I got: 2.78 2.76 0.93 1.23 2.60 2.67 2.77 2.48 1.48 1.33 2.76 2.78 2.76 1.13 1.13 2.07 2.69 2.67 2.55 1.22 1.02 2.61 2.29 2.65 2.78 2.78 2.62 2.77 2.67 2.65 2.77 2.04 1.11 2.28 1.34 1.39 2.23 2.71 2.76 2.78 2.67 2.65 2.49 2.77 2.63 2.52 1.17 0.95 2.01 2.76 2.76 2.78 2.67 2.66 2.45 2.78 2.78 2.77 1.41 0.97 1.36 2.78 2.76 2.43 2.65 2.67 2.38 2.77 2.75 2.49 2.12 0.98 1.94 2.73 2.32 1.06 2.25 2.66 2.59 2.66 2.27 1.37 2.75 2.10 0.02 0.02 0.01 0.01 0.01 0.05 0.01 0.16 0.01 0.17 0.01 0.15 2.71 2.77 1.07 1.43 1.47 2.67 2.76 2.55 1.34 2.47 2.56 2.77 2.75 1.26 1.38 0.62 2.67 2.66 2.74 1.22 2.40 1.54 2.38 2.64 2.77 2.75 2.63 2.13 2.67 2.66 2.75 2.10 2.45 1.07 1.59 1.50 2.77 2.69 2.76 2.57 2.66 2.65 2.53 2.77 2.77 1.60 1.50 1.13 2.77 2.78 2.77 2.77 2.64 2.67 2.46 2.77 2.78 2.68 1.76 1.16 2.76 2.78 2.49 2.11 2.65 2.66 2.32 2.75 2.71 2.61 2.36 1.20 2.76 2.77 2.22 0.89 2.04 2.65 2.64 2.72 2.30 1.63 2.13 2.46 2.77 2.23 0.37 0.08 0.41 1.88 0.62 0.62 0.37 0.42 1.09 2.76

I got: 2.75 2.75 0.93 1.23 2.62 2.67 2.76 2.49 1.48 1.34 2.78 2.77 2.76 1.13 1.13 2.08 2.67 2.67 2.55 1.22 1.01 2.61 2.29 2.63 2.77 2.77 2.64 2.77 2.67 2.66 2.77 2.04 1.11 2.28 1.34 1.39 2.23 2.74 2.78 2.77 2.67 2.66 2.49 2.76 2.64 2.53 1.17 0.95 2.01 2.72 2.75 2.77 2.67 2.65 2.46 2.77 2.78 2.76 1.41 0.97 1.36 2.72 2.75 2.43 2.66 2.67 2.39 2.76 2.75 2.50 2.12 0.98 1.94 2.73 2.32 1.06 2.25 2.65 2.61 2.66 2.26 1.37 2.74 2.10 0.02 0.02 0.01 0.01 0.01 0.05 0.01 0.13 0.01 0.13 0.01 0.15 2.72 2.76 1.07 1.43 1.46 2.67 2.76 2.54 1.34 2.48 2.55 2.78 2.77 1.25 1.38 0.62 2.67 2.67 2.75 1.21 2.40 1.53 2.38 2.66 2.76 2.74 2.63 2.13 2.67 2.66 2.74 2.11 2.45 1.07 1.60 1.51 2.76 2.74 2.75 2.56 2.67 2.64 2.52 2.76 2.76 1.60 1.49 1.13 2.77 2.78 2.76 2.77 2.66 2.66 2.47 2.78 2.78 2.67 1.77 1.16 2.75 2.78 2.48 2.11 2.66 2.65 2.32 2.74 2.71 2.60 2.37 1.20 2.78 2.75 2.23 0.89 2.04 2.67 2.64 2.72 2.31 1.63 2.13 2.48 2.78 2.23 0.37 0.08 0.41 1.88 0.62 0.62 0.37 0.42 1.10 2.75

