I got: 1.12 0.35 0.30 1.18 2.64 2.67 0.57 0.77 0.55 0.43 0.35 2.37 2.45 1.14 0.70 0.85 2.65 2.67 0.62 0.85 0.60 0.36 0.30 1.48 0.72 1.32 0.73 2.49 1.40 2.64 2.66 0.60 0.82 0.58 0.34 0.60 1.51 0.32 0.39 0.40 2.77 1.95 2.67 2.64 0.38 0.54 0.41 0.22 0.75 1.21 0.09 0.14 0.41 2.49 2.77 2.67 2.66 0.59 0.71 0.51 0.26 0.72 1.19 0.14 0.18 0.62 2.52 1.50 2.16 2.67 0.93 0.86 0.60 0.29 0.91 1.33 0.15 0.19 1.41 2.55 0.73 0.68 1.89 1.27 1.40 1.00 0.36 1.59 1.40 0.32 0.24 0.16 0.01 0.01 0.14 0.01 0.15 0.01 0.12 0.01 0.01 0.15 0.01 0.14 0.55 2.11 0.68 0.49 0.91 0.91 2.65 1.54 0.51 0.78 1.16 0.34 0.32 0.64 2.21 0.81 0.50 0.83 0.49 2.67 2.64 1.54 0.87 1.45 0.52 0.45 0.92 1.87 0.53 0.33 0.57 0.63 2.67 2.67 1.99 2.24 1.81 0.62 0.48 1.15 1.41 0.35 0.17 0.35 0.87 2.67 2.67 0.91 2.16 2.37 0.69 0.50 1.27 1.52 0.40 0.17 0.35 1.02 2.67 2.67 0.88 1.51 2.71 1.24 0.61 0.99 1.35 0.45 0.21 0.28 0.72 2.68 2.67 0.62 0.97 1.24 1.92 1.63 2.29 1.77 0.62 0.24 0.25 1.07 2.66 2.67 0.60 0.84 0.74 0.71 1.08 2.24 0.66 0.24 0.19 1.10 2.66 2.65 0.45 0.60 0.46 0.40 0.15 2.75

I got: 1.13 0.35 0.30 1.19 2.66 2.67 0.57 0.77 0.55 0.43 0.35 2.37 2.45 1.15 0.70 0.87 2.68 2.67 0.62 0.85 0.60 0.36 0.30 1.48 0.72 1.31 0.72 2.51 1.40 2.68 2.67 0.60 0.82 0.58 0.34 0.60 1.51 0.32 0.39 0.40 2.75 1.95 2.66 2.66 0.38 0.54 0.41 0.22 0.75 1.21 0.09 0.14 0.41 2.50 2.74 2.67 2.65 0.59 0.71 0.51 0.26 0.72 1.19 0.14 0.17 0.62 2.50 1.50 2.16 2.67 0.94 0.86 0.60 0.29 0.91 1.33 0.13 0.18 1.38 2.52 0.70 0.66 1.83 1.23 1.35 0.97 0.35 1.54 1.36 0.31 0.24 0.15 0.01 0.01 0.13 0.01 0.14 0.01 0.13 0.01 0.01 0.16 0.00 0.13 0.55 2.13 0.68 0.49 0.92 0.61 2.66 1.55 0.51 0.79 1.16 0.34 0.32 0.65 2.22 0.81 0.50 0.83 0.36 2.64 2.67 1.53 0.86 1.45 0.52 0.45 0.92 1.87 0.53 0.33 0.56 0.62 2.66 2.65 2.00 2.24 1.81 0.62 0.48 1.15 1.41 0.35 0.18 0.35 0.87 2.67 2.67 0.91 2.16 2.37 0.69 0.50 1.27 1.52 0.40 0.18 0.35 1.01 2.67 2.67 0.88 1.50 2.70 1.24 0.61 0.99 1.35 0.45 0.21 0.28 0.72 2.67 2.68 0.62 0.97 1.24 1.93 1.63 2.29 1.78 0.62 0.24 0.25 1.05 2.67 2.66 0.60 0.84 0.74 0.71 1.08 2.24 0.66 0.23 0.19 1.09 2.64 2.67 0.45 0.60 0.46 0.40 0.15 2.77

I got: 1.13 0.35 0.30 1.18 2.67 2.65 0.57 0.77 0.55 0.43 0.35 2.35 2.45 1.14 0.70 0.85 2.67 2.68 0.62 0.85 0.60 0.36 0.30 1.48 0.72 1.32 0.72 2.49 1.40 2.67 2.67 0.60 0.82 0.58 0.34 0.60 1.51 0.32 0.38 0.40 2.75 1.94 2.66 2.67 0.38 0.54 0.41 0.22 0.75 1.21 0.09 0.14 0.41 2.50 2.76 2.66 2.67 0.59 0.71 0.51 0.27 0.72 1.19 0.14 0.17 0.62 2.51 1.48 2.15 2.64 1.01 0.91 0.63 0.30 0.88 1.31 0.15 0.19 1.43 2.58 0.73 0.69 1.90 1.28 1.41 1.01 0.36 1.60 1.41 0.32 0.25 0.14 0.01 0.01 0.13 0.01 0.14 0.01 0.13 0.01 0.01 0.14 0.00 0.13 0.56 2.13 0.68 0.49 0.91 0.99 2.67 1.54 0.51 0.78 1.16 0.34 0.32 0.65 2.21 0.81 0.50 0.83 0.54 2.66 2.67 1.54 0.87 1.45 0.52 0.45 0.92 1.87 0.53 0.33 0.57 0.62 2.64 2.67 1.99 2.23 1.81 0.62 0.48 1.15 1.41 0.35 0.17 0.35 0.87 2.66 2.65 0.91 2.16 2.36 0.69 0.50 1.27 1.52 0.40 0.17 0.35 1.01 2.66 2.65 0.88 1.51 2.70 1.24 0.61 0.99 1.35 0.45 0.21 0.28 0.70 2.65 2.66 0.62 0.97 1.24 1.92 1.63 2.29 1.78 0.62 0.24 0.25 1.07 2.66 2.66 0.60 0.84 0.74 0.71 1.08 2.24 0.66 0.23 0.19 1.09 2.67 2.66 0.45 0.60 0.46 0.40 0.15 2.76

I got: 1.12 0.35 0.30 1.19 2.65 2.66 0.57 0.77 0.55 0.43 0.35 2.37 2.46 1.14 0.70 0.86 2.65 2.66 0.62 0.85 0.60 0.36 0.30 1.48 0.72 1.31 0.72 2.49 1.41 2.66 2.66 0.60 0.82 0.58 0.34 0.60 1.51 0.32 0.39 0.40 2.77 1.94 2.67 2.67 0.38 0.54 0.41 0.22 0.75 1.21 0.09 0.14 0.41 2.49 2.77 2.67 2.67 0.59 0.71 0.51 0.26 0.72 1.19 0.14 0.17 0.63 2.52 1.50 2.15 2.67 0.94 0.87 0.61 0.29 0.91 1.33 0.13 0.18 1.38 2.50 0.70 0.66 1.83 1.23 1.35 0.97 0.34 1.54 1.36 0.31 0.24 0.14 0.01 0.01 0.12 0.01 0.13 0.01 0.12 0.01 0.01 0.15 0.01 0.13 0.56 2.12 0.68 0.49 0.92 0.62 2.65 1.54 0.51 0.79 1.16 0.34 0.32 0.65 2.20 0.81 0.51 0.83 0.36 2.67 2.67 1.54 0.87 1.45 0.52 0.45 0.92 1.87 0.53 0.33 0.57 0.63 2.66 2.67 1.99 2.24 1.81 0.62 0.48 1.15 1.41 0.35 0.17 0.35 0.87 2.65 2.67 0.90 2.16 2.37 0.69 0.50 1.27 1.52 0.40 0.18 0.35 1.01 2.64 2.67 0.88 1.50 2.71 1.24 0.61 0.99 1.35 0.45 0.21 0.28 0.70 2.66 2.67 0.62 0.97 1.24 1.92 1.63 2.29 1.78 0.62 0.24 0.25 1.05 2.68 2.67 0.60 0.84 0.74 0.71 1.08 2.24 0.66 0.23 0.19 1.08 2.67 51.53 0.45 0.60 0.46 0.40 0.15 2.74

I got: 1.13 0.35 0.30 1.19 2.67 2.67 0.57 0.76 0.55 0.43 0.35 2.37 2.44 1.15 0.70 0.87 2.66 2.67 0.62 0.85 0.60 0.36 0.30 1.48 0.72 1.31 0.72 2.50 1.40 2.65 2.67 0.60 0.82 0.58 0.34 0.60 1.51 0.32 0.38 0.40 2.76 1.94 2.66 2.65 0.38 0.54 0.41 0.22 0.75 1.21 0.09 0.14 0.41 2.49 2.74 2.67 2.68 0.59 0.71 0.51 0.26 0.72 1.19 0.14 0.17 0.63 2.50 1.50 2.16 2.67 0.94 0.87 0.61 0.29 0.91 1.33 0.13 0.18 1.38 2.52 0.70 0.67 1.83 1.23 1.36 0.97 0.35 1.54 1.36 0.31 0.24 0.13 0.01 0.01 0.12 0.01 0.12 0.01 0.12 0.01 0.01 0.14 0.01 0.12 0.56 2.12 0.68 0.49 0.91 0.61 2.67 1.55 0.51 0.79 1.16 0.34 0.32 0.65 2.21 0.81 0.50 0.83 0.37 2.66 2.65 1.54 0.87 1.45 0.52 0.45 0.92 1.87 0.53 0.33 0.56 0.63 2.67 2.65 1.99 2.24 1.81 0.62 0.48 1.15 1.41 0.35 0.17 0.35 0.86 2.66 2.67 0.90 2.16 2.37 0.69 0.50 1.27 1.52 0.40 0.18 0.35 1.02 2.67 2.67 0.88 1.51 2.71 1.24 0.61 0.98 1.35 0.45 0.21 0.28 0.71 2.67 2.66 0.62 0.97 1.24 1.92 1.63 2.29 1.78 0.62 0.24 0.25 1.06 2.67 2.66 0.60 0.84 0.74 0.71 1.08 2.24 0.66 0.23 0.19 1.10 2.65 2.66 0.45 0.60 0.46 0.40 0.15 2.76

I got: 1.12 0.35 0.30 1.19 2.67 2.67 0.57 0.77 0.55 0.43 0.35 2.35 2.46 1.14 0.70 0.85 2.67 2.66 0.62 0.85 0.60 0.36 0.30 1.48 0.72 1.31 0.72 2.50 1.40 2.67 2.66 0.60 0.82 0.58 0.34 0.60 1.51 0.32 0.38 0.40 2.74 1.94 2.64 2.67 0.38 0.54 0.41 0.22 0.75 1.21 0.09 0.14 0.41 2.51 2.75 2.66 2.66 0.59 0.71 0.51 0.26 0.72 1.19 0.14 0.17 0.63 2.50 1.50 2.16 2.64 0.93 0.86 0.60 0.29 0.91 1.33 0.14 0.18 1.39 2.54 0.71 0.68 1.85 1.25 1.37 0.98 0.35 1.55 1.37 0.31 0.24 0.13 0.01 0.00 0.11 0.01 0.13 0.01 0.11 0.01 0.01 0.13 0.01 0.12 0.56 2.13 0.68 0.49 0.91 0.72 2.67 1.54 0.51 0.79 1.16 0.34 0.32 0.64 2.21 0.81 0.50 0.83 0.41 2.67 2.67 1.54 0.87 1.45 0.52 0.45 0.92 1.87 0.53 0.33 0.56 0.62 2.65 2.66 1.99 2.23 1.81 0.62 0.48 1.15 1.41 0.35 0.17 0.35 0.85 2.67 2.65 0.90 2.16 2.35 0.69 0.50 1.27 1.52 0.40 0.17 0.35 1.00 2.67 2.64 0.88 1.50 2.69 1.24 0.61 0.99 1.35 0.45 0.21 0.28 0.70 2.67 2.65 0.62 0.97 1.24 1.93 1.63 2.29 1.78 0.62 0.24 0.25 1.05 2.67 2.65 0.60 0.84 0.74 0.71 1.08 2.24 0.66 0.23 0.19 1.09 2.68 2.67 0.45 0.60 0.46 0.40 0.15 2.77

I got: 1.12 0.35 0.30 1.19 2.66 2.65 0.57 0.76 0.55 0.43 0.35 2.37 2.46 1.14 0.70 0.85 2.66 2.65 0.62 0.85 0.60 0.36 0.30 1.48 0.72 1.31 0.72 2.49 1.40 2.67 2.65 0.60 0.81 0.58 0.34 0.60 1.51 0.32 0.38 0.40 2.76 1.94 2.66 2.67 0.38 0.54 0.41 0.22 0.75 1.21 0.09 0.14 0.41 2.48 2.76 2.64 2.67 0.59 0.71 0.51 0.26 0.72 1.19 0.14 0.17 0.62 2.51 1.48 2.16 2.65 1.05 0.94 0.64 0.31 0.87 1.30 0.16 0.20 1.45 2.59 0.74 0.70 1.92 1.29 1.42 1.02 0.36 1.61 1.43 0.33 0.25 0.13 0.01 0.01 0.11 0.01 0.12 0.01 0.12 0.01 0.01 0.13 0.01 0.12 0.56 2.13 0.68 0.49 0.91 1.08 2.66 1.55 0.51 0.79 1.16 0.34 0.32 0.65 2.21 0.81 0.51 0.83 0.36 2.67 2.66 1.54 0.87 1.45 0.52 0.45 0.92 1.87 0.53 0.33 0.56 0.61 2.67 2.67 1.99 2.24 1.81 0.62 0.48 1.15 1.41 0.35 0.17 0.35 0.87 2.65 2.66 0.90 2.17 2.37 0.69 0.50 1.27 1.52 0.40 0.17 0.35 1.03 2.65 2.66 0.88 1.51 2.71 1.24 0.61 0.99 1.35 0.45 0.21 0.28 0.72 2.65 2.67 0.62 0.97 1.24 1.92 1.63 2.30 1.78 0.62 0.24 0.25 1.06 2.64 2.67 0.60 0.84 0.74 0.71 1.08 2.25 0.66 0.23 0.19 1.09 2.67 2.68 0.45 0.60 0.46 0.40 0.15 2.74

I got: 1.12 0.35 0.30 1.20 2.66 2.67 0.57 0.77 0.54 0.43 0.35 2.37 2.45 1.14 0.70 0.85 2.65 2.67 0.62 0.85 0.60 0.37 0.30 1.48 0.72 1.32 0.72 2.49 1.40 2.64 2.67 0.60 0.81 0.58 0.34 0.60 1.51 0.32 0.38 0.40 2.77 1.95 2.67 2.65 0.38 0.54 0.41 0.22 0.75 1.21 0.09 0.14 0.41 2.49 2.77 2.66 2.66 0.59 0.71 0.51 0.26 0.72 1.19 0.14 0.17 0.63 2.52 1.48 2.16 2.67 1.03 0.92 0.64 0.31 0.88 1.31 0.15 0.19 1.44 2.56 0.74 0.70 1.92 1.29 1.42 1.01 0.36 1.61 1.42 0.32 0.25 0.13 0.01 0.01 0.11 0.01 0.12 0.01 0.12 0.01 0.04 0.13 0.01 0.13 0.56 2.12 0.68 0.49 0.91 1.05 2.64 1.55 0.51 0.79 1.16 0.34 0.32 0.65 2.21 0.81 0.50 0.83 0.57 2.67 2.64 1.54 0.87 1.45 0.52 0.45 0.92 1.87 0.53 0.33 0.56 0.63 2.67 2.67 1.99 2.24 1.81 0.62 0.48 1.15 1.41 0.35 0.17 0.35 0.86 2.67 2.67 0.91 2.16 2.37 0.69 0.50 1.27 1.53 0.40 0.17 0.35 1.01 2.67 2.67 0.88 1.50 2.71 1.24 0.61 0.99 1.35 0.45 0.21 0.28 0.71 2.68 2.67 0.62 0.97 1.24 1.92 1.63 2.29 1.78 0.62 0.24 0.25 1.05 2.66 2.66 0.60 0.84 0.74 0.71 1.08 2.24 0.66 0.23 0.19 1.07 2.66 2.65 0.45 0.60 0.46 0.40 0.15 2.75

I got: 1.12 0.35 0.30 1.18 2.66 2.67 0.57 0.77 0.55 0.43 0.35 2.37 2.46 1.14 0.70 0.86 2.69 2.67 0.62 0.85 0.60 0.36 0.30 1.48 0.72 1.31 0.72 2.50 1.43 2.68 2.67 0.60 0.81 0.58 0.34 0.60 1.51 0.32 0.38 0.40 2.74 1.95 2.65 2.66 0.38 0.54 0.41 0.22 0.75 1.22 0.09 0.14 0.41 2.50 2.74 2.67 2.66 0.59 0.71 0.51 0.26 0.72 1.19 0.14 0.17 0.63 2.50 1.50 2.16 2.67 0.93 0.88 0.62 0.30 0.90 1.33 0.14 0.18 1.40 2.55 0.72 0.68 1.87 1.26 1.38 0.99 0.35 1.57 1.39 0.32 0.24 0.13 0.01 0.01 0.12 0.01 0.12 0.01 0.12 0.01 0.01 0.14 0.01 0.13 0.56 2.13 0.68 0.49 0.91 0.78 2.67 1.55 0.51 0.79 1.16 0.34 0.32 0.64 2.22 0.81 0.51 0.83 0.36 2.64 2.66 1.54 0.87 1.45 0.52 0.45 0.92 1.87 0.53 0.33 0.56 0.63 2.66 2.65 1.99 2.24 1.81 0.62 0.48 1.15 1.41 0.35 0.17 0.35 0.88 2.67 2.67 0.90 2.15 2.36 0.69 0.50 1.27 1.52 0.40 0.17 0.35 1.04 2.67 2.67 0.88 1.50 2.70 1.24 0.61 0.99 1.35 0.45 0.21 0.28 0.73 2.67 2.67 0.62 0.97 1.24 1.92 1.63 2.29 1.78 0.62 0.24 0.25 1.06 2.67 2.66 0.60 0.84 0.74 0.71 1.08 2.24 0.66 0.23 0.19 1.08 2.65 2.67 0.45 0.60 0.46 0.40 0.15 2.77

I got: 1.12 0.35 0.30 1.18 2.67 2.65 0.57 0.77 0.55 0.43 0.35 2.36 2.45 1.14 0.70 0.87 2.67 2.68 0.62 0.85 0.60 0.36 0.30 1.48 0.72 1.31 0.71 2.48 1.41 2.67 2.67 0.60 0.81 0.58 0.34 0.60 1.51 0.32 0.38 0.40 2.75 1.96 2.67 2.67 0.38 0.54 0.41 0.22 0.75 1.21 0.09 0.14 0.41 2.50 2.76 2.66 2.66 0.59 0.71 0.51 0.26 0.72 1.19 0.14 0.17 0.63 2.51 1.50 2.15 2.65 0.93 0.86 0.60 0.29 0.91 1.34 0.13 0.17 1.38 2.50 0.70 0.67 1.83 1.23 1.35 0.97 0.34 1.54 1.36 0.31 0.24 0.14 0.01 0.01 0.13 0.01 0.14 0.01 0.13 0.01 0.01 0.15 0.01 0.14 0.56 2.13 0.68 0.49 0.92 0.60 2.67 1.55 0.51 0.79 1.16 0.34 0.32 0.64 2.21 0.81 0.50 0.83 0.36 2.66 2.67 1.54 0.87 1.46 0.52 0.45 0.92 1.87 0.53 0.33 0.56 0.63 2.64 2.67 1.99 2.24 1.81 0.62 0.48 1.15 1.41 0.35 0.17 0.35 0.87 2.66 2.65 0.90 2.16 2.36 0.69 0.50 1.27 1.53 0.40 0.17 0.35 1.02 2.66 2.65 0.88 1.51 2.70 1.24 0.62 0.99 1.35 0.45 0.21 0.28 0.70 2.65 2.67 0.62 0.97 1.24 1.92 1.63 2.29 1.78 0.62 0.24 0.25 1.07 2.66 2.66 0.60 0.84 0.74 0.71 1.07 2.24 0.66 0.23 0.19 1.08 2.67 2.66 0.45 0.60 0.46 0.40 0.15 2.76

I got: 1.12 0.35 0.30 1.18 2.66 2.66 0.57 0.77 0.55 0.43 0.35 2.37 2.46 1.14 0.70 0.88 2.65 2.66 0.62 0.85 0.60 0.36 0.30 1.48 0.72 1.31 0.71 2.49 1.41 2.66 2.66 0.60 0.81 0.58 0.34 0.60 1.51 0.32 0.38 0.40 2.77 1.95 2.67 2.67 0.38 0.54 0.41 0.22 0.75 1.21 0.09 0.14 0.41 2.49 2.77 2.68 2.67 0.59 0.71 0.51 0.26 0.72 1.19 0.14 0.17 0.62 2.52 1.50 2.15 2.67 0.94 0.86 0.61 0.29 0.91 1.33 0.14 0.18 1.40 2.52 0.72 0.68 1.87 1.26 1.38 0.99 0.35 1.56 1.38 0.32 0.24 0.16 0.01 0.01 0.14 0.01 0.15 0.01 0.14 0.01 0.01 0.15 0.01 0.14 0.56 2.13 0.68 0.49 0.91 0.74 2.65 1.54 0.51 0.79 1.16 0.34 0.32 0.64 2.21 0.81 0.51 0.83 0.36 2.67 2.67 1.54 0.87 1.45 0.52 0.45 0.92 1.87 0.53 0.33 0.56 0.66 2.66 2.67 1.99 2.24 1.81 0.62 0.48 1.15 1.41 0.35 0.17 0.35 0.89 2.64 2.67 0.90 2.16 2.37 0.69 0.50 1.27 1.52 0.40 0.18 0.35 1.05 2.65 51.53 0.88 1.50 2.71 1.24 0.61 0.99 1.35 0.45 0.21 0.28 0.76 2.66 2.67 0.62 0.97 1.24 1.92 1.63 2.29 1.78 0.62 0.24 0.25 1.08 2.67 2.67 0.60 0.84 0.74 0.71 1.08 2.25 0.66 0.23 0.19 1.09 2.67 2.64 0.45 0.60 0.46 0.40 0.15 2.74

I got: 1.12 0.35 0.30 1.23 2.67 2.67 0.57 0.76 0.55 0.43 0.35 2.37 2.45 1.14 0.70 0.86 2.66 2.67 0.62 0.85 0.60 0.36 0.30 1.48 0.72 1.32 0.72 2.50 1.42 2.65 2.67 0.60 0.81 0.58 0.34 0.60 1.51 0.32 0.38 0.40 2.76 1.94 2.67 2.65 0.38 0.54 0.41 0.22 0.75 1.22 0.09 0.14 0.41 2.49 2.75 2.67 2.68 0.59 0.71 0.51 0.26 0.72 1.19 0.14 0.17 0.63 2.50 1.50 2.16 2.66 0.93 0.86 0.60 0.29 0.91 1.32 0.15 0.19 1.41 2.55 0.72 0.68 1.87 1.26 1.39 0.99 0.35 1.58 1.39 0.32 0.25 0.15 0.00 0.01 0.14 0.01 0.14 0.02 0.13 0.01 0.01 0.15 0.01 0.14 0.56 2.12 0.68 0.49 0.92 0.81 2.67 1.55 0.51 0.79 1.16 0.34 0.32 0.65 2.21 0.81 0.50 0.83 0.36 2.65 2.66 1.54 0.87 1.46 0.52 0.45 0.92 1.87 0.53 0.33 0.56 0.63 2.67 2.65 1.99 2.24 1.81 0.62 0.48 1.15 1.41 0.35 0.17 0.35 0.86 2.66 2.67 0.90 2.16 2.37 0.69 0.50 1.27 1.52 0.40 0.18 0.35 1.01 2.66 2.67 0.88 1.51 2.71 1.24 0.61 0.98 1.35 0.45 0.21 0.28 0.70 2.67 2.66 0.62 0.97 1.24 1.92 1.63 2.29 1.78 0.62 0.24 0.25 1.04 2.67 2.66 0.60 0.84 0.74 0.71 1.08 2.24 0.66 0.23 0.19 1.08 2.64 2.66 0.45 0.60 0.46 0.40 0.16 2.76

I got: 1.12 0.35 0.30 1.20 2.67 2.67 0.57 0.77 0.55 0.43 0.35 2.35 2.45 1.14 0.70 0.85 2.68 2.66 0.62 0.85 0.60 0.36 0.30 1.48 0.72 1.32 0.71 2.50 1.40 2.67 2.66 0.60 0.81 0.58 0.34 0.60 1.51 0.32 0.38 0.40 2.74 1.95 2.64 2.67 0.38 0.54 0.41 0.22 0.75 1.22 0.09 0.14 0.41 2.51 2.75 2.66 2.66 0.59 0.71 0.51 0.26 0.72 1.19 0.14 0.17 0.63 2.50 1.50 2.16 2.64 0.93 0.86 0.61 0.30 0.90 1.33 0.14 0.18 1.39 2.54 0.71 0.68 1.85 1.25 1.37 0.98 0.35 1.56 1.38 0.31 0.24 0.14 0.01 0.01 0.13 0.01 0.14 0.01 0.13 0.01 0.05 0.16 0.01 0.13 0.56 2.13 0.68 0.49 0.91 0.69 2.67 1.54 0.51 0.79 1.16 0.34 0.32 0.65 2.22 0.81 0.51 0.83 0.39 2.67 2.67 1.54 0.87 1.45 0.52 0.45 0.92 1.87 0.53 0.33 0.56 0.62 2.65 2.66 1.99 2.23 1.81 0.62 0.48 1.15 1.41 0.35 0.17 0.35 0.86 2.67 2.64 0.90 2.16 2.35 0.69 0.50 1.27 1.53 0.40 0.18 0.35 1.02 2.67 2.64 0.88 1.51 2.69 1.24 0.61 0.98 1.35 0.45 0.21 0.28 0.70 2.66 2.66 0.62 0.97 1.24 1.92 1.63 2.29 1.78 0.62 0.24 0.25 1.07 2.66 2.65 0.60 0.84 0.74 0.71 1.08 2.24 0.66 0.23 0.19 1.11 2.67 2.67 0.45 0.60 0.46 0.40 0.15 2.77

I got: 1.12 0.35 0.30 1.20 2.67 2.65 0.57 0.77 0.55 0.43 0.35 2.37 2.46 1.14 0.70 0.86 2.66 2.65 0.62 0.85 0.60 0.37 0.30 1.48 0.72 1.31 0.71 2.48 1.40 2.67 2.64 0.60 0.82 0.58 0.34 0.60 1.51 0.32 0.38 0.40 2.76 1.94 2.67 2.66 0.38 0.54 0.42 0.22 0.75 1.22 0.09 0.14 0.41 2.48 2.76 2.64 2.67 0.59 0.71 0.51 0.26 0.72 1.19 0.14 0.17 0.63 2.52 1.50 2.15 2.66 0.93 0.86 0.60 0.29 0.91 1.34 0.13 0.18 1.39 2.51 0.71 0.67 1.84 1.24 1.36 0.97 0.35 1.54 1.37 0.31 0.24 0.14 0.01 0.01 0.13 0.01 0.13 0.01 0.12 0.01 0.05 0.13 0.00 0.12 0.56 2.13 0.68 0.49 0.92 0.64 2.66 1.55 0.51 0.79 1.16 0.34 0.32 0.64 2.21 0.81 0.51 0.83 0.37 2.67 2.66 1.54 0.87 1.45 0.52 0.45 0.92 1.87 0.53 0.33 0.57 0.62 2.67 2.67 1.99 2.24 1.81 0.62 0.48 1.15 1.41 0.35 0.18 0.35 0.87 2.65 2.66 0.90 2.17 2.37 0.69 0.50 1.27 1.52 0.40 0.17 0.35 1.02 2.65 2.66 0.88 1.51 2.71 1.24 0.61 0.98 1.35 0.45 0.21 0.28 0.71 2.65 2.67 0.62 0.97 1.24 1.92 1.63 2.29 1.78 0.62 0.24 0.25 1.04 2.64 2.67 0.60 0.84 0.74 0.71 1.07 2.25 0.66 0.23 0.19 1.08 2.67 2.67 0.45 0.60 0.46 0.40 0.15 2.74

I got: 1.12 0.35 0.30 1.18 2.64 2.67 0.57 0.76 0.55 0.43 0.35 2.37 2.45 1.14 0.70 0.84 2.65 2.67 0.62 0.85 0.60 0.36 0.30 1.48 0.72 1.31 0.71 2.49 1.40 2.64 2.66 0.60 0.81 0.58 0.34 0.60 1.51 0.32 0.38 0.40 2.77 1.94 2.67 2.64 0.38 0.54 0.41 0.22 0.75 1.22 0.09 0.14 0.41 2.49 2.76 2.67 2.66 0.59 0.71 0.51 0.26 0.72 1.19 0.14 0.17 0.63 2.52 1.49 2.16 2.67 0.99 0.90 0.62 0.30 0.90 1.32 0.15 0.18 1.41 2.54 0.72 0.68 1.87 1.26 1.39 0.99 0.35 1.58 1.39 0.32 0.25 0.13 0.01 0.01 0.12 0.01 0.12 0.01 0.12 0.01 0.11 0.13 0.01 0.12 0.56 2.12 0.68 0.49 0.92 0.81 2.66 1.55 0.51 0.79 1.16 0.34 0.32 0.65 2.21 0.81 0.51 0.83 0.44 2.66 2.65 1.54 0.87 1.45 0.52 0.45 0.92 1.87 0.53 0.33 0.57 0.62 2.67 2.67 1.99 2.24 1.81 0.62 0.48 1.15 1.41 0.35 0.17 0.35 0.86 2.67 2.67 0.90 2.16 2.37 0.69 0.50 1.27 1.53 0.40 0.18 0.35 1.00 2.67 2.67 0.88 1.51 2.71 1.24 0.61 0.99 1.35 0.45 0.21 0.28 0.71 2.68 2.67 0.62 0.97 1.24 1.92 1.63 2.29 1.78 0.62 0.24 0.25 1.05 2.67 2.67 0.60 0.84 0.74 0.71 1.07 2.25 0.66 0.23 0.19 1.07 2.66 2.65 0.45 0.60 0.46 0.40 0.15 2.75

I got: 1.12 0.35 0.30 1.17 2.66 2.66 0.57 0.77 0.55 0.43 0.35 2.37 2.45 1.14 0.70 0.84 2.68 2.67 0.62 0.85 0.60 0.37 0.30 1.49 0.72 1.31 0.71 2.50 1.40 2.67 2.67 0.60 0.82 0.58 0.34 0.60 1.52 0.32 0.38 0.40 2.74 1.94 2.65 2.66 0.38 0.54 0.41 0.22 0.75 1.22 0.09 0.14 0.41 2.50 2.74 2.67 2.65 0.59 0.71 0.51 0.26 0.72 1.19 0.14 0.18 0.63 2.50 1.50 2.16 2.66 0.93 0.86 0.61 0.30 0.89 1.32 0.15 0.19 1.42 2.57 0.73 0.69 1.89 1.27 1.40 1.00 0.35 1.59 1.41 0.32 0.25 0.13 0.01 0.00 0.12 0.01 0.12 0.01 0.11 0.01 0.01 0.13 0.01 0.11 0.56 2.13 0.68 0.49 0.92 0.90 2.66 1.55 0.51 0.79 1.16 0.34 0.32 0.65 2.22 0.81 0.51 0.83 0.36 2.64 2.66 1.54 0.87 1.45 0.52 0.45 0.92 1.87 0.53 0.33 0.56 0.63 2.66 2.65 2.00 2.24 1.81 0.62 0.48 1.15 1.41 0.35 0.17 0.35 0.86 2.67 2.67 0.90 2.16 2.36 0.69 0.50 1.27 1.53 0.40 0.17 0.35 1.01 2.67 2.67 0.88 1.51 2.70 1.24 0.61 0.99 1.35 0.45 0.21 0.28 0.72 2.67 2.67 0.62 0.97 1.24 1.92 1.63 2.29 1.78 0.62 0.24 0.25 1.06 2.67 2.65 0.60 0.84 0.74 0.71 1.07 2.23 0.66 0.23 0.19 1.08 2.65 2.67 0.45 0.60 0.46 0.40 0.16 2.77

