I got: 2.33 0.94 1.99 0.93 2.66 2.67 0.41 0.45 0.37 0.37 0.45 2.28 2.57 2.76 2.25 0.53 2.65 2.66 0.32 0.37 0.30 0.24 0.45 1.28 0.78 1.29 0.30 2.77 1.88 2.66 2.67 0.52 0.48 0.34 0.24 0.93 1.39 0.42 0.28 0.04 2.76 2.77 2.64 2.67 0.66 0.62 0.41 0.24 0.69 1.10 0.32 0.25 0.24 2.63 2.72 2.67 2.69 0.55 0.53 0.37 0.19 0.59 0.79 0.19 0.20 0.95 2.11 2.27 2.75 2.67 0.80 0.67 0.52 0.23 1.07 0.96 0.07 0.20 1.58 2.12 1.93 1.91 2.78 1.17 1.13 0.84 0.31 1.60 1.15 0.12 0.33 0.03 0.14 0.01 0.14 0.01 0.15 0.01 0.02 0.15 0.01 0.14 0.01 0.16 0.84 1.50 1.57 1.31 2.33 0.35 2.65 1.52 0.45 0.83 0.96 0.12 0.25 0.82 1.59 1.78 1.10 2.24 0.33 2.67 2.66 1.61 0.83 1.37 0.32 0.34 0.95 1.48 1.97 0.62 2.11 0.69 2.66 2.67 1.90 2.28 1.91 0.47 0.42 1.10 1.27 2.03 0.31 1.90 0.81 2.65 2.67 0.75 2.14 2.43 0.50 0.45 1.19 1.43 2.21 0.32 2.11 0.95 2.66 2.67 0.70 1.35 2.74 1.20 0.57 0.95 1.28 1.76 0.41 1.52 0.70 2.66 2.67 0.46 0.79 1.21 1.88 1.58 2.19 1.65 2.12 0.49 1.70 0.85 2.68 2.67 0.42 0.57 0.62 0.67 0.99 2.26 2.17 0.53 1.67 0.87 2.67 2.65 0.36 0.40 0.36 0.38 0.22 2.76

I got: 2.32 0.94 1.99 0.95 2.67 2.67 0.41 0.45 0.37 0.37 0.45 2.28 2.59 2.77 2.24 0.52 2.66 2.67 0.32 0.37 0.30 0.25 0.45 1.28 0.78 1.29 0.30 2.75 1.88 2.67 2.67 0.53 0.48 0.34 0.24 0.93 1.39 0.42 0.28 0.04 2.77 2.77 2.66 2.67 0.66 0.62 0.41 0.24 0.69 1.10 0.32 0.25 0.24 2.64 2.77 2.66 2.67 0.55 0.53 0.37 0.19 0.59 0.79 0.19 0.20 0.95 2.12 2.27 2.78 2.66 0.79 0.67 0.52 0.23 1.07 0.96 0.08 0.20 1.58 2.11 1.93 1.91 2.77 1.17 1.13 0.83 0.31 1.60 1.14 0.12 0.33 0.05 0.15 0.01 0.15 0.01 0.14 0.01 0.01 0.16 0.01 0.15 0.01 0.15 0.84 1.50 1.57 1.31 2.33 0.34 2.68 1.51 0.45 0.83 0.96 0.12 0.25 0.81 1.59 1.78 1.10 2.24 0.34 2.65 2.66 1.61 0.83 1.37 0.32 0.34 0.95 1.48 1.97 0.62 2.11 0.69 2.67 2.65 1.90 2.28 1.91 0.47 0.42 1.10 1.27 2.03 0.31 1.91 0.82 2.67 2.67 0.75 2.13 2.42 0.49 0.45 1.19 1.43 2.22 0.31 2.11 0.95 2.66 2.67 0.70 1.35 2.74 1.19 0.57 0.95 1.28 1.76 0.41 1.52 0.69 2.67 2.66 0.46 0.79 1.21 1.87 1.58 2.19 1.65 2.12 0.49 1.70 0.83 2.67 2.67 0.42 0.57 0.62 0.67 0.99 2.25 2.17 0.53 1.66 0.88 2.65 2.66 0.35 0.40 0.36 0.38 0.22 2.77

I got: 2.33 0.94 1.99 0.95 2.67 2.66 0.41 0.45 0.37 0.37 0.45 2.28 2.60 2.75 2.24 0.53 2.67 2.66 0.32 0.37 0.30 0.24 0.45 1.28 0.78 1.29 0.30 2.70 1.89 2.67 2.67 0.53 0.48 0.34 0.23 0.93 1.39 0.42 0.28 0.04 2.78 2.75 2.67 2.68 0.66 0.62 0.41 0.24 0.69 1.10 0.32 0.25 0.24 2.64 2.72 2.66 2.67 0.55 0.53 0.37 0.19 0.59 0.79 0.19 0.20 0.95 2.11 2.28 2.78 2.65 0.79 0.67 0.52 0.23 1.07 0.96 0.07 0.20 1.58 2.12 1.93 1.91 2.75 1.17 1.13 0.83 0.31 1.60 1.15 0.12 0.33 0.02 0.15 0.01 0.14 0.01 0.13 0.01 0.01 0.15 0.00 0.14 0.01 0.16 0.84 1.50 1.57 1.31 2.32 0.35 2.67 1.52 0.45 0.83 0.96 0.12 0.25 0.81 1.59 1.79 1.10 2.24 0.32 2.66 2.67 1.61 0.83 1.37 0.32 0.34 0.95 1.48 1.97 0.62 2.11 0.68 2.66 2.66 1.90 2.28 1.91 0.47 0.42 1.10 1.27 2.03 0.31 1.90 0.83 2.67 2.67 0.75 2.14 2.42 0.50 0.45 1.20 1.43 2.21 0.32 2.11 0.97 2.67 2.66 0.70 1.35 2.72 1.19 0.56 0.95 1.28 1.76 0.41 1.52 0.69 2.67 2.66 0.46 0.79 1.21 1.88 1.59 2.19 1.66 2.12 0.49 1.70 0.83 2.66 2.66 0.42 0.57 0.62 0.67 1.00 2.24 2.16 0.53 1.67 0.88 2.67 2.67 0.36 0.40 0.36 0.38 0.22 2.74

I got: 2.33 0.94 1.99 0.95 2.67 2.65 0.41 0.45 0.37 0.37 0.45 2.29 2.57 2.75 2.25 0.50 2.67 2.66 0.32 0.37 0.30 0.24 0.45 1.29 0.78 1.29 0.30 2.71 1.89 2.67 2.65 0.52 0.48 0.34 0.24 0.93 1.39 0.42 0.28 0.04 2.76 2.75 2.66 2.65 0.66 0.62 0.41 0.24 0.69 1.11 0.31 0.25 0.24 2.61 2.72 2.69 2.66 0.55 0.53 0.37 0.19 0.59 0.80 0.18 0.20 0.95 2.12 2.28 2.77 2.67 51.53 0.67 0.52 0.23 1.07 0.96 0.07 0.20 1.58 2.11 1.93 1.91 2.77 1.17 1.13 0.83 0.31 1.59 1.15 0.12 0.33 0.02 0.15 0.01 0.14 0.01 0.13 0.01 0.01 0.15 0.01 0.15 0.01 0.14 0.84 1.50 1.57 1.31 2.32 0.33 2.66 1.52 0.45 0.83 0.96 0.12 0.25 0.82 1.59 1.78 1.10 2.25 0.33 2.67 2.67 1.61 0.83 1.37 0.32 0.35 0.95 1.48 1.97 0.62 2.11 0.69 2.67 2.67 1.90 2.28 1.91 0.47 0.42 1.10 1.27 2.03 0.31 1.91 0.82 2.66 2.66 0.75 2.14 2.42 0.50 0.45 1.20 1.43 2.21 0.32 2.11 0.95 2.66 2.66 0.70 1.35 2.74 1.20 0.57 0.95 1.28 1.76 0.41 1.52 0.68 2.64 2.67 0.46 0.79 1.21 1.88 1.59 2.20 1.65 2.12 0.49 1.70 0.83 2.64 2.67 0.42 0.57 0.62 0.67 0.99 2.25 2.17 0.53 1.66 0.86 2.67 2.66 0.35 0.40 0.36 0.38 0.22 2.75

I got: 2.33 0.94 1.99 0.93 2.65 2.67 0.41 0.45 0.37 0.37 0.45 2.28 2.58 2.76 2.24 0.51 2.65 2.67 0.32 0.37 0.30 0.24 0.45 1.29 0.78 1.29 0.30 2.77 1.89 2.65 2.66 0.52 0.48 0.34 0.24 0.93 1.40 0.41 0.28 0.04 2.76 2.77 2.64 2.67 0.66 0.62 0.41 0.25 0.69 1.11 0.31 0.25 0.24 2.63 2.73 2.67 2.69 0.54 0.53 0.37 0.19 0.59 0.80 0.18 0.20 0.95 2.11 2.27 2.75 2.67 0.79 0.67 0.52 0.23 1.07 0.97 0.06 0.20 1.58 2.12 1.94 1.91 2.78 1.18 1.13 0.84 0.31 1.60 1.16 0.12 0.33 0.02 0.15 0.01 0.15 0.01 0.13 0.01 0.01 0.16 0.01 0.14 0.01 0.15 0.83 1.50 1.57 1.31 2.33 0.35 2.64 1.51 0.45 0.83 0.97 0.12 0.25 0.82 1.59 1.78 1.10 2.24 0.31 2.67 2.66 1.61 0.83 1.38 0.32 0.34 0.95 1.48 1.97 0.62 2.11 0.68 2.67 2.67 1.90 2.28 1.91 0.47 0.42 1.10 1.27 2.03 0.31 1.90 0.80 2.65 2.67 0.75 2.14 2.42 0.50 0.45 1.19 1.43 2.21 0.32 2.11 0.94 2.67 2.67 0.70 1.35 2.74 1.19 0.57 0.95 1.28 1.75 0.41 1.52 0.68 2.67 2.67 0.46 0.79 1.21 1.88 1.59 2.20 1.66 2.13 0.49 1.70 0.83 2.67 2.67 0.42 0.57 0.63 0.67 1.00 2.25 2.17 0.53 1.67 0.87 2.67 2.64 0.35 0.40 0.36 0.38 0.22 2.76

I got: 2.32 0.94 1.99 0.94 2.66 2.67 0.41 0.45 0.37 0.37 0.45 2.29 2.59 2.77 2.24 0.52 2.66 2.67 0.32 0.37 0.30 0.24 0.45 1.29 0.77 1.29 0.30 2.75 1.90 2.67 2.67 0.53 0.48 0.34 0.23 0.93 1.40 0.40 0.28 0.04 2.77 2.77 2.68 2.67 0.66 0.62 0.41 0.24 0.69 1.11 0.30 0.26 0.24 2.64 2.77 2.65 2.67 0.55 0.53 0.37 0.20 0.59 0.80 0.18 0.20 0.95 2.12 2.28 2.78 2.67 0.79 0.67 0.52 0.23 1.07 0.97 0.05 0.20 1.58 2.11 1.93 1.91 2.76 1.17 1.13 0.83 0.31 1.59 1.16 0.12 0.33 0.02 0.13 0.01 0.17 0.01 0.12 0.01 0.01 0.18 0.01 0.14 0.01 0.12 0.84 1.50 1.57 1.31 2.33 0.33 2.67 1.51 0.45 0.83 0.97 0.12 0.26 0.82 1.59 1.78 1.10 2.24 0.34 2.65 2.66 1.61 0.83 1.38 0.32 0.34 0.95 1.48 1.97 0.62 2.11 0.71 2.67 2.65 1.90 2.28 1.91 0.47 0.42 1.10 1.27 2.03 0.31 1.91 0.84 2.66 2.67 0.74 2.12 2.42 0.51 0.45 1.19 1.43 2.22 0.32 2.11 0.96 2.67 2.66 0.70 1.35 2.74 1.20 0.57 0.95 1.28 1.75 0.41 1.52 0.71 2.67 2.67 0.46 0.79 1.21 1.88 1.59 2.19 1.66 2.13 0.49 1.71 0.85 2.67 2.67 0.42 0.57 0.63 0.67 1.00 2.25 2.17 0.53 1.66 0.87 2.65 2.67 0.35 0.40 0.36 0.38 0.22 2.77

I got: 2.33 0.94 1.99 0.97 2.67 2.67 0.41 0.45 0.37 0.37 0.45 2.29 2.59 2.75 2.24 0.54 2.67 2.66 0.32 0.37 0.30 0.25 0.45 1.30 0.77 1.29 0.30 2.71 1.93 2.67 2.67 0.52 0.48 0.34 0.23 0.93 1.40 0.40 0.28 0.04 2.78 2.75 2.67 2.68 0.66 0.62 0.41 0.24 0.69 1.11 0.30 0.25 0.24 2.63 2.71 2.66 2.67 0.55 0.53 0.37 0.19 0.59 0.80 0.18 0.19 0.95 2.11 2.28 2.78 2.66 0.80 0.67 0.52 0.23 1.07 0.97 0.05 0.20 1.58 2.12 1.93 1.91 2.76 1.17 1.13 0.84 0.31 1.60 1.17 0.12 0.33 0.02 0.13 0.01 0.13 0.01 0.12 0.01 0.01 0.14 0.10 0.14 0.01 0.12 0.84 1.50 1.57 1.31 2.32 0.34 2.67 1.52 0.45 0.83 0.97 0.12 0.26 0.81 1.59 1.78 1.10 2.25 0.33 2.68 2.67 1.61 0.83 1.38 0.33 0.34 0.95 1.48 1.97 0.62 2.11 0.69 2.65 2.66 1.90 2.28 1.92 0.48 0.42 1.10 1.27 2.03 0.31 1.91 0.83 2.67 2.66 0.75 2.14 2.42 0.51 0.45 1.19 1.43 2.21 0.32 2.11 0.96 2.67 2.64 0.70 1.35 2.72 1.20 0.57 0.95 1.28 1.74 0.41 1.51 0.69 2.67 2.65 0.46 0.79 1.21 1.89 1.59 2.21 1.67 2.13 0.49 1.71 0.85 2.66 2.65 0.42 0.57 0.63 0.67 1.00 2.24 2.17 0.53 1.66 0.87 2.67 2.67 0.35 0.40 0.36 0.38 0.22 2.74

I got: 2.34 0.94 1.99 0.95 2.67 2.65 0.40 0.45 0.37 0.37 0.45 2.30 2.55 2.75 2.25 0.54 2.67 2.66 0.32 0.37 0.30 0.25 0.45 1.30 0.76 1.29 0.30 2.72 1.88 2.67 2.65 0.53 0.48 0.34 0.23 0.93 1.42 0.38 0.27 0.04 2.76 2.76 2.66 2.66 0.66 0.62 0.41 0.25 0.69 1.12 0.29 0.25 0.24 2.62 2.71 2.68 2.66 0.54 0.53 0.37 0.20 0.59 0.81 0.17 0.19 0.95 2.12 2.28 2.76 2.67 0.80 0.67 0.52 0.23 1.07 0.98 0.03 0.20 1.58 2.11 1.92 1.91 2.77 1.17 1.13 0.83 0.31 1.59 1.18 0.13 0.33 0.02 0.14 0.01 0.13 0.01 0.11 0.01 0.01 0.06 0.13 0.14 0.01 0.12 0.84 1.50 1.57 1.31 2.32 0.32 2.66 1.52 0.45 0.83 0.97 0.12 0.26 0.81 1.59 1.78 1.10 2.25 0.33 2.67 2.66 1.61 0.83 1.38 0.33 0.35 0.94 1.48 1.97 0.62 2.10 0.69 2.67 2.67 1.90 2.28 1.92 0.48 0.42 1.10 1.27 2.03 0.31 1.91 0.82 2.66 2.66 0.75 2.14 2.42 0.51 0.45 1.19 1.43 2.21 0.32 2.11 0.95 2.66 2.66 0.70 1.35 2.74 1.20 0.57 0.95 1.28 1.74 0.41 1.51 0.68 2.65 2.67 0.46 0.79 1.21 1.89 1.60 2.21 1.67 2.13 0.49 1.71 0.85 2.65 2.67 0.42 0.57 0.63 0.67 1.00 2.25 2.18 0.54 1.66 0.87 2.67 2.68 0.35 0.40 0.36 0.38 0.22 2.75

I got: 2.33 0.94 1.99 0.95 2.65 2.67 0.41 0.45 0.37 0.37 0.45 2.30 2.56 2.77 2.25 0.52 2.64 2.67 0.32 0.37 0.30 0.24 0.45 1.31 0.76 1.29 0.30 2.78 1.88 2.64 2.67 0.53 0.48 0.34 0.24 0.93 1.42 0.38 0.28 0.04 2.76 2.77 2.65 2.67 0.66 0.62 0.41 0.24 0.69 1.13 0.29 0.26 0.24 2.64 2.74 2.67 2.68 0.54 0.53 0.37 0.20 0.59 0.81 0.17 0.19 0.95 2.12 2.27 2.76 2.67 0.79 0.67 0.52 0.23 1.07 0.99 0.03 0.20 1.58 2.12 1.93 1.91 2.78 1.17 1.14 0.84 0.31 1.60 1.18 0.13 0.33 0.02 0.13 0.01 0.12 0.01 0.12 0.01 0.01 0.02 0.13 0.13 0.01 0.11 0.84 1.50 1.57 1.31 2.33 0.34 2.64 1.52 0.44 0.83 0.98 0.12 0.26 0.81 1.59 1.78 1.10 2.24 0.33 2.67 2.64 1.61 0.83 1.39 0.33 0.34 0.95 1.48 1.97 0.63 2.11 0.70 2.67 2.66 1.90 2.28 1.92 0.48 0.42 1.10 1.27 2.04 0.31 1.90 0.84 2.65 2.67 0.75 2.14 2.43 0.52 0.45 1.19 1.43 2.21 0.32 2.11 0.95 2.67 2.67 0.70 1.35 2.74 1.20 0.57 0.94 1.28 1.74 0.41 1.51 0.69 2.68 2.67 0.46 0.79 1.21 1.89 1.60 2.21 1.67 2.13 0.49 1.71 0.86 2.67 2.67 0.42 0.57 0.63 0.67 1.00 2.26 2.17 0.54 1.66 0.88 2.67 2.65 0.35 0.40 0.36 0.38 0.22 2.76

I got: 2.32 0.95 1.98 0.97 2.66 2.67 0.40 0.46 0.37 0.37 0.45 2.30 2.58 2.77 2.24 0.53 2.66 2.67 0.32 0.37 0.30 0.24 0.45 1.30 0.76 1.29 0.30 2.75 1.87 2.66 2.67 0.53 0.48 0.34 0.24 0.93 1.43 0.37 0.28 0.04 2.78 2.77 2.68 2.67 0.66 0.62 0.41 0.24 0.69 1.13 0.29 0.25 0.24 2.65 2.76 2.65 2.67 0.55 0.53 0.37 0.20 0.59 0.81 0.17 0.20 0.95 2.12 2.28 2.78 2.67 0.79 0.67 0.52 0.23 1.07 0.99 0.03 0.20 1.58 2.11 1.92 1.90 2.75 1.17 1.13 0.83 0.31 1.59 1.18 0.13 0.33 0.03 0.13 0.01 0.11 0.01 0.13 0.01 0.01 0.01 0.18 0.14 0.01 0.13 0.84 1.50 1.57 1.31 2.33 0.33 2.67 1.52 0.45 0.83 0.98 0.12 0.26 0.81 1.59 1.79 1.10 2.24 0.33 2.65 2.66 1.61 0.83 1.39 0.33 0.35 0.95 1.48 1.97 0.63 2.11 0.69 2.67 2.64 1.90 2.28 1.92 0.48 0.42 1.10 1.27 2.03 0.31 1.91 0.81 2.67 2.67 0.75 2.12 2.42 0.52 0.45 1.19 1.43 2.22 0.32 2.11 0.94 2.67 2.66 0.70 1.35 2.73 1.20 0.57 0.94 1.28 1.75 0.41 1.51 0.68 2.67 2.68 0.46 0.79 1.21 1.89 1.60 2.21 1.67 2.13 0.49 1.72 0.83 2.67 2.67 0.42 0.57 0.63 0.68 1.00 2.25 2.17 0.53 1.66 0.86 2.64 2.67 0.35 0.40 0.36 0.38 0.22 2.77

I got: 2.33 0.95 1.99 0.91 2.67 2.67 0.41 0.45 0.37 0.37 0.45 2.31 2.58 2.75 2.24 0.54 2.67 2.66 0.32 0.37 0.30 0.24 0.45 1.31 0.76 1.29 0.30 2.71 1.90 2.67 2.66 0.53 0.48 0.34 0.24 0.93 1.43 0.37 0.28 0.04 2.78 2.74 2.67 2.68 0.66 0.62 0.41 0.24 0.69 1.13 0.28 0.25 0.24 2.64 2.70 2.66 2.67 0.55 0.53 0.37 0.20 0.59 0.81 0.17 0.20 0.95 2.12 2.28 2.78 2.65 0.79 0.67 0.52 0.23 1.07 0.99 0.02 0.20 1.58 2.12 1.93 1.91 2.76 1.17 1.13 0.83 0.31 1.59 1.19 0.14 0.33 0.02 0.13 0.01 0.12 0.01 0.13 0.01 0.01 0.01 0.17 0.15 0.01 0.13 0.84 1.50 1.57 1.31 2.32 0.33 2.67 1.52 0.45 0.83 0.98 0.13 0.25 0.81 1.59 1.78 1.10 2.25 0.32 2.67 2.67 1.61 0.83 1.39 0.33 0.35 0.95 1.48 1.97 0.62 2.11 0.68 2.65 2.66 1.90 2.28 1.92 0.48 0.42 1.10 1.27 2.03 0.31 1.91 0.83 2.67 2.65 0.75 2.14 2.42 0.52 0.45 1.20 1.43 2.21 0.32 2.11 0.96 2.67 2.64 0.70 1.35 2.72 1.20 0.56 0.94 1.28 1.74 0.41 1.51 0.68 2.66 2.65 0.46 0.79 1.22 1.89 1.60 2.22 1.68 2.14 0.49 1.72 0.85 2.66 2.66 0.42 0.58 0.63 0.68 1.01 2.24 2.16 0.54 1.67 0.87 2.68 2.67 0.35 0.40 0.36 0.38 0.22 2.75

I got: 2.33 0.94 1.99 0.94 2.66 2.66 0.41 0.45 0.37 0.37 0.45 2.31 2.55 2.76 2.25 0.52 2.67 2.65 0.32 0.37 0.30 0.24 0.45 1.31 0.75 1.29 0.30 2.72 1.89 2.66 2.65 0.52 0.48 0.34 0.24 0.93 1.43 0.36 0.28 0.04 2.76 2.76 2.66 2.66 0.66 0.62 0.41 0.24 0.69 1.14 0.28 0.25 0.24 2.62 2.71 2.68 2.66 0.54 0.53 0.37 0.20 0.59 0.82 0.17 0.20 0.95 2.11 2.28 2.75 2.67 0.79 0.67 0.52 0.23 1.07 0.99 0.02 0.20 1.58 2.12 1.93 1.91 2.77 1.17 1.13 0.83 0.31 1.60 1.19 0.14 0.33 0.04 0.15 0.01 0.14 0.01 0.14 0.01 0.01 0.01 0.14 0.15 0.01 0.14 0.84 1.50 1.57 1.31 2.32 0.35 2.66 1.52 0.45 0.83 0.98 0.13 0.25 0.82 1.59 1.78 1.10 2.25 0.32 2.67 2.66 1.61 0.83 1.39 0.33 0.35 0.95 1.48 1.97 0.62 2.11 0.69 2.68 51.53 1.90 2.28 1.92 0.48 0.42 1.10 1.27 2.03 0.32 1.91 0.81 2.65 2.66 0.75 2.14 2.42 0.52 0.45 1.20 1.43 2.21 0.32 2.11 0.92 2.65 2.66 0.70 1.35 2.74 1.20 0.57 0.94 1.28 1.74 0.41 1.50 0.66 2.64 2.67 0.46 0.79 1.21 1.89 1.60 2.22 1.68 2.13 0.49 1.72 0.82 2.64 2.67 0.42 0.57 0.63 0.68 1.01 2.25 2.17 0.53 1.67 0.84 2.67 2.66 0.35 0.40 0.36 0.38 0.22 2.75

I got: 2.32 0.94 1.99 0.91 2.65 2.67 0.41 0.45 0.37 0.37 0.45 2.31 2.56 2.76 2.25 0.52 2.65 2.67 0.32 0.37 0.30 0.24 0.45 1.32 0.75 1.29 0.30 2.78 1.91 2.65 2.67 0.53 0.48 0.34 0.24 0.93 1.44 0.36 0.28 0.04 2.77 2.77 2.65 2.67 0.66 0.62 0.41 0.24 0.69 1.14 0.28 0.25 0.24 2.64 2.74 2.67 2.67 0.55 0.53 0.37 0.20 0.59 0.82 0.16 0.20 0.95 2.12 2.27 2.76 2.67 0.79 0.67 0.52 0.23 1.07 0.99 0.01 0.20 1.58 2.12 1.93 1.91 2.78 1.18 1.14 0.84 0.31 1.60 1.20 0.14 0.33 0.03 0.15 0.01 0.14 0.01 0.16 0.01 0.01 0.01 0.14 0.16 0.01 0.15 0.84 1.50 1.57 1.31 2.33 0.34 2.64 1.52 0.45 0.83 0.99 0.13 0.25 0.82 1.59 1.78 1.10 2.24 0.32 2.67 2.64 1.61 0.83 1.39 0.33 0.35 0.95 1.48 1.97 0.63 2.11 0.67 2.67 2.66 1.90 2.28 1.92 0.49 0.42 1.10 1.27 2.04 0.32 1.90 0.81 2.65 2.67 0.75 2.14 2.43 0.53 0.45 1.19 1.43 2.22 0.32 2.11 0.94 2.67 2.67 0.70 1.35 2.74 1.20 0.57 0.94 1.28 1.73 0.41 1.50 0.67 2.68 2.67 0.45 0.79 1.22 1.89 1.61 2.22 1.68 2.13 0.49 1.72 0.83 2.66 2.67 0.42 0.58 0.64 0.68 1.01 2.25 2.17 0.53 1.67 0.86 2.67 2.65 0.35 0.40 0.36 0.38 0.21 2.76

I got: 2.32 0.94 1.99 0.94 2.66 2.67 0.41 0.45 0.37 0.37 0.45 2.31 2.57 2.77 2.24 0.52 2.66 2.67 0.32 0.37 0.30 0.24 0.45 1.32 0.75 1.29 0.30 2.74 1.89 2.66 2.67 0.53 0.48 0.34 0.23 0.93 1.44 0.35 0.28 0.04 2.78 2.77 2.68 2.67 0.66 0.62 0.41 0.24 0.69 1.14 0.28 0.25 0.24 2.65 2.77 2.65 2.67 0.54 0.53 0.36 0.20 0.59 0.82 0.16 0.19 0.95 2.12 2.28 2.78 2.67 0.79 0.67 0.52 0.23 1.07 1.00 0.01 0.20 1.58 2.11 1.93 1.91 2.76 1.18 1.13 0.83 0.31 1.59 1.20 0.15 0.33 0.01 0.15 0.01 0.14 0.01 0.15 0.01 0.01 0.01 0.12 0.16 0.01 0.14 0.83 1.50 1.57 1.31 2.33 0.33 2.66 1.52 0.45 0.83 1.08 0.26 0.25 0.81 1.59 1.78 1.10 2.24 0.32 2.64 2.66 1.61 0.83 1.46 0.41 0.35 0.95 1.48 1.97 0.62 2.11 0.69 2.67 2.65 1.91 2.28 1.95 0.54 0.42 1.10 1.27 2.04 0.31 1.90 0.82 2.67 2.66 0.74 2.13 2.44 0.61 0.45 1.19 1.43 2.22 0.32 2.11 0.94 2.67 2.66 0.70 1.35 2.73 1.23 0.57 0.93 1.27 1.67 0.42 1.46 0.63 2.67 2.66 0.45 0.80 1.24 1.94 1.65 2.28 1.75 2.18 0.52 1.80 0.88 2.67 2.67 0.44 0.60 0.66 0.71 1.05 2.25 2.17 0.53 1.67 0.85 2.64 2.67 0.35 0.40 0.36 0.38 0.22 2.77

I got: 2.33 0.94 1.99 0.94 2.67 2.67 0.41 0.45 0.37 0.37 0.45 2.38 2.49 2.74 2.25 0.53 2.67 2.67 0.32 0.37 0.30 0.25 0.45 1.41 0.67 1.29 0.30 2.72 1.88 2.67 2.67 0.53 0.48 0.34 0.24 0.93 1.59 0.20 0.28 0.04 2.78 2.74 2.67 2.67 0.66 0.62 0.41 0.24 0.69 1.24 0.20 0.25 0.24 2.64 2.70 2.66 2.67 0.54 0.53 0.37 0.19 0.59 0.89 0.15 0.19 0.95 2.12 2.28 2.78 2.65 0.79 0.67 0.52 0.23 1.07 1.12 0.18 0.20 1.58 2.12 1.93 1.91 2.76 1.18 1.13 0.83 0.31 1.60 1.37 0.35 0.33 0.02 0.14 0.01 0.13 0.01 0.16 0.01 0.01 0.01 0.05 0.16 0.01 0.14 0.84 1.50 1.57 1.31 2.32 0.34 2.67 1.52 0.45 0.83 1.07 0.24 0.25 0.81 1.59 1.78 1.10 2.25 0.32 2.67 2.67 1.61 0.83 1.46 0.40 0.35 0.95 1.48 1.97 0.63 2.11 0.69 2.64 2.66 1.90 2.28 1.96 0.56 0.42 1.10 1.27 2.04 0.32 1.90 0.82 2.67 2.64 0.75 2.14 2.43 0.64 0.45 1.19 1.44 2.21 0.32 2.11 0.95 2.67 2.64 0.70 1.35 2.73 1.23 0.57 0.92 1.27 1.67 0.42 1.45 0.63 2.66 2.65 0.45 0.80 1.25 1.94 1.66 2.28 1.76 2.18 0.52 1.80 0.88 2.66 2.65 0.44 0.60 0.66 0.71 1.05 2.24 2.16 0.53 1.66 0.86 2.68 2.67 0.35 0.40 0.36 0.38 0.22 2.77

I got: 2.33 0.94 1.99 0.93 2.67 2.66 0.41 0.45 0.37 0.37 0.45 2.39 2.50 2.75 2.25 0.52 2.66 2.65 0.32 0.37 0.30 0.24 0.45 1.41 0.67 1.29 0.30 2.71 1.89 2.67 2.65 0.53 0.48 0.34 0.23 0.93 1.60 0.19 0.28 0.04 2.75 2.75 2.66 2.65 0.66 0.62 0.41 0.24 0.69 1.25 0.20 0.26 0.24 2.62 2.71 2.68 2.65 0.54 0.53 0.37 0.20 0.59 0.90 0.15 0.20 0.95 2.12 2.28 2.75 2.67 0.79 0.67 0.52 0.23 1.07 1.13 0.19 0.20 1.58 2.12 1.93 1.91 2.77 1.17 1.13 0.83 0.31 1.59 1.38 0.36 0.33 0.01 0.14 0.01 0.13 0.01 0.14 0.02 0.01 0.01 0.02 0.15 0.01 0.13 0.84 1.50 1.57 1.31 2.32 0.34 2.66 1.52 0.45 0.83 1.07 0.24 0.26 0.82 1.59 1.78 1.10 2.25 0.32 2.67 2.67 1.61 0.83 1.46 0.40 0.35 0.95 1.48 1.97 0.62 2.11 0.68 2.67 2.67 1.90 2.28 1.96 0.57 0.42 1.10 1.27 2.03 0.31 1.91 0.80 2.65 2.66 0.75 2.14 2.43 0.64 0.45 1.19 1.43 2.21 0.32 2.11 0.94 2.65 2.66 0.70 1.35 2.74 1.23 0.57 0.92 1.26 1.66 0.42 1.46 0.65 2.64 2.67 0.45 0.80 1.25 1.94 1.66 2.29 1.76 2.18 0.52 1.81 0.89 2.64 2.67 0.44 0.60 0.66 0.71 1.06 2.25 2.17 0.53 1.66 0.85 2.67 2.67 0.35 0.40 0.36 0.38 0.22 2.74

