I got: 2.35 0.62 0.61 0.96 2.67 2.67 0.58 0.67 0.49 0.43 0.37 2.41 2.39 1.85 1.41 0.99 2.67 2.68 0.90 1.18 0.92 0.58 0.35 2.13 1.51 2.13 2.52 2.29 1.40 2.67 2.67 0.44 0.59 0.49 0.31 0.63 1.46 0.56 0.75 0.26 2.78 1.94 2.64 2.67 0.29 0.45 0.43 0.20 0.88 1.02 0.19 0.23 0.47 2.78 2.73 2.66 2.66 0.49 0.54 0.46 0.21 0.86 0.96 0.22 0.25 0.85 2.76 1.66 2.08 2.65 0.96 0.74 0.56 0.26 1.05 1.06 0.29 0.30 1.91 2.77 1.16 0.65 1.78 1.16 1.18 0.91 0.36 1.63 1.28 0.53 0.49 0.14 0.01 0.01 0.12 0.01 0.13 0.01 0.12 0.01 0.12 0.13 0.01 0.12 0.99 2.46 0.75 0.40 0.80 0.85 2.67 1.49 0.43 0.84 0.95 0.34 0.34 1.08 2.56 0.76 0.35 0.64 0.36 2.67 2.67 1.57 0.82 1.30 0.43 0.41 1.31 2.28 0.54 0.25 0.47 0.81 2.65 2.66 1.88 2.26 1.82 0.57 0.48 1.50 1.71 0.30 0.17 0.38 0.94 2.67 2.64 0.76 2.13 2.37 0.66 0.51 1.66 1.90 0.32 0.18 0.41 1.08 2.67 2.64 0.72 1.36 2.71 1.20 0.61 1.21 2.14 0.49 0.18 0.30 0.75 2.66 2.66 0.47 0.79 1.21 1.93 1.54 2.26 2.59 0.67 0.22 0.35 1.05 2.66 2.65 0.50 0.64 0.65 0.69 1.05 2.77 0.79 0.24 0.32 0.99 2.67 2.67 0.42 0.48 0.38 0.38 0.20 2.77

I got: 2.36 0.62 0.61 0.98 2.66 2.66 0.58 0.67 0.49 0.43 0.37 2.40 2.39 1.85 1.41 0.99 2.65 2.66 0.91 1.18 0.92 0.58 0.35 2.14 1.51 2.13 2.50 2.30 1.40 2.66 2.66 0.44 0.59 0.49 0.31 0.63 1.46 0.56 0.75 0.26 2.75 1.94 2.67 2.66 0.29 0.45 0.43 0.20 0.88 1.02 0.19 0.23 0.47 2.76 2.75 2.65 2.67 0.48 0.54 0.45 0.21 0.86 0.96 0.22 0.26 0.85 2.77 1.68 2.08 2.66 0.97 0.74 0.57 0.26 1.04 1.06 0.29 0.30 1.91 2.77 1.16 0.65 1.78 1.16 1.18 0.91 0.35 1.64 1.28 0.53 0.49 0.13 0.01 0.01 0.12 0.01 0.12 0.01 0.12 0.08 0.11 0.13 0.01 0.12 0.99 2.47 0.75 0.40 0.80 0.86 2.66 1.49 0.43 0.84 0.95 0.33 0.34 1.08 2.57 0.76 0.35 0.64 0.36 2.67 2.66 1.57 0.82 1.30 0.43 0.41 1.31 2.28 0.54 0.25 0.48 0.79 2.67 2.67 1.88 2.27 1.82 0.57 0.48 1.50 1.71 0.30 0.17 0.38 0.94 2.64 2.66 0.76 2.14 2.38 0.66 0.51 1.66 1.91 0.32 0.18 0.41 1.09 2.65 2.66 0.73 1.35 2.72 1.21 0.61 1.21 2.13 0.49 0.18 0.30 0.75 2.65 2.67 0.47 0.79 1.21 1.93 1.54 2.27 2.55 0.67 0.22 0.35 1.07 2.64 2.67 0.50 0.64 0.65 0.69 1.05 2.74 0.80 0.24 0.32 0.99 2.67 2.66 0.42 0.48 0.38 0.38 0.19 2.76

I got: 2.36 0.62 0.61 0.97 2.67 2.67 0.58 0.67 0.49 0.43 0.37 2.40 2.38 1.85 1.41 1.01 2.66 2.67 0.91 1.18 0.92 0.58 0.35 2.13 1.51 2.14 2.51 2.30 1.40 2.65 2.67 0.44 0.59 0.49 0.31 0.64 1.46 0.56 0.75 0.26 2.77 1.95 2.67 2.65 0.29 0.45 0.43 0.20 0.88 1.02 0.19 0.23 0.47 2.76 2.77 2.67 2.66 0.49 0.54 0.46 0.21 0.86 0.96 0.22 0.25 0.85 2.78 1.66 2.07 2.67 0.95 0.73 0.56 0.26 1.05 1.07 0.29 0.30 1.89 2.75 1.16 0.65 1.77 1.15 1.18 0.91 0.35 1.62 1.27 0.53 0.49 0.12 0.01 0.01 0.12 0.01 0.12 0.01 0.12 0.11 0.11 0.12 0.01 0.12 0.99 2.48 0.75 0.40 0.80 0.77 2.67 1.49 0.43 0.84 0.95 0.34 0.34 1.08 2.59 0.76 0.35 0.64 0.44 2.66 2.65 1.57 0.82 1.30 0.43 0.41 1.31 2.28 0.53 0.25 0.47 0.80 2.67 2.67 1.88 2.27 1.82 0.57 0.48 1.50 1.71 0.30 0.17 0.38 0.94 2.67 2.67 0.76 2.13 2.39 0.66 0.51 1.66 1.91 0.32 0.18 0.41 1.08 2.66 2.67 0.73 1.36 2.72 1.21 0.61 1.21 2.14 0.49 0.18 0.30 0.75 2.67 2.66 0.47 0.79 1.21 1.93 1.54 2.27 2.57 0.67 0.23 0.35 1.01 2.67 2.66 51.53 0.64 0.65 0.69 1.05 2.76 0.80 0.24 0.31 0.98 2.66 2.66 0.42 0.48 0.38 0.38 0.19 2.75

I got: 2.34 0.62 0.60 0.96 2.67 2.66 0.58 0.67 0.49 0.43 0.37 2.41 2.39 1.85 1.41 1.00 2.67 2.67 0.91 1.18 0.92 0.58 0.35 2.13 1.51 2.14 2.51 2.30 1.39 2.67 2.66 0.44 0.59 0.49 0.31 0.63 1.46 0.56 0.75 0.26 2.78 1.94 2.64 2.67 0.29 0.45 0.43 0.20 0.88 1.02 0.19 0.23 0.47 2.78 2.74 2.67 2.65 0.48 0.54 0.46 0.21 0.86 0.96 0.22 0.25 0.85 2.75 1.68 2.08 2.66 0.93 0.73 0.56 0.26 1.06 1.07 0.29 0.30 1.88 2.77 1.15 0.65 1.76 1.14 1.17 0.90 0.35 1.61 1.27 0.53 0.49 0.12 0.01 0.01 0.11 0.01 0.12 0.01 0.11 0.11 0.11 0.12 0.01 0.12 0.99 2.46 0.75 0.40 0.80 0.70 2.67 1.49 0.43 0.84 0.95 0.34 0.34 1.08 2.58 0.76 0.35 0.64 0.45 2.65 2.67 1.57 0.82 1.30 0.43 0.41 1.31 2.28 0.53 0.25 0.48 0.80 2.66 2.65 1.88 2.26 1.82 0.57 0.48 1.50 1.71 0.30 0.16 0.38 0.95 2.67 2.68 0.76 2.13 2.38 0.66 0.52 1.66 1.90 0.32 0.17 0.41 1.10 2.67 2.66 0.73 1.36 2.70 1.20 0.61 1.21 2.15 0.49 0.18 0.30 0.76 2.67 2.66 0.47 0.79 1.21 1.93 1.55 2.26 2.59 0.67 0.22 0.35 1.05 2.67 2.64 0.49 0.64 0.65 0.69 1.05 2.77 0.79 0.24 0.31 0.99 2.66 2.67 0.42 0.48 0.38 0.38 0.19 2.76

I got: 2.36 0.62 0.61 0.99 2.67 2.65 0.58 0.67 0.49 0.43 0.38 2.41 2.39 1.85 1.41 1.00 2.65 2.66 0.91 1.18 0.92 0.58 0.35 2.14 1.51 2.13 2.51 2.29 1.39 2.67 2.65 0.44 0.59 0.49 0.31 0.64 1.46 0.56 0.75 0.26 2.77 1.93 2.67 2.66 0.29 0.45 0.43 0.20 0.88 1.02 0.19 0.23 0.47 2.77 2.75 2.64 2.67 0.49 0.54 0.46 0.21 0.86 0.97 0.22 0.26 0.85 2.76 1.68 2.08 2.66 0.89 0.71 0.56 0.25 1.07 1.08 0.29 0.30 1.86 2.76 1.13 0.64 1.74 1.13 1.15 0.89 0.34 1.59 1.25 0.52 0.48 0.12 0.01 0.01 0.11 0.01 0.11 0.01 0.11 0.11 0.13 0.13 0.01 0.12 0.99 2.47 0.75 0.40 0.80 0.60 2.67 1.49 0.43 0.84 0.95 0.33 0.34 1.08 2.56 0.76 0.35 0.64 0.45 2.67 2.66 1.57 0.82 1.30 0.43 0.41 1.31 2.28 0.54 0.25 0.47 0.82 2.67 2.67 1.88 2.26 1.82 0.57 0.48 1.50 1.71 0.30 0.16 0.38 0.95 2.66 2.66 0.76 2.14 2.37 0.66 0.51 1.66 1.91 0.32 0.17 0.41 1.09 2.66 2.66 0.73 1.36 2.72 1.20 0.61 1.21 2.14 0.49 0.18 0.30 0.75 2.65 2.67 0.47 0.79 1.21 1.93 1.54 2.27 2.56 0.67 0.22 0.35 1.04 2.64 2.67 0.50 0.64 0.65 0.69 1.05 2.75 0.80 0.24 0.31 1.00 2.67 2.68 0.42 0.48 0.38 0.38 0.19 2.76

I got: 2.36 0.62 0.61 0.99 2.65 2.67 0.58 0.67 0.50 0.43 0.38 2.40 2.38 1.85 1.41 1.00 2.66 2.67 0.91 1.18 0.92 0.58 0.35 2.13 1.51 2.14 2.51 2.30 1.40 2.64 2.67 0.44 0.59 0.49 0.31 0.64 1.46 0.56 0.75 0.26 2.77 1.94 2.67 2.64 0.29 0.45 0.43 0.20 0.88 1.02 0.19 0.23 0.47 2.76 2.77 2.66 2.66 0.49 0.54 0.46 0.21 0.87 0.97 0.22 0.25 0.85 2.78 1.69 2.08 2.67 0.90 0.71 0.56 0.25 1.07 1.08 0.29 0.29 1.86 2.75 1.13 0.64 1.73 1.13 1.15 0.89 0.34 1.59 1.25 0.52 0.48 0.14 0.01 0.01 0.12 0.01 0.13 0.01 0.12 0.12 0.12 0.14 0.01 0.13 0.99 2.48 0.75 0.40 0.80 0.58 2.65 1.48 0.43 0.84 0.95 0.34 0.34 1.08 2.58 0.76 0.35 0.64 0.45 2.67 2.64 1.57 0.82 1.30 0.43 0.41 1.31 2.28 0.53 0.25 0.48 0.81 2.67 2.67 1.88 2.27 1.82 0.57 0.48 1.50 1.71 0.30 0.16 0.38 0.96 2.66 2.67 0.76 2.13 2.39 0.66 0.51 1.66 1.90 0.32 0.17 0.41 1.10 2.67 2.67 0.72 1.36 2.73 1.20 0.61 1.21 2.14 0.49 0.18 0.30 0.77 2.68 2.66 0.47 0.79 1.21 1.93 1.54 2.27 2.57 0.67 0.22 0.35 1.03 2.66 2.67 0.50 0.64 0.65 0.69 1.05 2.76 0.79 0.24 0.31 0.99 2.66 2.66 0.42 0.48 0.38 0.38 0.19 2.75

I got: 2.34 0.62 0.61 0.98 2.66 2.66 0.58 0.67 0.49 0.43 0.38 2.41 2.38 1.86 1.41 1.00 2.67 2.66 0.91 1.18 0.92 0.58 0.35 2.12 1.51 2.14 2.51 2.29 1.41 2.67 2.66 0.44 0.59 0.49 0.31 0.64 1.46 0.56 0.75 0.26 2.78 1.94 2.64 2.67 0.29 0.45 0.43 0.20 0.88 1.02 0.19 0.23 0.47 2.77 2.75 2.67 2.65 0.48 0.54 0.46 0.21 0.87 0.96 0.22 0.25 0.85 2.74 1.68 2.08 2.67 0.89 0.71 0.56 0.26 1.05 1.07 0.29 0.30 1.91 2.76 1.16 0.65 1.78 1.16 1.18 0.91 0.35 1.63 1.28 0.53 0.49 0.14 0.01 0.01 0.13 0.01 0.13 0.01 0.13 0.12 0.13 0.15 0.01 0.14 0.99 2.47 0.75 0.40 0.80 0.82 2.67 1.49 0.43 0.84 0.95 0.34 0.34 1.08 2.58 0.76 0.35 0.64 0.43 2.64 2.66 1.57 0.82 1.30 0.43 0.41 1.31 2.29 0.54 0.25 0.48 0.80 2.66 2.65 1.88 2.27 1.82 0.57 0.48 1.50 1.71 0.30 0.16 0.38 0.95 2.67 2.67 0.77 2.13 2.38 0.66 0.51 1.66 1.90 0.32 0.17 0.41 1.08 2.67 2.67 0.72 1.35 2.70 1.20 0.61 1.21 2.15 0.49 0.18 0.30 0.75 2.67 2.67 0.47 0.79 1.21 1.93 1.54 2.26 2.59 0.67 0.22 0.35 1.05 2.67 2.65 0.50 0.64 0.65 0.69 1.05 2.77 0.79 0.24 0.31 0.99 2.66 2.67 0.42 0.48 0.38 0.38 0.20 2.76

I got: 2.36 0.62 0.61 0.98 2.67 2.65 0.58 0.67 0.49 0.43 0.38 2.41 2.39 1.85 1.41 0.99 2.66 2.65 0.91 1.18 0.92 0.58 0.35 2.14 1.51 2.13 2.51 2.29 1.39 2.67 2.65 0.44 0.59 0.49 0.31 0.64 1.46 0.56 0.75 0.26 2.77 1.93 2.67 2.67 0.29 0.45 0.43 0.20 0.88 1.02 0.19 0.23 0.47 2.77 2.75 2.65 2.67 0.49 0.54 0.46 0.21 0.86 0.97 0.22 0.25 0.85 2.76 1.68 2.08 2.66 0.89 0.71 0.56 0.25 1.07 1.08 0.29 0.29 1.86 2.76 1.13 0.64 1.73 1.13 1.15 0.89 0.35 1.59 1.25 0.52 0.48 0.15 0.01 0.01 0.13 0.01 0.14 0.01 0.14 0.12 0.14 0.15 0.01 0.14 0.99 2.47 0.75 0.40 0.80 0.53 2.67 1.48 0.43 0.84 0.95 0.33 0.34 1.08 2.56 0.76 0.35 0.64 0.44 2.66 2.67 1.57 0.82 1.30 0.43 0.41 1.31 2.28 0.54 0.24 0.48 0.81 2.65 2.67 1.88 2.26 1.82 0.57 0.48 1.50 1.70 0.30 0.17 0.38 0.93 2.66 2.66 0.76 2.14 2.37 0.66 0.51 1.66 1.91 0.32 0.18 0.41 1.07 2.66 2.66 0.72 1.36 2.72 1.21 0.61 1.21 2.14 0.49 0.18 0.30 0.74 2.65 2.67 0.47 0.79 1.21 1.93 1.54 2.27 2.57 0.67 0.22 0.35 1.01 2.65 2.67 0.50 0.64 0.65 0.69 1.05 2.76 0.79 0.24 0.32 0.98 2.67 2.67 0.42 0.48 0.38 0.38 0.20 2.77

I got: 2.36 0.62 0.61 0.97 2.65 2.67 0.57 0.67 0.49 0.43 0.38 2.40 2.38 1.86 1.41 0.99 2.65 2.67 0.91 1.18 0.92 0.58 0.35 2.14 1.51 2.14 2.50 2.30 1.40 2.64 2.67 0.44 0.59 0.49 0.31 0.64 1.46 0.56 0.75 0.26 2.76 1.94 2.67 2.64 0.29 0.45 0.43 0.20 0.88 1.02 0.19 0.23 0.47 2.75 2.76 2.66 2.66 0.49 0.54 0.46 0.21 0.86 0.97 0.22 0.25 0.85 2.78 1.69 2.08 2.67 0.89 0.71 0.56 0.26 1.07 1.08 0.29 0.29 1.85 2.75 1.12 0.63 1.72 1.12 1.14 0.88 0.34 1.58 1.24 0.51 0.48 0.15 0.01 0.01 0.14 0.01 0.15 0.01 0.13 0.13 0.14 0.15 0.01 0.14 0.99 2.48 0.75 0.40 0.80 0.53 2.64 1.49 0.43 0.84 0.95 0.33 0.34 1.08 2.58 0.76 0.35 0.64 0.44 2.67 2.66 1.57 0.82 1.30 0.43 0.41 1.31 2.29 0.54 0.25 0.48 0.80 2.67 2.66 1.88 2.26 1.82 0.57 0.48 1.50 1.71 0.30 0.16 0.38 0.93 2.65 2.67 0.76 2.14 2.39 0.66 0.51 1.66 1.90 0.32 0.17 0.41 1.07 2.67 2.67 0.72 1.36 2.73 1.20 0.61 1.21 2.14 0.49 0.18 0.30 0.74 2.68 2.67 0.47 0.79 1.21 1.93 1.55 2.27 2.56 0.67 0.22 0.35 1.02 2.66 2.67 0.49 0.64 0.65 0.69 1.06 2.75 0.80 0.24 0.31 0.98 2.66 2.65 0.42 0.48 0.38 0.38 0.22 2.74

I got: 2.35 0.62 0.61 0.97 2.66 2.66 0.58 0.67 0.49 0.43 0.38 2.41 2.38 1.85 1.41 1.00 2.69 2.66 0.91 1.18 0.92 0.58 0.35 2.12 1.51 2.14 2.51 2.29 1.40 2.67 2.67 0.44 0.59 0.49 0.31 0.64 1.46 0.56 0.75 0.26 2.78 1.93 2.65 2.66 0.29 0.45 0.43 0.20 0.88 1.02 0.19 0.23 0.47 2.77 2.75 2.67 2.66 0.49 0.54 0.46 0.21 0.86 0.96 0.22 0.25 0.85 2.76 1.68 2.08 2.67 0.89 0.71 0.56 0.25 1.07 1.08 0.29 0.30 1.86 2.76 1.13 0.64 1.74 1.13 1.15 0.89 0.35 1.59 1.24 0.52 0.48 0.14 0.01 0.01 0.12 0.01 0.13 0.01 0.13 0.06 0.14 0.15 0.01 0.14 0.99 2.47 0.75 0.40 0.80 0.62 2.66 1.49 0.43 0.84 0.95 0.34 0.34 1.08 2.59 0.76 0.35 0.64 0.44 2.64 2.67 1.57 0.82 1.30 0.43 0.41 1.31 2.29 0.54 0.25 0.48 0.81 2.66 2.65 1.88 2.27 1.81 0.57 0.48 1.50 1.71 0.30 0.17 0.38 0.95 2.67 2.66 0.76 2.12 2.38 0.66 0.51 1.66 1.91 0.32 0.18 0.41 1.09 2.67 2.67 0.72 1.36 2.71 1.21 0.61 1.21 2.15 0.49 0.18 0.30 0.77 2.67 2.68 0.47 0.79 1.21 1.93 1.54 2.26 2.59 0.67 0.22 0.35 1.05 2.67 2.65 0.50 0.64 0.65 0.69 1.07 2.77 0.79 0.24 0.31 0.99 2.65 2.67 0.42 0.48 0.38 0.38 0.20 2.76

I got: 2.35 0.62 0.61 0.98 2.67 2.64 0.58 0.67 0.49 0.43 0.38 2.41 2.39 1.85 1.41 1.00 2.67 2.66 0.91 1.18 0.92 0.58 0.35 2.13 1.51 2.13 2.51 2.29 1.40 2.67 2.65 0.44 0.59 0.49 0.31 0.64 1.46 0.56 0.75 0.26 2.77 1.94 2.68 2.67 0.29 0.45 0.43 0.20 0.88 1.02 0.19 0.23 0.47 2.78 2.74 2.65 2.66 0.49 0.54 0.46 0.21 0.86 0.97 0.22 0.26 0.85 2.76 1.68 2.08 2.66 0.92 0.72 0.57 0.26 1.06 1.07 0.29 0.30 1.88 2.77 1.14 0.64 1.75 1.14 1.16 0.90 0.35 1.61 1.26 0.52 0.48 0.14 0.01 0.01 0.12 0.01 0.12 0.01 0.12 0.01 0.12 0.13 0.01 0.13 0.99 2.47 0.76 0.40 0.80 0.65 2.67 1.48 0.43 0.84 0.95 0.33 0.34 1.08 2.56 0.76 0.35 0.64 0.45 2.66 2.67 1.57 0.82 1.30 0.43 0.41 1.31 2.28 0.54 0.25 0.48 0.81 2.64 2.67 1.88 2.26 1.81 0.57 0.48 1.50 1.70 0.30 0.16 0.38 0.95 2.66 2.65 0.76 2.14 2.37 0.66 0.51 1.66 1.91 0.32 0.18 0.42 1.08 2.66 2.65 0.72 1.36 2.72 1.21 0.61 1.21 2.14 0.49 0.18 0.30 0.76 2.65 2.66 0.47 0.79 1.21 1.93 1.54 2.27 2.58 0.67 0.23 0.35 1.02 2.65 2.66 0.49 0.64 0.65 0.69 1.05 2.76 0.80 0.24 0.32 0.98 2.67 2.66 0.42 0.48 0.38 0.38 0.20 2.77

I got: 2.36 0.62 0.61 0.97 2.65 2.67 0.58 0.67 0.49 0.43 0.38 2.40 2.38 1.86 1.41 0.99 2.65 2.67 0.91 1.18 0.92 0.58 0.35 2.14 1.51 2.13 2.50 2.30 1.39 2.64 2.67 0.44 0.59 0.49 0.31 0.64 1.46 0.56 0.75 0.26 2.76 1.93 2.67 2.66 0.29 0.45 0.43 0.20 0.88 1.02 0.19 0.23 0.47 2.75 2.76 2.68 2.67 0.49 0.54 0.46 0.21 0.87 0.97 0.22 0.25 0.85 2.78 1.69 2.08 2.67 0.89 0.71 0.56 0.25 1.07 1.08 0.29 0.29 1.85 2.74 1.13 0.63 1.72 1.12 1.14 0.88 0.34 1.58 1.24 0.52 0.47 0.13 0.01 0.01 0.12 0.01 0.12 0.01 0.11 0.07 0.11 0.12 0.01 0.12 0.99 2.47 0.76 0.40 0.80 0.54 2.64 1.49 0.43 0.84 0.95 0.34 0.34 1.08 2.58 0.76 0.35 0.64 0.44 2.67 2.67 1.57 0.82 1.30 0.43 0.41 1.31 2.29 0.54 0.24 0.48 0.83 2.67 2.67 1.87 2.26 1.82 0.57 0.48 1.50 1.71 0.30 0.16 0.38 0.95 2.65 2.67 0.76 2.14 2.38 0.66 0.51 1.66 1.91 0.32 0.17 0.41 1.08 2.65 2.67 0.72 1.36 2.73 1.21 0.61 1.21 2.13 0.49 0.18 0.30 0.74 2.67 2.67 0.47 0.79 1.21 1.93 1.55 2.27 2.56 0.67 0.22 0.35 1.02 2.67 2.67 0.49 0.64 0.65 0.69 1.05 2.75 0.79 0.24 0.32 1.00 2.67 2.65 0.42 0.48 0.38 0.38 0.20 2.74

I got: 2.35 0.62 0.61 0.97 2.66 2.67 0.58 0.67 0.49 0.43 0.38 2.41 2.37 1.86 1.41 0.99 2.68 2.67 0.91 1.18 0.92 0.58 0.35 2.12 1.51 2.14 2.50 2.29 1.39 2.68 2.66 0.44 0.59 0.49 0.31 0.64 1.46 0.56 0.75 0.26 2.78 1.93 2.66 2.66 0.29 0.45 0.43 0.20 0.88 1.02 0.19 0.23 0.47 2.77 2.76 2.67 2.67 0.48 0.54 0.46 0.21 0.87 0.96 0.22 0.25 0.85 2.76 1.67 2.07 2.66 0.92 0.72 0.56 0.25 1.07 1.08 0.29 0.29 1.87 2.76 1.14 0.64 1.74 1.13 1.16 0.89 0.35 1.60 1.25 0.52 0.48 0.13 0.01 0.01 0.11 0.01 0.12 0.01 0.12 0.10 0.11 0.13 0.00 0.11 0.99 2.47 0.76 0.40 0.80 0.63 2.66 1.49 0.43 0.84 0.95 0.33 0.34 1.08 2.59 0.76 0.35 0.64 0.39 2.65 2.66 1.57 0.82 1.30 0.43 0.41 1.31 2.28 0.54 0.25 0.48 0.81 2.67 2.64 1.88 2.27 1.82 0.57 0.48 1.50 1.71 0.30 0.16 0.38 0.93 2.67 2.66 0.77 2.12 2.39 0.65 0.51 1.66 1.91 0.32 0.18 0.41 1.09 2.67 2.67 0.73 1.36 2.72 1.20 0.61 1.21 2.15 0.49 0.18 0.30 0.75 2.67 2.68 0.47 0.79 1.21 1.93 1.54 2.26 2.58 0.67 0.22 0.35 1.04 2.67 2.66 0.49 0.64 0.65 0.69 1.05 2.76 0.79 0.24 0.32 1.00 2.64 2.67 0.42 0.48 0.38 0.38 0.20 2.76

I got: 2.35 0.62 0.61 0.98 2.67 2.65 0.58 0.67 0.49 0.43 0.38 2.41 2.39 1.85 1.41 1.00 2.66 2.67 0.91 1.18 0.92 0.58 0.35 2.14 1.52 2.14 2.51 2.29 1.41 2.67 2.65 0.44 0.59 0.49 0.31 0.64 1.46 0.56 0.75 0.26 2.77 1.95 2.66 2.67 0.29 0.45 0.43 0.20 0.88 1.02 0.19 0.23 0.47 2.78 2.74 2.65 2.67 0.49 0.54 0.46 0.21 0.87 0.96 0.22 0.26 0.85 2.76 1.69 2.08 2.65 0.89 0.71 0.56 0.25 1.07 1.08 0.29 0.29 1.85 2.77 1.13 0.63 1.72 1.13 1.15 0.89 0.34 1.58 1.24 0.51 0.48 0.12 0.01 0.00 0.12 0.01 0.12 0.01 0.11 0.11 0.11 0.12 0.01 0.11 0.99 2.46 0.76 0.40 0.80 0.53 2.67 1.49 0.43 0.84 0.95 0.33 0.34 1.08 2.55 0.76 0.35 0.64 0.45 2.66 2.67 1.57 0.82 1.30 0.43 0.41 1.31 2.28 0.54 0.24 0.48 0.79 2.64 51.53 1.88 2.26 1.81 0.57 0.48 1.50 1.71 0.30 0.16 0.38 0.93 2.67 2.65 0.76 2.14 2.37 0.65 0.51 1.66 1.91 0.32 0.17 0.41 1.07 2.66 2.65 0.72 1.36 2.72 1.20 0.61 1.21 2.14 0.49 0.18 0.30 0.74 2.65 2.66 0.47 0.79 1.21 1.93 1.54 2.27 2.58 0.67 0.22 0.35 1.01 2.66 2.66 0.49 0.64 0.65 0.69 1.05 2.77 0.79 0.24 0.31 1.00 2.67 2.66 0.42 0.48 0.38 0.38 0.20 2.77

I got: 2.36 0.62 0.61 0.98 2.66 2.66 0.58 0.67 0.49 0.43 0.38 2.40 2.39 1.86 1.41 1.01 2.65 2.67 0.91 1.18 0.92 0.58 0.35 2.14 1.51 2.14 2.50 2.29 1.39 2.65 2.67 0.44 0.59 0.49 0.31 0.64 1.46 0.56 0.75 0.26 2.75 1.94 2.67 2.66 0.29 0.45 0.43 0.20 0.88 1.02 0.19 0.23 0.47 2.75 2.76 2.68 2.67 0.49 0.54 0.46 0.21 0.87 0.96 0.22 0.25 0.85 2.77 1.69 2.08 2.67 0.90 0.71 0.56 0.25 1.07 1.08 0.29 0.29 1.85 2.74 1.13 0.63 1.73 1.13 1.15 0.88 0.34 1.58 1.24 0.51 0.48 0.14 0.01 0.01 0.12 0.01 0.12 0.01 0.11 0.11 0.11 0.13 0.01 0.11 0.99 2.47 0.76 0.40 0.80 0.55 2.64 1.49 0.43 0.84 0.95 0.33 0.34 1.08 2.58 0.76 0.35 0.64 0.46 2.67 2.67 1.57 0.82 1.30 0.43 0.41 1.31 2.29 0.54 0.25 0.48 0.81 2.67 2.67 1.87 2.27 1.82 0.57 0.48 1.50 1.71 0.30 0.16 0.38 0.96 2.64 2.67 0.76 2.14 2.38 0.66 0.51 1.66 1.91 0.32 0.17 0.41 1.10 2.65 2.67 0.72 1.36 2.72 1.20 0.61 1.21 2.13 0.49 0.18 0.30 0.76 2.67 2.67 0.47 0.79 1.21 1.93 1.54 2.27 2.56 0.67 0.22 0.35 1.01 2.67 2.67 0.49 0.64 0.65 0.69 1.05 2.75 0.79 0.24 0.32 0.99 2.67 2.65 0.42 0.48 0.38 0.38 0.20 2.74

I got: 2.36 0.62 0.61 0.98 2.66 2.67 0.58 0.67 0.49 0.43 0.38 2.41 2.38 1.85 1.41 1.04 2.68 2.67 0.91 1.18 0.92 0.58 0.35 2.12 1.51 2.14 2.51 2.29 1.39 2.68 2.67 0.44 0.59 0.49 0.31 0.64 1.46 0.56 0.75 0.26 2.78 1.94 2.66 2.66 0.29 0.45 0.43 0.20 0.88 1.02 0.19 0.23 0.47 2.77 2.76 2.67 2.67 0.48 0.54 0.46 0.21 0.87 0.96 0.22 0.25 0.85 2.77 1.69 2.08 2.66 0.89 0.71 0.56 0.25 1.07 1.08 0.29 0.29 1.85 2.76 1.13 0.63 1.72 1.12 1.15 0.88 0.34 1.58 1.24 0.51 0.48 0.13 0.01 0.01 0.11 0.01 0.12 0.01 0.11 0.11 0.12 0.14 0.01 0.12 0.99 2.48 0.76 0.40 0.80 0.53 2.66 1.49 0.43 0.84 0.95 0.33 0.34 1.08 2.59 0.76 0.35 0.64 0.45 2.65 2.66 1.57 0.82 1.30 0.43 0.41 1.31 2.28 0.54 0.25 0.48 0.81 2.67 2.64 1.88 2.27 1.81 0.57 0.48 1.50 1.70 0.30 0.16 0.38 0.93 2.67 2.66 0.76 2.12 2.39 0.66 0.51 1.66 1.91 0.32 0.17 0.41 1.07 2.67 2.66 0.72 1.36 2.72 1.20 0.61 1.21 2.15 0.49 0.18 0.30 0.75 2.67 2.68 0.47 0.79 1.21 1.93 1.54 2.26 2.58 0.67 0.22 0.35 1.02 2.67 2.67 0.49 0.64 0.65 0.69 1.05 2.76 0.80 0.24 0.32 1.00 2.64 2.67 0.42 0.48 0.38 0.38 0.20 2.76

