I got: 1.08 0.37 0.36 1.04 2.67 2.66 0.50 0.48 0.37 0.36 0.42 2.35 2.47 1.06 0.83 1.22 2.67 2.66 0.45 0.43 0.33 0.26 0.41 1.39 0.70 1.35 0.59 2.41 2.32 2.67 2.66 0.62 0.49 0.32 0.22 0.75 1.37 0.20 0.33 0.49 2.74 2.69 2.65 2.67 0.51 0.39 0.29 0.17 0.82 1.17 0.04 0.11 0.42 2.62 2.76 2.66 2.66 1.20 0.86 0.47 0.25 0.76 1.23 0.13 0.18 0.41 2.74 2.40 2.69 2.65 1.82 1.27 0.65 0.34 0.82 1.42 0.21 0.25 1.49 2.31 0.55 0.82 2.52 1.72 1.40 0.91 0.33 1.55 1.31 0.37 0.25 0.14 0.01 0.01 0.15 0.01 0.15 0.01 0.14 0.13 0.14 0.16 0.01 0.13 0.81 1.67 0.56 0.58 1.48 2.18 2.67 1.43 0.43 0.85 0.98 0.27 0.24 0.83 1.68 0.49 0.41 0.98 1.16 2.67 2.67 1.56 0.84 1.36 0.40 0.32 0.96 1.53 0.42 0.24 0.44 0.27 2.65 2.66 1.83 2.28 1.90 0.57 0.40 1.11 1.30 0.43 0.20 0.17 0.64 2.67 2.65 0.78 2.12 2.41 0.65 0.43 1.20 1.46 0.50 0.22 0.15 0.81 2.67 2.65 0.75 1.32 2.71 1.25 0.55 0.94 1.31 0.43 0.21 0.21 0.57 2.66 2.66 0.49 0.79 1.23 1.93 1.65 2.28 1.79 0.61 0.28 0.23 0.91 2.66 2.65 0.52 0.60 0.64 0.70 1.06 2.26 0.65 0.28 0.23 0.98 2.67 2.67 0.43 0.41 0.35 0.37 0.19 2.76

I got: 1.08 0.37 0.36 1.03 2.66 2.66 0.50 0.48 0.37 0.36 0.42 2.36 2.49 1.06 0.83 1.23 2.67 2.65 0.45 0.43 0.33 0.25 0.41 1.39 0.70 1.34 0.59 2.40 2.32 2.67 2.65 0.62 0.49 0.32 0.22 0.75 1.36 0.21 0.33 0.49 2.76 2.66 2.67 2.67 0.51 0.39 0.29 0.17 0.82 1.17 0.04 0.11 0.42 2.63 2.74 2.68 2.67 1.20 0.86 0.47 0.25 0.76 1.23 0.13 0.18 0.40 2.76 2.39 2.67 2.67 1.82 1.27 0.65 0.34 0.82 1.42 0.21 0.25 1.51 2.34 0.56 0.83 2.56 1.75 1.42 0.92 0.34 1.58 1.32 0.36 0.26 0.14 0.01 0.01 0.13 0.01 0.14 0.01 0.15 0.13 0.14 0.13 0.01 0.15 0.81 1.67 0.56 0.57 1.48 2.27 2.65 1.43 0.43 0.84 0.97 0.27 0.24 0.83 1.67 0.49 0.41 0.98 1.15 2.67 2.66 1.57 0.84 1.36 0.40 0.33 0.96 1.53 0.42 0.24 0.44 0.27 2.67 2.67 1.83 2.28 1.90 0.57 0.40 1.11 1.30 0.44 0.20 0.17 0.65 2.65 2.67 0.78 2.11 2.40 0.65 0.43 1.20 1.46 0.50 0.22 0.15 0.84 2.65 2.67 0.75 1.32 2.72 1.25 0.56 0.94 1.31 0.43 0.21 0.21 0.59 2.65 2.67 0.49 0.78 1.23 1.93 1.65 2.29 1.79 0.61 0.28 0.23 0.93 2.65 2.67 0.52 0.60 0.64 0.69 1.07 2.27 0.65 0.28 0.23 1.01 2.67 2.67 0.43 0.42 0.35 0.37 0.19 2.75

I got: 1.08 0.37 0.36 1.05 2.67 2.67 0.51 0.48 0.37 0.36 0.42 2.36 2.48 1.06 0.83 1.26 2.65 2.67 0.45 0.43 0.33 0.25 0.41 1.39 0.70 1.34 0.59 2.41 2.33 2.65 2.67 0.62 0.49 0.32 0.22 0.75 1.37 0.21 0.33 0.49 2.77 2.69 2.66 2.65 0.51 0.39 0.29 0.17 0.82 1.17 0.03 0.11 0.42 2.59 2.76 2.67 2.67 1.20 0.86 0.47 0.25 0.76 1.23 0.13 0.18 0.41 2.77 2.40 2.69 2.66 1.82 1.26 0.65 0.34 0.82 1.42 0.21 0.25 1.49 2.33 0.55 0.82 2.52 1.73 1.40 0.91 0.33 1.56 1.30 0.35 0.27 0.13 0.01 0.01 0.13 0.00 0.13 0.01 0.13 0.13 0.13 0.13 0.01 0.12 0.81 1.67 0.56 0.57 1.47 2.20 2.67 1.43 0.42 0.84 0.97 0.26 0.24 0.83 1.67 0.49 0.41 0.97 1.17 2.66 2.65 1.56 0.83 1.36 0.41 0.32 0.96 1.53 0.42 0.24 0.44 0.27 2.67 2.67 1.83 2.28 1.90 0.59 0.38 1.11 1.30 0.44 0.20 0.17 0.62 2.67 2.67 0.78 2.11 2.42 0.68 0.40 1.20 1.46 0.50 0.22 0.15 0.78 2.66 2.67 0.75 1.32 2.71 1.25 0.55 0.95 1.31 0.44 0.21 0.21 0.56 2.67 2.66 0.49 0.78 1.23 1.93 1.66 2.27 1.79 0.61 0.28 0.23 0.90 2.67 2.66 0.52 0.60 0.64 0.69 1.06 2.27 0.65 0.28 0.23 0.96 2.65 2.66 0.43 0.41 0.35 0.37 0.19 2.77

I got: 1.08 0.37 0.36 1.01 2.67 2.66 0.50 0.48 0.37 0.36 0.42 2.35 2.48 1.06 0.83 1.22 2.67 2.66 0.45 0.43 0.33 0.25 0.40 1.38 0.70 1.35 0.59 2.41 2.33 2.67 2.66 0.62 0.49 0.32 0.22 0.75 1.36 0.20 0.33 0.49 2.74 2.69 2.65 2.67 0.51 0.39 0.29 0.17 0.82 1.16 0.05 0.12 0.42 2.62 2.76 2.66 2.66 1.20 0.86 0.47 0.25 0.75 1.22 0.14 0.18 0.40 2.74 2.40 2.69 2.66 1.82 1.27 0.65 0.34 0.81 1.41 0.21 0.25 1.49 2.32 0.55 0.82 2.53 1.73 1.40 0.91 0.33 1.55 1.29 0.39 0.22 0.13 0.01 0.01 0.11 0.01 0.13 0.01 0.12 0.12 0.13 0.13 0.01 0.12 0.81 1.67 0.56 0.58 1.48 2.19 2.67 1.43 0.43 0.84 0.97 0.27 0.23 0.83 1.68 0.49 0.41 0.98 1.15 2.68 2.67 1.56 0.83 1.35 0.40 0.32 0.96 1.53 0.42 0.24 0.44 0.27 2.65 2.66 1.83 2.28 1.90 0.57 0.40 1.11 1.30 0.43 0.20 0.17 0.63 2.67 2.65 0.78 2.12 2.41 0.65 0.43 1.20 1.46 0.50 0.22 0.16 0.79 2.67 2.64 0.75 1.32 2.71 1.25 0.55 0.94 1.31 0.43 0.21 0.21 0.57 2.66 2.65 0.49 0.78 1.23 1.94 1.65 2.28 1.79 0.61 0.28 0.23 0.92 2.66 2.65 0.52 0.60 0.64 0.69 1.06 2.26 0.65 0.28 0.23 0.97 2.67 2.67 0.43 0.41 0.35 0.37 0.19 2.76

I got: 1.08 0.37 0.36 1.02 2.66 2.65 0.50 0.48 0.37 0.36 0.42 2.36 2.49 1.06 0.83 1.21 2.66 2.65 0.45 0.43 0.33 0.25 0.40 1.39 0.70 1.34 0.59 2.40 2.33 2.66 2.65 0.62 0.49 0.32 0.22 0.75 1.36 0.21 0.33 0.49 2.76 2.69 2.67 2.67 0.51 0.39 0.29 0.17 0.82 1.16 0.04 52.50 0.42 2.63 2.75 2.68 2.67 1.20 0.86 0.47 0.25 0.75 1.22 0.13 0.18 0.41 2.76 2.40 2.67 2.67 1.82 1.27 0.65 0.34 0.81 1.42 0.21 0.25 1.49 2.33 0.55 0.81 2.55 1.73 1.40 0.91 0.33 1.55 1.29 0.36 0.26 0.15 0.01 0.01 0.12 0.01 0.13 0.01 0.11 0.12 0.11 0.12 0.01 0.12 0.81 1.67 0.57 0.57 1.48 2.19 2.66 1.43 0.43 0.84 0.97 0.27 0.24 0.83 1.67 0.49 0.41 0.98 1.15 2.67 2.66 1.57 0.83 1.35 0.40 0.32 0.96 1.53 0.42 0.24 0.44 0.27 2.67 2.67 1.83 2.28 1.90 0.57 0.40 1.11 1.30 0.44 0.20 0.17 0.61 2.64 2.66 0.78 2.11 2.40 0.65 0.43 1.20 1.46 0.50 0.22 0.15 0.76 2.65 2.66 0.75 1.32 2.72 1.25 0.55 0.94 1.31 0.44 0.21 0.21 0.55 2.65 2.67 0.49 0.78 1.23 1.93 1.66 2.28 1.79 0.61 0.28 0.23 0.90 2.65 2.67 0.52 0.60 0.64 0.69 1.06 2.27 0.65 0.28 0.23 0.95 2.67 2.67 0.43 0.41 0.35 0.37 0.19 2.74

I got: 1.08 0.37 0.36 1.01 2.67 2.67 0.50 0.48 0.37 0.36 0.42 2.36 2.47 1.06 0.83 1.22 2.66 2.67 0.45 0.44 0.33 0.26 0.40 1.39 0.70 1.35 0.59 2.42 2.32 2.65 2.67 0.62 0.49 0.32 0.22 0.75 1.36 0.21 0.33 0.49 2.77 2.69 2.67 2.66 0.51 0.39 0.29 0.17 0.82 1.16 0.04 0.11 0.42 2.59 2.76 2.67 2.68 1.20 0.86 0.47 0.25 0.75 1.22 0.13 0.18 0.41 2.77 2.41 2.69 2.66 1.82 1.27 0.65 0.34 0.81 1.42 0.21 0.25 1.49 2.33 0.55 0.82 2.53 1.73 1.40 0.91 0.33 1.55 1.30 0.36 0.25 0.13 0.01 0.01 0.13 0.01 0.12 0.01 0.11 0.11 0.12 0.12 0.01 0.12 0.81 1.67 0.56 0.57 1.48 2.21 2.67 1.43 0.43 0.84 0.97 0.27 0.24 0.83 1.67 0.49 0.41 0.98 1.17 2.66 2.65 1.56 0.83 1.36 0.40 0.32 0.96 1.53 0.42 0.24 0.44 0.27 2.67 2.66 1.83 2.28 1.89 0.57 0.40 1.11 1.30 0.44 0.20 0.17 0.61 2.67 2.67 0.78 2.11 2.42 0.65 0.43 1.20 1.47 0.50 0.22 0.15 0.76 2.66 2.67 0.75 1.32 2.71 1.25 0.55 0.94 1.31 0.44 0.21 0.21 0.55 2.67 2.66 0.49 0.78 1.23 1.93 1.65 2.28 1.79 0.61 0.28 0.23 0.89 2.67 2.66 0.52 0.60 0.64 0.69 1.06 2.27 0.65 0.28 0.23 0.95 2.65 2.66 0.43 0.41 0.35 0.37 0.19 2.76

I got: 1.08 0.37 0.36 1.01 2.67 2.66 0.50 0.48 0.37 0.36 0.42 2.35 2.48 1.06 0.83 1.21 2.67 2.66 0.45 0.43 0.33 0.25 0.40 1.39 0.70 1.34 0.59 2.42 2.33 2.67 2.66 0.62 0.49 0.32 0.22 0.75 1.36 0.21 0.33 0.49 2.74 2.69 2.65 2.67 0.51 0.39 0.29 0.17 0.82 1.16 0.04 0.11 0.42 2.62 2.76 2.66 2.66 1.20 0.86 0.47 0.25 0.75 1.22 0.13 0.18 0.40 2.74 2.40 2.69 2.65 1.82 1.27 0.65 0.34 0.81 1.41 0.21 0.25 1.49 2.32 0.55 0.82 2.53 1.73 1.40 0.91 0.33 1.55 1.30 0.37 0.25 0.13 0.01 0.01 0.11 0.00 0.12 0.01 0.11 0.12 0.11 0.12 0.01 0.12 0.81 1.67 0.56 0.57 1.48 2.22 2.67 1.43 0.43 0.84 0.97 0.27 0.23 0.83 1.67 0.49 0.41 0.98 1.17 2.67 2.67 1.57 0.83 1.35 0.40 0.32 0.96 1.53 0.42 0.24 0.44 0.28 2.66 2.66 1.83 2.28 1.90 0.57 0.40 1.11 1.30 0.44 0.20 0.17 0.63 2.67 2.66 0.78 2.12 2.41 0.65 0.43 1.20 1.46 0.50 0.22 0.16 0.79 2.67 2.66 0.75 1.32 2.71 1.25 0.55 0.94 1.31 0.43 0.21 0.21 0.56 2.66 2.65 0.49 0.78 1.23 1.93 1.65 2.28 1.79 0.61 0.28 0.23 0.90 2.66 2.65 0.52 0.60 0.64 0.69 1.06 2.26 0.65 0.28 0.23 0.96 2.67 2.67 0.43 0.41 0.35 0.37 0.19 2.76

I got: 1.08 0.37 0.36 1.01 2.67 2.66 0.50 0.47 0.37 0.36 0.42 2.36 2.49 1.06 0.83 1.22 2.66 2.66 0.45 0.43 0.33 0.25 0.40 1.39 0.70 1.34 0.59 2.41 2.33 2.66 2.65 0.62 0.49 0.32 0.22 0.75 1.36 0.21 0.33 0.49 2.76 2.67 2.67 2.66 0.51 0.39 0.29 0.17 0.82 1.16 0.04 0.11 0.42 2.63 2.74 2.68 2.67 1.20 0.86 0.47 0.25 0.75 1.22 0.13 0.18 0.41 2.76 2.40 2.67 2.67 1.82 1.27 0.65 0.34 0.81 1.42 0.21 0.25 1.49 2.33 0.55 0.82 2.55 1.73 1.40 0.91 0.33 1.55 1.30 0.41 0.21 0.13 0.01 0.01 0.11 0.01 0.12 0.01 0.13 0.12 0.12 0.13 0.01 0.12 0.81 1.67 0.56 0.58 1.48 2.20 2.66 1.43 0.43 0.84 0.97 0.31 0.21 0.83 1.67 0.49 0.41 0.98 1.20 2.67 2.66 1.57 0.83 1.35 0.42 0.30 0.96 1.53 0.42 0.24 0.44 0.27 2.67 2.67 1.83 2.28 1.90 0.59 0.38 1.11 1.30 0.44 0.20 0.17 51.85 2.65 2.66 0.78 2.11 2.40 0.69 0.38 1.20 1.46 0.50 0.22 0.15 0.79 2.65 2.66 0.75 1.32 2.72 1.27 0.52 0.94 1.31 0.44 0.21 0.21 0.57 2.65 2.67 0.49 0.78 1.23 1.93 1.65 2.28 1.78 0.62 0.28 0.23 0.91 2.64 2.67 0.52 0.60 0.64 0.69 1.05 2.26 0.65 0.28 0.23 0.96 2.67 2.68 0.43 0.41 0.35 0.37 0.19 2.75

I got: 1.08 0.37 0.36 1.05 2.67 2.67 0.50 0.48 0.37 0.36 0.42 2.36 2.47 1.06 0.83 1.22 2.65 2.67 0.45 0.43 0.33 0.25 0.40 1.38 0.69 1.35 0.59 2.42 2.33 2.65 2.67 0.62 0.49 0.32 0.22 0.75 1.36 0.20 0.34 0.49 2.77 2.69 2.66 2.65 0.51 0.39 0.29 0.17 0.82 1.16 0.04 0.11 0.42 2.59 2.76 2.67 2.67 1.20 0.86 0.47 0.25 0.75 1.22 0.13 0.18 0.41 2.77 2.40 2.69 2.66 1.82 1.27 0.65 0.34 0.81 1.41 0.21 0.25 1.49 2.33 0.55 0.82 2.53 1.73 1.40 0.91 0.33 1.55 1.29 0.37 0.24 0.16 0.01 0.01 0.13 0.01 0.15 0.01 0.13 0.13 0.14 0.15 0.01 0.14 0.81 1.67 0.56 0.58 1.47 2.20 2.67 1.43 0.42 0.84 0.97 0.27 0.23 0.83 1.67 0.49 0.41 0.97 1.17 2.66 2.65 1.57 0.83 1.35 0.40 0.32 0.96 1.53 0.42 0.24 0.44 0.28 2.67 2.67 1.83 2.28 1.90 0.57 0.40 1.11 1.30 0.43 0.20 0.17 0.63 2.67 2.67 0.78 2.12 2.42 0.65 0.43 1.20 1.46 0.50 0.22 0.15 0.78 2.66 2.67 0.75 1.32 2.71 1.25 0.55 0.94 1.31 0.44 0.21 0.21 0.56 2.67 2.66 0.49 0.78 1.23 1.93 1.66 2.28 1.79 0.61 0.28 0.23 0.89 2.67 2.66 0.52 0.60 0.64 0.69 1.06 2.27 0.65 0.28 0.23 0.95 2.65 2.66 0.43 0.41 0.35 0.37 0.19 2.76

I got: 1.08 0.37 0.36 1.02 2.67 2.66 0.50 0.48 0.37 0.36 0.42 2.35 2.48 1.06 0.83 1.21 2.68 2.66 0.45 0.43 0.33 0.25 0.40 1.39 0.70 1.34 0.59 2.42 2.32 2.67 2.67 0.62 0.49 0.32 0.22 0.75 1.36 0.21 0.33 0.49 2.74 2.69 2.64 2.67 0.51 0.39 0.29 0.17 0.82 1.16 0.04 0.11 0.42 2.62 2.77 2.66 2.66 1.20 0.86 0.47 0.25 0.75 1.22 0.13 0.18 0.40 2.74 2.40 2.69 2.65 1.83 1.27 0.65 0.34 0.81 1.41 0.21 0.25 1.50 2.32 0.55 0.82 2.53 1.73 1.40 0.91 0.33 1.56 1.30 0.36 0.25 0.14 0.01 0.01 0.14 0.01 0.14 0.01 0.14 0.13 0.14 0.15 0.01 0.14 0.81 1.67 0.57 0.58 1.48 2.19 2.67 1.43 0.43 0.84 0.97 0.27 0.24 0.83 1.68 0.49 0.41 0.98 1.16 2.66 2.67 1.57 0.83 1.35 0.40 0.32 0.96 1.53 0.42 0.24 0.44 0.27 2.66 2.66 1.83 2.28 1.90 0.57 0.40 1.11 1.30 0.44 0.20 0.17 0.62 2.67 2.67 0.78 2.12 2.41 0.65 0.43 1.20 1.46 0.50 0.22 0.15 0.78 2.67 2.66 0.75 1.32 2.70 1.25 0.55 0.94 1.31 0.43 0.21 0.21 0.56 2.67 2.66 51.53 0.78 1.23 1.93 1.65 2.28 1.79 0.61 0.28 0.23 0.90 2.67 2.65 0.51 0.60 0.64 0.69 1.06 2.26 0.65 0.28 0.23 0.99 2.67 2.67 0.43 0.41 0.35 0.37 0.19 2.77

I got: 1.08 0.37 0.36 1.01 2.67 2.65 0.50 0.48 0.37 0.36 0.42 2.36 2.49 1.06 0.83 1.23 2.67 2.67 0.45 0.43 0.33 0.26 0.40 1.39 0.70 1.35 0.59 2.41 2.34 2.67 2.64 0.62 0.49 0.32 0.22 0.75 1.36 0.21 0.33 0.49 2.75 2.67 2.67 2.66 0.51 0.39 0.29 0.17 0.82 1.16 0.04 0.11 0.42 2.63 2.74 2.66 2.67 1.20 0.86 0.47 0.25 0.75 1.22 0.13 0.18 0.41 2.75 2.39 2.67 2.67 1.82 1.27 0.65 0.34 0.81 1.42 0.21 0.25 1.49 2.32 0.55 0.81 2.54 1.73 1.40 0.91 0.33 1.55 1.29 0.36 0.25 0.15 0.01 0.01 0.15 0.01 0.14 0.01 0.15 0.14 0.14 0.15 0.01 0.14 0.81 1.67 0.57 0.57 1.48 2.18 2.66 1.43 0.42 0.84 0.97 0.27 0.23 0.83 1.67 0.49 0.41 0.97 1.15 2.67 2.67 1.57 0.83 1.35 0.40 0.32 0.96 1.53 0.42 0.24 0.44 0.27 2.67 2.67 1.83 2.28 1.89 0.57 0.40 1.11 1.30 0.44 0.20 0.17 0.63 2.65 2.66 0.78 2.12 2.40 0.65 0.42 1.20 1.47 0.50 0.22 0.15 0.80 2.66 2.66 0.75 1.32 2.72 1.25 0.54 0.94 1.31 0.43 0.21 0.21 0.56 2.65 2.67 0.49 0.78 1.23 1.93 1.65 2.28 1.79 0.61 0.28 0.23 0.91 2.64 2.67 0.51 0.60 0.64 0.69 1.06 2.26 0.65 0.28 0.23 0.96 2.67 2.67 0.43 0.41 0.35 0.37 0.19 2.74

I got: 1.08 0.37 0.36 1.02 2.65 2.67 0.50 0.48 0.37 0.36 0.42 2.36 2.48 1.06 0.83 1.21 2.65 2.67 0.45 0.43 0.33 0.25 0.40 1.38 0.70 1.35 0.59 2.41 2.32 2.64 2.67 0.62 0.49 0.32 0.22 0.75 1.36 0.21 0.33 0.49 2.77 2.68 2.67 2.64 0.51 0.39 0.29 0.17 0.82 1.16 0.04 0.11 0.42 2.60 2.76 2.67 2.66 1.20 0.86 0.47 0.25 0.75 1.22 0.13 0.18 0.41 2.77 2.40 2.69 2.66 1.82 1.26 0.65 0.34 0.81 1.41 0.21 0.25 1.49 2.33 0.55 0.82 2.53 1.73 1.40 0.91 0.33 1.55 1.29 0.37 0.24 0.16 0.01 0.01 0.14 0.01 0.13 0.01 0.14 0.14 0.14 0.15 0.01 0.14 0.81 1.67 0.56 0.58 1.48 2.19 2.66 1.43 0.42 0.84 0.97 0.27 0.23 0.83 1.67 0.49 0.41 0.98 1.15 2.67 2.65 1.56 0.83 1.35 0.40 0.32 0.96 1.53 0.42 0.24 0.44 0.27 2.67 2.67 1.82 2.28 1.90 0.57 0.40 1.11 1.30 0.43 0.20 0.17 0.64 2.68 2.67 0.78 2.12 2.41 0.65 0.42 1.20 1.46 0.50 0.22 0.15 0.80 2.66 2.67 0.75 1.32 2.72 1.25 0.54 0.94 1.31 0.43 0.21 0.21 0.56 2.68 2.67 0.49 0.78 1.23 1.93 1.65 2.27 1.79 0.61 0.28 0.23 0.91 2.67 2.67 0.52 0.60 0.64 0.69 1.06 2.27 0.65 0.28 0.23 0.96 2.66 2.66 0.43 0.41 0.35 0.37 0.19 2.76

I got: 1.08 0.37 0.36 1.03 2.66 2.66 0.50 0.47 0.37 0.36 0.42 2.34 2.48 1.06 0.83 1.21 2.68 2.67 0.45 0.43 0.33 0.25 0.40 1.39 0.70 1.35 0.59 2.42 2.33 2.67 2.67 0.62 0.49 0.32 0.22 0.75 1.36 0.21 0.33 0.49 2.75 2.69 2.64 2.67 0.51 0.39 0.29 0.17 0.82 1.16 0.04 0.11 0.42 2.61 2.77 2.67 2.65 1.20 0.86 0.47 0.25 0.75 1.22 0.13 0.18 0.41 2.73 2.40 2.70 2.64 1.82 1.27 0.65 0.34 0.81 1.41 0.21 0.25 1.50 2.32 0.55 0.82 2.52 1.73 1.40 0.91 0.33 1.55 1.29 0.37 0.24 0.14 0.01 0.01 0.13 0.01 0.14 0.01 0.13 0.13 0.13 0.14 0.01 0.14 0.81 1.67 0.57 0.57 1.48 2.20 2.67 1.43 0.43 0.84 0.97 0.27 0.23 0.83 1.68 0.49 0.41 0.98 1.17 2.68 2.67 1.57 0.83 1.35 0.40 0.32 0.96 1.53 0.42 0.24 0.44 0.26 2.66 2.66 1.83 2.28 1.89 0.57 0.40 1.11 1.31 0.43 0.20 0.17 0.61 2.67 2.68 0.78 2.12 2.41 0.65 0.42 1.20 1.46 0.50 0.22 0.15 0.77 2.67 2.67 0.75 1.32 2.70 1.25 0.54 0.94 1.31 0.44 0.21 0.21 0.55 2.67 2.66 0.49 0.78 1.23 1.93 1.65 2.27 1.79 0.61 0.28 0.23 0.89 2.67 2.64 0.52 0.60 0.64 0.69 1.05 2.26 0.65 0.28 0.23 0.95 2.66 2.67 0.43 0.41 0.35 0.37 0.19 2.77

I got: 1.08 0.37 0.36 1.01 2.67 2.65 0.50 0.48 0.37 0.36 0.42 2.36 2.48 1.06 0.83 1.21 2.67 2.68 0.45 0.43 0.33 0.25 0.41 1.39 0.70 1.35 0.59 2.41 2.32 2.67 51.53 0.62 0.49 0.32 0.22 0.75 1.36 0.20 0.34 0.49 2.75 2.67 2.67 2.67 0.51 0.39 0.29 0.17 0.82 1.16 0.04 0.11 0.42 2.63 2.74 2.65 2.67 1.20 0.86 0.47 0.25 0.75 1.22 0.13 0.18 0.41 2.75 2.39 2.67 2.67 1.82 1.26 0.65 0.34 0.81 1.42 0.21 0.25 1.49 2.32 0.55 0.82 2.54 1.73 1.40 0.91 0.33 1.55 1.29 0.38 0.23 0.13 0.01 0.01 0.13 0.01 0.13 0.01 0.12 0.13 0.12 0.13 0.01 0.12 0.81 1.67 0.56 0.57 1.48 2.18 2.67 1.43 0.42 0.84 0.97 0.28 0.23 0.83 1.67 0.49 0.41 0.98 1.15 2.67 2.67 1.57 0.83 1.35 0.41 0.31 0.96 1.53 0.42 0.24 0.44 0.27 2.67 2.67 1.83 2.28 1.89 0.58 0.39 1.11 1.30 0.43 0.20 0.17 0.62 2.66 2.65 0.78 2.12 2.40 0.66 0.42 1.20 1.47 0.50 0.22 0.16 0.79 2.66 2.66 0.75 1.32 2.72 1.25 0.54 0.94 1.31 0.43 0.21 0.21 0.56 2.64 2.67 0.49 0.78 1.23 1.93 1.66 2.28 1.79 0.61 0.28 0.23 0.91 2.65 2.67 0.52 0.60 0.64 0.69 1.05 2.26 0.65 0.28 0.23 0.96 2.67 2.66 0.43 0.41 0.35 0.37 0.19 2.74

I got: 1.08 0.37 0.36 1.02 2.64 2.67 0.50 0.48 0.37 0.36 0.42 2.36 2.48 1.06 0.83 1.22 2.65 2.67 0.45 0.43 0.33 0.26 0.41 1.38 0.70 1.35 0.59 2.41 2.32 2.65 2.66 0.62 0.49 0.32 0.22 0.75 1.36 0.21 0.33 0.49 2.77 2.69 2.67 2.64 0.51 0.39 0.29 0.17 0.82 1.16 0.04 0.11 0.42 2.60 2.76 2.67 2.66 1.20 0.86 0.47 0.25 0.75 1.22 0.13 0.18 0.41 2.76 2.41 2.69 2.67 1.82 1.26 0.65 0.34 0.81 1.41 0.21 0.25 1.49 2.33 0.55 0.82 2.54 1.73 1.40 0.91 0.33 1.55 1.29 0.38 0.24 0.13 0.01 0.01 0.12 0.01 0.13 0.01 0.12 0.12 0.12 0.13 0.01 0.12 0.81 1.67 0.56 0.58 1.48 2.19 2.64 1.43 0.43 0.84 0.97 0.28 0.23 0.83 1.67 0.49 0.41 0.97 1.16 2.67 2.65 1.56 0.83 1.35 0.41 0.32 0.96 1.53 0.42 0.24 0.44 0.27 2.67 2.66 1.82 2.28 1.90 0.58 0.39 1.11 1.30 0.44 0.20 0.17 0.63 2.66 2.67 0.78 2.12 2.41 0.66 0.42 1.20 1.46 0.50 0.22 0.15 0.80 2.67 2.67 0.75 1.32 2.72 1.25 0.54 0.94 1.31 0.43 0.21 0.21 0.59 2.68 2.67 0.49 0.78 1.23 1.93 1.65 2.27 1.79 0.61 0.28 0.23 0.92 2.67 2.67 0.52 0.60 0.64 0.69 1.05 2.27 0.65 0.28 0.23 0.98 2.66 2.65 0.43 0.41 0.35 0.37 0.19 2.76

I got: 1.08 0.37 0.36 1.03 2.66 2.67 0.50 0.47 0.37 0.36 0.42 2.34 2.47 1.06 0.83 1.22 2.68 2.67 0.45 0.43 0.33 0.25 0.40 1.39 0.70 1.35 0.59 2.42 2.31 2.66 2.67 0.62 0.49 0.32 0.22 0.75 1.36 0.20 0.33 0.49 2.76 2.70 2.65 2.67 0.51 0.39 0.29 0.17 0.82 1.16 0.04 0.11 0.42 2.62 2.77 2.67 2.66 1.20 0.86 0.47 0.25 0.75 1.22 0.13 0.18 0.41 2.74 2.40 2.70 2.64 1.82 1.27 0.65 0.34 0.81 1.41 0.21 0.25 1.49 2.32 0.55 0.82 2.53 1.72 1.40 0.91 0.33 1.55 1.29 0.37 0.24 0.12 0.01 0.01 0.13 0.01 0.12 0.01 0.12 0.12 0.12 0.13 0.01 0.12 0.81 1.67 0.56 0.58 1.48 2.19 2.67 1.43 0.42 0.84 0.97 0.28 0.23 0.83 1.68 0.49 0.41 0.98 1.16 2.64 2.67 1.57 0.83 1.35 0.41 0.31 0.96 1.53 0.42 0.24 0.44 0.29 2.66 2.65 1.83 2.28 1.90 0.57 0.39 1.11 1.30 0.43 0.20 0.17 0.64 2.67 2.66 0.78 2.12 2.42 0.66 0.42 1.20 1.47 0.50 0.22 0.15 0.79 2.67 2.67 0.75 1.32 2.70 1.25 0.54 0.94 1.31 0.43 0.21 0.21 0.57 2.67 2.67 0.49 0.78 1.23 1.94 1.65 2.27 1.79 0.61 0.28 0.23 0.91 2.67 2.65 0.52 0.60 0.64 0.69 1.05 2.26 0.65 0.28 0.23 0.96 2.65 2.67 0.43 0.41 0.35 0.37 0.19 2.77

