I got: 1.51 0.67 0.76 0.85 2.67 2.67 0.44 0.47 0.37 0.37 0.41 2.35 2.48 2.21 1.90 0.76 2.67 2.66 0.41 0.45 0.33 0.25 0.40 1.39 0.66 1.28 0.76 2.77 2.46 2.67 2.67 0.85 0.80 0.50 0.31 0.68 1.54 0.33 0.41 0.06 2.77 2.63 2.67 2.67 0.67 0.66 0.44 0.26 0.71 1.28 0.21 0.27 0.24 2.78 2.79 2.66 2.67 0.72 0.71 0.48 0.26 0.69 1.15 0.22 0.26 0.75 2.52 2.77 2.74 2.65 0.84 0.71 0.53 0.24 0.99 1.16 0.18 0.20 1.56 2.16 0.46 1.32 2.41 1.21 1.17 0.86 0.32 1.54 1.32 0.39 0.34 0.12 0.01 0.01 0.11 0.01 0.12 0.01 0.12 0.11 0.12 0.13 0.01 0.11 0.83 1.60 0.88 0.93 1.41 0.43 2.67 1.50 0.44 0.80 1.02 0.26 0.26 0.83 1.63 0.88 0.79 1.23 0.23 2.67 2.67 1.60 0.81 1.40 0.40 0.35 0.96 1.46 0.76 0.45 0.90 0.62 2.65 2.66 1.88 2.29 1.92 0.57 0.43 1.11 1.23 0.77 0.23 0.69 0.81 2.67 2.65 0.75 2.13 2.42 0.65 0.46 1.20 1.37 0.89 0.24 0.74 0.92 2.67 2.64 0.71 1.34 2.72 1.25 0.57 0.94 1.24 0.76 0.31 0.53 0.62 2.66 2.65 0.46 0.80 1.25 1.97 1.67 2.30 1.72 1.07 0.38 0.59 0.87 2.67 2.65 0.46 0.61 0.66 0.71 1.11 2.22 1.12 0.39 0.50 0.87 2.68 2.67 0.38 0.41 0.36 0.38 0.17 2.77

I got: 1.51 0.67 0.76 0.88 2.66 2.66 0.43 0.47 0.37 0.37 0.40 2.37 2.49 2.20 1.90 0.77 2.66 2.66 0.41 0.45 0.33 0.25 0.41 1.39 0.66 1.28 0.76 2.78 2.44 2.66 2.66 0.85 0.80 0.50 0.31 0.68 1.54 0.33 0.41 0.06 2.78 2.63 2.67 2.68 0.67 0.66 0.44 0.26 0.71 1.28 0.21 0.27 0.24 2.76 2.76 2.68 2.67 0.73 0.71 0.48 0.26 0.69 1.15 0.22 0.27 0.75 2.52 2.74 2.76 2.67 0.84 0.71 0.53 0.24 0.99 1.14 0.19 0.21 1.62 2.22 0.48 1.37 2.46 1.25 1.21 0.89 0.33 1.59 1.36 0.41 0.35 0.13 0.01 0.01 0.11 0.01 0.13 0.01 0.11 0.11 0.11 0.12 0.01 0.12 0.84 1.60 0.87 0.93 1.41 0.45 2.66 1.50 0.44 0.81 1.02 0.27 0.26 0.83 1.63 0.88 0.79 1.23 0.23 2.67 2.66 1.60 0.82 1.40 0.40 0.35 0.96 1.46 0.76 0.45 0.90 0.60 2.67 2.67 1.88 2.29 1.91 0.57 0.42 1.11 1.23 0.78 0.23 0.69 0.77 2.65 2.66 0.75 2.14 2.41 0.65 0.46 1.20 1.37 0.89 0.23 0.74 0.89 2.66 2.66 0.71 1.34 2.73 1.25 0.57 0.94 1.24 0.76 0.31 0.53 0.59 2.65 2.67 0.46 0.80 1.25 1.97 1.67 2.30 1.72 1.07 0.38 0.59 0.85 2.64 2.67 0.46 0.61 0.66 0.71 1.11 2.23 1.12 0.39 0.50 0.84 2.67 2.68 0.38 0.41 0.36 0.38 0.17 2.74

I got: 1.51 0.67 0.76 0.86 2.66 2.67 0.43 0.47 0.37 0.37 0.41 2.37 2.47 2.20 1.90 0.77 2.65 2.67 0.41 0.45 0.33 0.25 0.41 1.39 0.66 1.28 0.76 2.77 2.43 2.65 2.67 0.85 0.80 0.50 0.31 0.68 1.54 0.33 0.41 0.06 2.77 2.61 2.66 2.66 0.67 0.66 0.44 0.26 0.71 1.28 0.21 0.27 0.24 2.76 2.75 2.67 2.68 0.72 0.71 0.48 0.26 0.69 1.15 0.22 0.27 0.75 2.54 2.76 2.77 2.67 0.84 0.71 0.53 0.24 0.99 1.15 0.18 0.21 1.59 2.18 0.47 1.34 2.43 1.23 1.19 0.87 0.32 1.57 1.33 0.40 0.35 0.13 0.01 0.01 0.12 0.01 0.13 0.01 0.11 0.12 0.13 0.15 0.01 0.13 0.83 1.60 0.88 0.93 1.41 0.58 2.66 1.50 0.44 0.80 1.02 0.27 0.26 0.83 1.63 0.88 0.79 1.23 0.22 2.66 2.65 1.60 0.81 1.40 0.41 0.35 0.96 1.46 0.76 0.45 0.90 0.60 2.67 2.67 1.88 2.29 1.91 0.57 0.43 1.11 1.23 0.78 0.23 0.69 0.76 2.67 2.67 0.75 2.13 2.42 0.65 0.45 1.20 1.37 0.89 0.23 0.74 0.90 2.66 2.67 0.71 1.34 2.73 1.25 0.57 0.94 1.24 0.76 0.31 0.53 0.59 2.68 2.67 0.46 0.80 1.25 1.96 1.67 2.30 1.72 1.07 0.38 0.59 0.89 2.67 2.66 0.46 0.61 0.66 0.71 1.11 2.22 1.12 0.39 0.50 0.84 2.66 2.66 0.38 0.41 0.36 0.38 0.17 2.76

I got: 1.51 0.67 0.76 0.85 2.67 2.66 0.43 0.47 0.37 0.37 0.41 2.35 2.47 2.21 1.90 0.77 2.69 2.67 0.41 0.45 0.33 0.25 0.41 1.40 0.66 1.28 0.76 2.76 2.45 2.66 2.66 0.85 0.80 0.50 0.31 0.68 1.54 0.33 0.41 0.06 2.76 2.64 2.65 2.67 0.67 0.66 0.45 0.26 0.71 1.28 0.21 0.27 0.24 2.77 2.79 2.66 2.66 0.72 0.71 0.48 0.26 0.69 1.15 0.22 0.26 0.75 2.53 2.77 2.76 2.65 0.84 0.71 0.53 0.24 0.99 1.16 0.18 0.20 1.57 2.16 0.47 1.32 2.41 1.21 1.18 0.86 0.32 1.54 1.32 0.39 0.34 0.13 0.01 0.01 0.13 0.01 0.13 0.01 0.13 0.15 0.14 0.15 0.01 0.14 0.83 1.60 0.88 0.93 1.41 0.47 2.67 1.50 0.44 0.81 1.02 0.27 0.26 0.83 1.63 0.88 0.79 1.23 0.22 2.66 2.66 1.60 0.81 1.40 0.41 0.35 0.96 1.46 0.76 0.45 0.90 0.59 2.66 2.65 1.88 2.29 1.91 0.57 0.43 1.11 1.23 0.78 0.23 0.69 0.77 2.67 2.67 0.75 2.13 2.42 0.65 0.46 1.20 1.38 0.89 0.23 0.74 0.90 2.67 2.67 0.71 1.34 2.71 1.25 0.57 0.94 1.24 0.76 0.31 0.53 0.58 2.67 2.67 0.46 0.80 1.25 1.97 1.67 2.30 1.72 1.07 0.38 0.59 0.84 2.67 2.64 0.46 0.61 0.66 0.71 1.11 2.22 1.12 0.38 0.50 0.85 2.66 2.67 0.38 0.41 0.36 0.38 0.17 2.77

I got: 1.51 0.67 0.76 0.86 2.67 2.65 0.43 0.47 0.37 0.37 0.41 2.36 2.48 2.20 1.90 0.76 2.67 2.66 0.41 0.45 0.33 0.25 0.41 1.39 0.66 1.28 0.76 2.78 2.46 2.67 2.65 0.85 0.80 0.50 0.31 0.68 1.54 0.33 0.42 0.06 2.78 2.64 2.67 2.66 0.67 0.66 0.45 0.26 0.71 1.28 0.21 0.27 0.24 2.77 2.77 2.65 2.67 0.72 0.71 0.48 0.26 0.69 1.15 0.22 0.27 0.75 2.52 2.74 2.76 2.66 0.84 0.71 0.53 0.24 0.99 1.16 0.18 0.20 1.57 2.17 0.47 1.32 2.40 1.21 1.18 0.86 0.32 1.54 1.32 0.39 0.34 0.15 0.01 0.01 0.15 0.01 0.14 0.01 0.14 0.14 0.14 0.15 0.01 0.14 0.83 1.60 0.87 0.93 1.41 0.47 2.67 1.50 0.44 0.80 1.02 0.27 0.26 0.83 1.63 0.88 0.79 1.23 0.23 2.67 2.67 1.60 0.81 1.40 0.41 0.35 0.96 1.46 0.76 0.45 0.90 0.61 2.65 2.67 1.88 2.29 1.91 0.57 0.43 1.11 1.23 0.78 0.23 0.69 0.78 2.66 2.65 0.75 2.14 2.41 0.65 0.46 1.20 1.37 0.89 0.23 0.74 0.90 2.66 2.66 0.71 1.34 2.73 1.25 0.57 0.93 1.24 0.76 0.31 0.53 0.64 2.64 2.67 0.46 0.80 1.25 1.96 1.67 2.30 1.72 1.07 0.38 0.59 0.86 2.65 2.67 0.46 0.61 0.66 0.71 1.11 2.22 1.12 0.39 0.50 0.85 2.67 2.66 0.37 0.41 0.36 0.38 0.17 2.75

I got: 1.51 0.67 0.76 0.86 2.64 2.67 0.43 0.47 0.37 0.37 0.41 2.37 2.48 2.20 1.90 0.80 2.64 2.67 0.41 0.45 0.33 0.25 0.41 1.39 0.66 1.28 0.76 2.78 2.45 2.65 2.66 0.85 0.80 0.50 0.31 0.68 1.54 0.33 0.42 0.06 2.77 2.62 2.67 2.65 0.67 0.66 0.44 0.26 0.70 1.28 0.21 0.27 0.24 2.75 2.73 2.67 2.66 0.72 0.71 0.48 0.26 0.69 1.15 0.22 0.26 0.76 2.53 2.75 2.77 2.67 0.84 0.71 0.53 0.24 0.99 1.16 0.18 0.20 1.57 2.17 0.47 1.32 2.42 1.22 1.18 0.86 0.32 1.55 1.32 0.39 0.34 0.14 0.01 0.01 0.14 0.01 0.14 0.01 0.13 0.14 0.15 0.15 0.01 0.14 0.83 1.60 0.88 0.93 1.41 0.46 2.64 1.50 0.44 0.80 1.02 0.26 0.26 0.83 1.63 0.88 0.79 1.23 0.22 2.67 2.64 1.60 0.82 1.40 0.40 0.35 0.96 1.46 0.76 0.45 0.90 0.61 2.67 2.66 1.88 2.29 1.92 0.57 0.43 1.11 1.23 0.78 0.23 0.69 0.78 2.66 2.67 0.75 2.14 2.41 0.65 0.46 1.20 1.37 0.89 0.23 0.74 0.90 2.67 2.67 0.71 1.34 2.73 1.25 0.57 0.93 1.24 0.76 0.31 0.53 0.60 2.68 2.67 0.46 0.80 1.25 1.96 1.67 2.30 1.72 1.07 0.38 0.59 0.85 2.66 2.67 0.46 0.61 0.66 0.71 1.11 2.22 1.12 0.39 0.50 0.85 2.66 2.65 0.38 0.41 0.36 0.38 0.17 2.76

I got: 1.51 0.67 0.76 0.86 2.66 2.67 0.43 0.47 0.37 0.37 0.41 2.36 2.47 2.20 1.90 0.76 2.67 2.67 0.41 0.45 0.33 0.25 0.41 1.39 0.66 1.28 0.76 2.74 2.45 2.67 2.67 0.85 0.80 0.50 0.31 0.68 1.54 0.33 0.42 0.06 2.76 2.62 2.65 2.67 0.67 0.66 0.44 0.26 0.70 1.28 0.21 0.27 0.24 2.77 2.78 2.67 2.65 0.72 0.71 0.48 0.26 0.69 1.14 0.22 0.27 0.75 2.54 2.76 2.77 2.66 0.84 0.71 0.53 0.24 0.99 1.16 0.18 0.20 1.57 2.16 0.47 1.32 2.41 1.21 1.18 0.86 0.32 1.54 1.32 0.39 0.34 0.15 0.01 0.01 0.13 0.01 0.14 0.01 0.13 0.13 0.14 0.15 0.01 0.15 0.83 1.60 0.87 0.93 1.41 0.45 2.66 1.50 0.44 0.81 1.02 0.26 0.26 0.83 1.63 0.88 0.79 1.23 0.23 2.65 2.67 1.60 0.81 1.40 0.41 0.35 0.96 1.46 0.76 0.45 0.90 0.61 2.66 2.65 1.88 2.29 1.91 0.57 0.42 1.11 1.23 0.78 0.23 0.69 0.77 2.67 2.66 0.75 2.13 2.42 0.65 0.45 1.20 1.38 0.89 0.23 0.74 0.90 2.67 2.66 0.71 1.34 2.71 1.25 0.57 0.94 1.24 0.76 0.31 0.53 0.60 2.67 2.68 0.46 0.80 1.25 1.97 1.67 2.29 1.72 1.07 0.38 0.59 0.85 2.67 2.65 0.46 0.61 0.66 0.71 1.11 2.22 1.12 0.39 0.50 0.84 2.64 2.67 0.37 0.41 0.36 0.38 0.17 2.77

I got: 1.51 0.67 0.76 0.86 2.67 2.64 0.43 0.47 0.37 0.37 0.41 2.36 2.47 2.20 1.90 0.77 2.67 2.68 0.41 0.45 0.33 0.25 0.41 1.40 0.66 1.28 0.76 2.78 2.46 2.67 2.66 0.85 0.80 0.50 0.31 0.68 1.54 0.33 0.41 0.06 2.77 2.64 2.67 2.66 0.67 0.66 0.44 0.26 0.71 1.28 0.21 0.27 0.24 2.77 2.78 2.65 2.67 0.72 0.71 0.48 0.26 0.69 1.15 0.22 0.27 0.76 2.52 2.74 2.75 2.66 0.84 0.71 0.53 0.24 0.99 1.16 0.18 0.20 1.57 2.17 0.47 1.32 2.40 1.22 1.18 0.86 0.32 1.55 1.32 0.39 0.34 0.14 0.01 0.01 0.13 0.01 0.13 0.01 0.13 0.13 0.13 0.13 0.01 0.12 0.83 1.60 0.87 0.93 1.41 0.46 2.67 1.50 0.44 0.81 1.02 0.27 0.26 0.83 1.63 0.88 0.79 1.22 0.22 2.66 51.53 1.60 0.81 1.40 0.41 0.35 0.96 1.46 0.76 0.45 0.91 0.59 2.64 2.67 1.88 2.29 1.91 0.57 0.42 1.11 1.23 0.78 0.23 0.69 0.76 2.66 2.65 0.75 2.14 2.41 0.65 0.45 1.20 1.37 0.89 0.23 0.74 0.88 2.66 2.65 0.71 1.34 2.73 1.25 0.57 0.94 1.24 0.76 0.31 0.53 0.58 2.65 2.66 0.46 0.80 1.25 1.96 1.67 2.30 1.72 1.07 0.38 0.59 0.84 2.66 2.66 0.46 0.61 0.67 0.71 1.11 2.23 1.12 0.39 0.50 0.84 2.67 2.66 0.37 0.41 0.36 0.38 0.17 2.76

I got: 1.51 0.67 0.76 0.84 2.66 2.66 0.43 0.47 0.37 0.37 0.41 2.37 2.48 2.20 1.90 0.77 2.65 2.66 0.41 0.45 0.33 0.25 0.41 1.39 0.66 1.28 0.76 2.78 2.45 2.66 2.66 0.85 0.80 0.50 0.31 0.68 1.54 0.33 0.42 0.06 2.78 2.64 2.67 2.64 0.67 0.66 0.44 0.26 0.71 1.28 0.21 0.27 0.25 2.74 2.72 2.67 2.66 0.72 0.71 0.48 0.26 0.69 1.15 0.22 0.26 0.75 2.53 2.75 2.76 2.67 0.84 0.71 0.53 0.24 0.99 1.16 0.18 0.20 1.57 2.17 0.47 1.32 2.41 1.22 1.18 0.86 0.32 1.55 1.32 0.39 0.34 0.13 0.01 0.01 0.12 0.01 0.12 0.01 0.12 0.12 0.13 0.13 0.01 0.12 0.84 1.60 0.87 0.93 1.41 0.47 2.65 1.50 0.44 0.80 1.02 0.26 0.26 0.83 1.63 0.88 0.79 1.22 0.21 2.67 2.66 1.60 0.81 1.40 0.40 0.35 0.96 1.46 0.76 0.45 0.90 0.59 2.66 2.67 1.88 2.29 1.92 0.57 0.43 1.11 1.23 0.78 0.23 0.69 0.76 2.65 2.67 0.75 2.14 2.41 0.65 0.46 1.20 1.37 0.89 0.23 0.74 0.88 2.64 2.67 0.71 1.34 2.73 1.25 0.57 0.94 1.24 0.76 0.31 0.53 0.59 2.66 2.67 0.46 0.80 1.25 1.96 1.67 2.30 1.72 1.07 0.38 0.59 0.84 2.67 2.67 0.46 0.61 0.66 0.71 1.11 2.23 1.12 0.39 0.50 0.84 2.67 2.64 0.37 0.41 0.36 0.38 0.17 2.75

I got: 1.51 0.67 0.77 0.85 2.66 2.67 0.43 0.47 0.37 0.37 0.41 2.37 2.47 2.20 1.90 0.77 2.66 2.67 0.41 0.45 0.33 0.25 0.41 1.39 0.66 1.28 0.76 2.74 2.46 2.67 2.67 0.85 0.81 0.50 0.31 0.68 1.54 0.33 0.42 0.06 2.75 2.63 2.64 2.67 0.67 0.66 0.45 0.26 0.70 1.28 0.21 0.27 0.25 2.76 2.78 2.67 2.66 0.72 0.71 0.48 0.26 0.69 1.15 0.22 0.26 0.76 2.54 2.76 2.77 2.67 0.84 0.71 0.53 0.24 0.99 1.16 0.18 0.20 1.57 2.16 0.47 1.32 2.42 1.22 1.18 0.86 0.32 1.54 1.32 0.39 0.34 0.14 0.01 0.01 0.12 0.01 0.13 0.01 0.11 0.12 0.12 0.14 0.01 0.11 0.84 1.60 0.87 0.93 1.41 0.46 2.66 1.50 0.44 0.81 1.02 0.27 0.26 0.83 1.63 0.88 0.79 1.23 0.23 2.65 2.66 1.60 0.82 1.40 0.41 0.35 0.97 1.46 0.76 0.45 0.90 0.60 2.67 2.64 1.88 2.29 1.91 0.57 0.42 1.11 1.23 0.78 0.23 0.69 0.76 2.67 2.67 0.75 2.12 2.42 0.65 0.45 1.20 1.37 0.89 0.23 0.74 0.88 2.67 2.66 0.71 1.34 2.72 1.25 0.57 0.93 1.24 0.76 0.31 0.53 0.59 2.67 2.67 0.46 0.80 1.25 1.96 1.67 2.29 1.72 1.07 0.38 0.59 0.84 2.67 2.67 0.46 0.61 0.66 0.71 1.11 2.22 1.12 0.38 0.50 0.84 2.65 2.66 0.37 0.41 0.36 0.38 0.17 2.76

I got: 1.51 0.67 0.76 0.85 2.67 2.67 0.43 0.47 0.37 0.37 0.41 2.36 2.47 2.21 1.90 0.77 2.67 2.68 0.41 0.45 0.33 0.25 0.40 1.39 0.66 1.28 0.76 2.77 2.46 2.67 2.67 0.85 0.80 0.50 0.31 0.68 1.54 0.33 0.42 0.06 2.77 2.64 2.68 2.67 0.67 0.66 0.44 0.26 0.71 1.28 0.21 0.27 0.24 2.78 2.78 2.65 2.67 0.72 0.72 0.48 0.26 0.69 1.15 0.22 0.27 0.75 2.52 2.75 2.74 2.66 0.84 0.71 0.53 0.24 0.99 1.16 0.18 0.20 1.57 2.17 0.47 1.32 2.41 1.22 1.18 0.86 0.32 1.55 1.32 0.39 0.34 0.13 0.01 0.01 0.12 0.01 0.12 0.01 0.12 0.12 0.11 0.13 0.01 0.12 0.84 1.60 0.88 0.93 1.41 0.46 2.67 1.50 0.44 0.80 1.02 0.27 0.26 0.83 1.63 0.88 0.79 1.23 0.22 2.67 2.67 1.60 0.82 1.40 0.41 0.35 0.96 1.46 0.76 0.45 0.90 0.59 2.65 2.67 1.88 2.29 1.91 0.57 0.42 1.11 1.23 0.78 0.23 0.69 0.75 2.67 2.64 0.75 2.14 2.41 0.65 0.45 1.20 1.37 0.89 0.23 0.74 0.88 2.67 2.64 0.71 1.34 2.72 1.25 0.57 0.93 1.24 0.76 0.31 0.53 0.59 2.66 2.66 0.46 0.80 1.25 1.96 1.67 2.30 1.72 1.07 0.38 0.59 0.84 2.66 2.65 0.46 0.61 0.66 0.71 1.11 2.22 1.12 0.39 0.50 0.83 2.67 2.67 0.37 0.41 0.36 0.38 0.17 2.77

I got: 1.51 0.67 0.76 0.86 2.66 2.66 0.43 0.47 0.37 0.37 0.41 2.37 2.49 2.20 1.90 0.77 2.66 2.66 0.41 0.45 0.33 0.25 0.41 1.39 0.66 1.28 0.76 2.78 2.45 2.66 2.66 0.85 0.80 0.50 0.31 0.68 1.54 0.33 0.41 0.06 2.78 2.64 2.67 2.66 0.67 0.66 0.44 0.26 0.71 1.28 0.21 0.27 0.25 2.75 2.74 2.68 2.67 0.72 0.71 0.48 0.26 0.69 1.14 0.22 0.27 0.76 2.52 2.75 2.77 2.67 0.84 0.71 0.53 0.24 0.99 1.16 0.18 0.20 1.57 2.17 0.47 1.32 2.41 1.22 1.18 0.86 0.32 1.55 1.32 0.39 0.34 0.14 0.01 0.01 0.11 0.01 0.12 0.01 0.12 0.11 0.11 0.12 0.01 0.12 0.84 1.60 0.88 0.93 1.41 0.46 2.65 1.50 0.44 0.80 1.02 0.26 0.26 0.83 1.63 0.88 0.79 1.23 0.22 2.67 2.67 1.60 0.82 1.40 0.41 0.35 0.96 1.46 0.76 0.45 0.90 0.58 2.67 2.67 1.88 2.29 1.91 0.57 0.42 1.11 1.23 0.78 0.23 0.69 0.75 2.65 2.66 0.75 2.14 2.41 0.65 0.45 1.20 1.38 0.89 0.23 0.74 0.88 2.65 2.67 0.71 1.34 2.73 1.25 0.57 0.94 1.24 0.76 0.31 0.53 0.58 2.66 2.67 0.46 0.80 1.25 1.96 1.67 2.30 1.72 1.07 0.38 0.59 0.83 2.65 2.67 0.46 0.61 0.66 0.71 1.11 2.23 1.12 0.39 0.50 0.83 2.67 2.65 0.37 0.41 0.36 0.38 0.17 2.75

I got: 1.51 0.67 0.76 0.85 2.67 2.67 0.43 0.47 0.37 0.37 0.41 2.37 2.47 2.20 1.90 0.77 2.65 2.67 0.41 0.45 0.33 0.25 0.41 1.39 0.66 1.28 0.76 2.76 2.45 2.67 2.67 0.85 0.80 0.50 0.31 0.68 1.54 0.33 0.41 0.06 2.76 2.61 2.66 2.67 0.67 0.66 0.45 0.26 0.70 1.28 0.21 0.27 0.24 2.76 2.77 2.67 2.68 0.72 0.71 0.48 0.26 0.69 1.15 0.22 0.27 0.75 2.54 2.76 2.77 2.66 0.84 0.71 0.53 0.24 0.99 1.16 0.18 0.20 1.57 2.16 0.47 1.32 2.42 1.22 1.18 0.86 0.32 1.55 1.32 0.39 0.34 0.12 0.01 0.01 0.11 0.01 0.12 0.01 0.11 0.11 0.11 0.12 0.01 0.11 0.84 1.60 0.88 0.93 1.41 0.46 2.67 1.50 0.44 0.81 1.02 0.27 0.26 0.83 1.64 0.88 0.79 1.23 0.22 2.66 2.65 1.60 0.82 1.40 0.40 0.35 0.97 1.46 0.76 0.45 0.90 0.59 2.67 2.67 1.88 2.29 1.91 0.57 0.43 1.11 1.23 0.78 0.23 0.69 0.75 2.67 2.67 0.75 2.12 2.42 0.65 0.45 1.20 1.37 0.89 0.23 0.74 0.87 2.66 2.67 0.71 1.34 2.73 1.25 0.57 0.94 1.24 0.76 0.31 0.53 0.58 2.67 2.66 0.46 0.80 1.25 1.96 1.67 2.30 1.72 1.07 0.38 0.59 0.86 2.67 2.66 0.46 0.61 0.66 0.71 1.11 2.22 1.12 0.39 0.50 0.83 2.65 2.66 0.37 0.41 0.36 0.38 0.17 2.76

I got: 1.51 0.67 0.76 0.85 2.67 2.66 0.43 0.47 0.37 0.37 0.41 2.35 2.48 2.21 1.90 0.77 2.67 2.66 0.41 0.45 0.33 0.25 0.41 1.40 0.66 1.28 0.75 2.77 2.45 2.67 2.67 0.85 0.80 0.50 0.31 0.68 1.54 0.33 0.41 0.06 2.77 2.65 2.67 2.67 0.67 0.66 0.44 0.26 0.71 1.28 0.21 0.27 0.25 2.77 2.78 2.66 2.67 0.72 0.71 0.48 0.26 0.69 1.15 0.22 0.27 0.76 2.53 2.77 2.75 2.64 0.84 0.71 0.53 0.24 0.99 1.16 0.18 0.20 1.57 2.16 0.47 1.32 2.41 1.22 1.18 0.86 0.32 1.55 1.32 0.39 0.34 0.13 0.01 0.01 0.12 0.01 0.13 0.01 0.13 0.12 0.12 0.13 0.01 0.13 0.83 1.60 0.88 0.93 1.41 0.46 2.67 1.50 0.44 0.81 1.02 0.26 0.26 0.83 1.63 0.88 0.79 1.23 0.24 2.67 2.67 1.60 0.82 1.40 0.41 0.35 0.97 1.46 0.76 0.45 0.91 0.59 2.65 2.66 1.88 2.29 1.92 0.57 0.42 1.11 1.23 0.78 0.23 0.69 0.77 2.67 2.65 0.75 2.13 2.42 0.65 0.46 1.20 1.38 0.89 0.23 0.74 0.89 2.67 2.64 0.71 1.35 2.72 1.25 0.57 0.93 1.24 0.76 0.31 0.53 0.59 2.66 2.65 0.46 0.80 1.25 1.97 1.67 2.30 1.72 1.07 0.38 0.59 0.85 2.66 2.65 0.46 0.61 0.66 0.71 1.11 2.22 1.12 0.39 0.50 0.84 2.67 2.67 0.37 0.41 0.36 0.38 0.17 2.77

I got: 1.51 0.67 0.76 0.85 2.66 2.66 0.43 0.47 0.37 0.37 0.41 2.37 2.49 2.20 1.90 0.77 2.66 2.65 0.41 0.45 0.33 0.25 0.41 1.39 0.66 1.28 0.75 2.78 2.45 2.66 2.65 0.85 0.80 0.50 0.31 0.68 1.54 0.33 0.42 0.06 2.78 2.65 2.67 2.67 0.67 0.66 0.45 0.26 0.71 1.28 0.21 0.27 0.24 2.76 2.76 2.68 2.67 0.72 0.71 0.48 0.26 0.69 1.14 0.22 0.27 0.76 2.52 2.74 2.76 2.67 0.84 0.71 0.53 0.24 0.99 1.16 0.18 0.20 1.57 2.17 0.47 1.32 2.40 1.22 1.18 0.86 0.32 1.54 1.32 0.39 0.34 0.13 0.01 0.01 0.14 0.01 0.14 0.01 0.13 0.13 0.14 0.15 0.00 0.13 0.84 1.60 0.88 0.93 1.41 0.45 2.66 1.50 0.44 0.81 1.02 0.26 0.26 0.83 1.63 0.88 0.79 1.23 0.23 2.67 2.66 1.60 0.81 1.40 0.41 0.35 0.96 1.46 0.76 0.45 0.90 0.60 2.67 2.67 1.88 2.29 1.91 0.57 0.43 1.11 1.23 0.78 0.23 0.69 0.77 2.65 2.66 0.75 2.14 2.41 0.65 0.45 1.20 1.38 0.89 0.23 0.74 0.88 2.65 2.66 0.71 1.34 2.73 1.25 0.57 0.94 1.24 0.76 0.31 0.53 0.60 2.65 2.67 0.46 0.80 1.25 1.96 1.67 2.30 1.72 1.07 0.38 0.59 0.84 2.64 2.67 0.46 0.61 0.66 0.71 1.11 2.23 1.12 0.39 0.50 0.85 2.67 2.67 0.37 0.41 0.36 0.38 0.17 2.74

