I got: 2.39 0.08 0.25 0.29 0.07 2.70 0.67 0.09 0.34 0.69 1.44 2.77 0.23 0.16 0.20 0.09 2.69 2.69 0.45 1.07 1.41 1.35 1.48 0.61 0.24 0.15 0.20 0.12 2.70 2.70 2.43 2.77 2.22 1.01 0.29 0.06 0.08 0.14 0.29 0.13 2.69 2.69 2.38 2.77 2.64 1.19 0.28 0.06 0.08 0.13 0.13 0.46 2.70 2.70 1.43 1.09 0.52 1.43 0.29 0.06 0.10 0.16 0.05 1.26 2.69 2.71 0.46 0.21 0.06 0.39 0.50 0.06 0.52 0.72 0.09 1.34 2.53 2.70 0.37 0.12 0.03 0.12 0.78 0.37 0.01 0.02 0.01 0.01 0.01 0.01 0.01 0.01 0.01 0.01 0.01 0.01 2.40 0.13 0.21 0.19 0.19 2.70 0.68 0.09 0.31 0.83 1.38 2.77 0.29 0.10 0.11 0.14 2.71 2.72 0.45 1.05 1.57 1.27 1.44 0.59 0.23 0.07 0.08 0.12 2.70 2.71 2.43 2.77 2.31 0.95 0.25 0.06 0.08 0.12 0.14 0.12 2.72 2.71 2.38 2.77 2.72 1.12 0.24 0.04 0.09 0.13 0.07 0.64 2.70 2.71 1.44 1.11 0.53 1.38 0.25 0.06 0.11 0.15 0.02 1.32 2.70 2.69 0.45 0.21 0.06 0.43 0.46 0.06 0.54 0.72 0.04 1.41 2.57 2.69 0.37 0.13 0.03 0.15 0.69 0.35 0.17 0.05 0.06 0.14 0.22 0.20 0.03 0.05 0.01 0.03 0.14 0.13

I got: 2.39 0.08 0.25 0.30 0.07 2.70 0.67 0.09 0.34 0.69 1.44 2.77 0.23 0.15 0.20 0.09 2.69 2.71 0.44 1.07 1.41 1.35 1.48 0.61 0.24 0.14 0.21 0.12 2.69 2.68 2.42 2.77 2.22 1.01 0.29 0.07 0.08 0.15 0.29 0.13 2.69 2.69 2.38 2.77 2.64 1.19 0.28 0.06 0.08 0.13 0.12 0.46 2.70 2.69 1.43 1.09 0.52 1.44 0.29 0.06 0.10 0.16 0.05 1.26 2.70 2.70 0.46 0.21 0.06 0.39 0.50 0.07 0.52 0.71 0.08 1.34 2.53 2.69 0.37 0.12 0.03 0.12 0.78 0.36 0.01 0.01 0.01 0.01 0.01 0.01 0.01 0.01 0.01 0.01 0.01 0.01 2.39 0.13 0.21 0.19 0.19 2.70 0.68 0.09 0.31 0.83 1.38 2.77 0.29 0.10 0.11 0.14 2.70 2.70 0.45 1.04 1.57 1.27 1.44 0.60 0.23 0.07 0.08 0.13 2.71 2.70 2.43 2.77 2.31 0.94 0.25 0.06 0.08 0.12 0.14 0.12 2.72 2.71 2.38 2.76 2.72 1.12 0.24 0.04 0.09 0.13 0.07 0.64 2.70 2.69 1.44 1.11 0.53 1.38 0.25 0.05 0.11 0.15 0.02 1.32 2.71 2.69 0.45 0.21 0.06 0.43 0.46 0.06 0.54 0.72 0.04 1.41 2.58 2.72 0.37 0.13 0.03 0.16 0.69 0.35 0.18 0.05 0.06 0.14 0.22 0.20 0.03 0.05 0.01 0.03 0.14 0.13

I got: 2.39 0.08 0.25 0.30 0.07 2.71 0.67 0.09 0.34 0.68 1.44 2.77 0.23 0.15 0.20 0.09 2.69 2.70 0.44 1.06 1.41 1.34 1.47 0.61 0.24 0.14 0.21 0.12 2.70 2.70 2.42 2.77 2.22 1.01 0.29 0.07 0.08 0.15 0.30 0.13 2.69 2.73 2.38 2.77 2.64 1.19 0.28 0.07 0.08 0.13 0.13 0.46 2.69 2.75 1.43 1.09 0.52 1.44 0.29 0.05 0.10 0.16 0.05 1.26 2.69 2.70 0.46 0.21 0.06 0.39 0.50 0.06 0.52 0.71 0.08 1.35 2.53 2.69 0.37 0.12 0.03 0.12 0.78 0.36 0.01 0.01 0.01 0.01 0.01 0.01 0.01 0.01 0.01 0.01 0.01 0.01 2.39 0.13 0.20 0.19 0.19 2.70 0.67 0.09 0.31 0.83 1.38 2.77 0.29 0.10 0.11 0.14 2.71 2.69 0.45 1.04 1.56 1.27 1.44 0.59 0.23 0.08 0.08 0.13 2.72 2.71 2.44 2.77 2.31 0.95 0.25 0.06 0.08 0.13 0.14 0.12 2.71 2.71 2.38 2.76 2.72 1.12 0.24 0.04 0.09 0.13 0.07 0.64 2.70 2.70 1.44 1.11 0.53 1.38 0.25 0.05 0.11 0.15 0.02 1.31 2.71 2.69 0.45 0.21 0.06 0.43 0.46 0.06 0.54 0.73 0.04 1.41 2.58 2.72 0.37 0.12 0.03 0.16 0.69 0.35 0.18 0.04 0.06 0.15 0.23 0.20 0.03 0.05 0.01 0.03 0.14 0.13

I got: 2.39 0.08 0.25 0.29 0.07 2.69 0.67 0.09 0.34 0.68 1.44 2.77 0.23 0.15 0.20 0.09 2.71 2.70 0.44 1.06 1.41 1.34 1.47 0.61 0.24 0.14 0.21 0.12 2.69 2.69 2.42 2.77 2.22 1.01 0.28 0.07 0.08 0.15 0.29 0.13 2.68 2.68 2.38 2.77 2.63 1.19 0.28 0.07 0.08 0.13 0.13 0.46 2.69 2.69 1.43 1.09 0.52 1.43 0.29 0.06 0.10 0.16 0.05 1.26 2.70 2.71 0.46 0.21 0.06 0.39 0.50 0.06 0.52 0.71 0.09 1.34 2.53 2.69 0.37 0.12 0.03 0.12 0.79 0.36 0.01 0.02 0.01 0.01 0.01 0.01 0.01 0.01 0.01 0.01 0.01 0.01 2.39 0.13 0.20 0.20 0.19 2.69 0.67 0.09 0.31 0.83 1.38 2.77 0.29 0.10 0.11 0.14 2.69 2.69 0.45 1.04 1.56 1.26 1.43 0.60 0.24 0.08 0.08 0.13 2.70 2.70 2.43 2.77 2.31 0.94 0.25 0.05 0.08 0.12 0.14 0.12 2.72 2.70 2.38 2.76 2.72 1.12 0.24 0.05 0.09 0.12 0.07 0.64 2.70 2.69 1.44 1.11 0.53 1.38 0.25 0.05 0.11 0.15 0.02 1.31 2.70 2.71 0.45 0.21 0.06 0.43 0.46 0.06 0.54 0.72 0.03 1.41 2.58 2.70 0.37 0.12 0.03 0.15 0.69 0.35 0.18 0.05 0.06 0.14 0.22 0.20 0.03 0.05 0.01 0.03 0.14 0.13

I got: 2.39 0.08 0.25 0.29 0.07 2.74 0.67 0.09 0.34 0.68 1.44 2.77 0.23 0.15 0.20 0.09 2.69 2.73 0.44 1.06 1.41 1.34 1.47 0.61 0.24 0.14 0.21 0.12 2.70 2.70 2.42 2.77 2.22 1.01 0.28 0.07 0.08 0.14 0.29 0.13 2.69 2.69 2.38 2.76 2.63 1.19 0.28 0.06 0.08 0.13 0.13 0.46 2.70 2.70 1.43 1.09 0.52 1.43 0.29 0.06 0.10 0.17 0.05 1.25 2.69 2.70 0.46 0.21 0.06 0.39 0.50 0.07 0.52 0.71 0.09 1.35 2.53 2.70 0.37 0.12 0.03 0.12 0.78 0.36 0.01 0.01 0.01 0.01 0.01 0.01 0.01 0.01 0.01 0.01 0.01 0.01 2.39 0.13 0.20 0.19 0.19 2.69 0.68 0.09 0.31 0.83 1.38 2.77 0.29 0.10 0.11 0.14 2.70 2.69 0.45 1.04 1.56 1.26 1.43 0.59 0.23 0.07 0.08 0.13 2.70 2.71 2.43 2.77 2.31 0.94 0.25 0.05 0.08 0.12 0.14 0.12 2.71 2.72 2.38 2.77 2.72 1.12 0.24 0.05 0.09 0.13 0.07 0.64 2.70 2.70 1.44 1.11 0.53 1.38 0.25 0.06 0.11 0.15 0.02 1.32 2.69 2.70 0.45 0.21 0.06 0.43 0.46 0.06 0.54 0.72 0.04 1.41 2.58 2.70 0.37 0.12 0.03 0.16 0.69 0.35 0.18 0.04 0.06 0.14 0.22 0.20 0.03 0.05 0.01 0.03 0.14 0.13

I got: 2.39 0.08 0.25 0.30 0.07 2.70 0.67 0.09 0.34 0.68 1.44 2.77 0.23 0.15 0.20 0.09 2.70 2.70 0.44 1.06 1.40 1.34 1.47 0.61 0.24 0.15 0.21 0.12 2.69 2.69 2.42 2.77 2.22 1.01 0.28 0.07 0.08 0.15 0.30 0.13 2.69 2.68 2.38 2.76 2.63 1.18 0.28 0.07 0.08 0.13 0.13 0.46 2.70 2.69 1.43 1.09 0.52 1.43 0.29 0.06 0.10 0.16 0.05 1.25 2.71 2.70 0.46 0.21 0.06 0.39 0.50 0.06 0.52 0.71 0.09 1.35 2.53 2.69 0.37 0.12 0.03 0.12 0.78 0.37 0.01 0.01 0.01 0.01 0.01 0.01 0.01 0.01 0.01 0.01 0.01 0.01 2.39 0.13 0.20 0.19 0.19 2.70 0.68 0.09 0.31 0.83 1.38 2.77 0.29 0.10 0.11 0.14 2.70 2.70 0.45 1.04 1.56 1.26 1.43 0.60 0.23 0.07 0.08 0.13 2.71 2.70 2.44 2.77 2.31 0.94 0.25 0.06 0.08 0.13 0.14 0.12 2.72 2.71 2.38 2.76 2.72 1.12 0.25 0.05 0.09 0.12 0.07 0.65 2.70 2.74 1.44 1.10 0.53 1.38 0.25 0.06 0.11 0.15 0.02 1.31 2.70 2.69 0.45 0.21 0.06 0.43 0.46 0.06 0.55 0.73 0.04 1.41 2.58 2.71 0.37 0.12 0.03 0.15 0.69 0.35 0.18 0.04 0.06 0.14 0.23 0.20 0.03 0.05 0.01 0.03 0.14 0.13

I got: 2.39 0.08 0.25 0.30 0.07 2.72 0.67 0.09 0.34 0.68 1.44 2.77 0.23 0.15 0.21 0.09 2.69 2.71 0.44 1.06 1.41 1.34 1.47 0.61 0.24 0.15 0.21 0.12 2.69 2.69 2.42 2.77 2.22 1.01 0.29 0.07 0.08 0.14 0.29 0.13 2.70 2.68 2.38 2.77 2.63 1.19 0.28 0.06 0.08 0.13 0.13 0.46 2.71 2.70 1.43 1.09 0.52 1.43 0.29 0.06 0.10 0.16 0.05 1.25 2.69 2.70 0.46 0.21 0.06 0.39 0.50 0.06 0.52 0.71 0.09 1.35 2.53 2.70 0.38 0.12 0.03 0.12 0.78 0.37 0.01 0.02 0.01 0.01 0.01 0.01 0.01 0.01 0.01 0.01 0.01 0.01 2.39 0.13 0.20 0.19 0.19 2.70 0.68 0.09 0.31 0.82 1.38 2.77 0.29 0.10 0.11 0.14 2.71 2.69 0.45 1.04 1.56 1.26 1.43 0.60 0.23 0.08 0.08 0.13 2.71 2.70 2.44 2.77 2.31 0.94 0.25 0.05 0.08 0.12 0.14 0.12 2.72 2.72 2.38 2.77 2.72 1.12 0.24 0.05 0.09 0.12 0.07 0.64 2.71 2.70 1.44 1.11 0.53 1.38 0.25 0.06 0.11 0.16 0.02 1.31 2.71 2.69 0.45 0.21 0.06 0.43 0.46 0.06 0.55 0.72 0.04 1.42 2.59 2.71 0.37 0.12 0.03 0.15 0.69 0.35 0.18 0.04 0.06 0.14 0.23 0.20 0.03 0.05 0.01 0.03 0.14 0.13

I got: 2.39 0.08 0.25 0.30 0.07 2.70 0.67 0.09 0.34 0.68 1.44 2.77 0.23 0.15 0.20 0.09 2.71 2.70 0.44 1.06 1.40 1.34 1.46 0.61 0.24 0.15 0.21 0.12 2.69 2.68 2.42 2.77 2.22 1.01 0.28 0.07 0.08 0.14 0.29 0.13 2.67 2.68 2.38 2.77 2.63 1.18 0.28 0.06 0.08 0.14 0.13 0.46 2.69 2.69 1.43 1.09 0.52 1.44 0.29 0.06 0.10 0.16 0.05 1.25 2.70 2.71 0.46 0.21 0.06 0.39 0.50 0.07 0.52 0.71 0.09 1.35 2.53 2.69 0.37 0.12 0.03 0.12 0.79 0.37 0.01 0.01 0.01 0.01 0.01 0.01 0.01 0.01 0.01 0.01 0.01 0.01 2.39 0.13 0.20 0.19 0.19 2.69 0.68 0.09 0.31 0.83 1.38 2.77 0.29 0.10 0.11 0.14 2.70 2.69 0.45 1.04 1.56 1.26 1.43 0.59 0.23 0.07 0.08 0.13 2.71 2.69 2.43 2.77 2.31 0.94 0.25 0.06 0.08 0.13 0.14 0.11 2.74 2.70 2.38 2.76 2.72 1.11 0.24 0.04 0.09 0.12 0.07 0.64 2.71 2.70 1.44 1.10 0.53 1.37 0.25 0.05 0.11 0.15 0.02 1.31 2.71 2.70 0.45 0.21 0.06 0.43 0.46 0.06 0.54 0.72 0.04 1.41 2.58 2.72 0.37 0.12 0.03 0.16 0.69 0.36 0.18 0.04 0.06 0.14 0.22 0.20 0.04 0.05 0.01 0.03 0.14 0.13

I got: 2.38 0.08 0.25 0.29 0.07 2.71 0.67 0.09 0.34 0.68 1.44 2.77 0.23 0.16 0.20 0.09 2.70 2.69 0.44 1.06 1.40 1.34 1.46 0.61 0.24 0.15 0.21 0.12 2.70 2.70 2.42 2.77 2.22 1.01 0.29 0.07 0.08 0.15 0.30 0.13 2.69 2.69 2.38 2.76 2.63 1.19 0.29 0.06 0.08 0.12 0.13 0.46 2.69 2.71 1.43 1.09 0.52 1.44 0.29 0.06 0.10 0.16 0.05 1.25 2.70 2.71 0.46 0.21 0.06 0.39 0.50 0.07 0.52 0.71 0.08 1.35 2.53 2.70 0.37 0.12 0.03 0.12 0.78 0.37 0.01 0.01 0.01 0.01 0.01 0.01 0.01 0.01 0.01 0.01 0.01 0.01 2.39 0.13 0.20 0.19 0.19 2.69 0.67 0.09 0.31 0.83 1.37 2.77 0.29 0.10 0.11 0.14 2.69 2.69 0.45 1.04 1.56 1.26 1.43 0.59 0.23 0.08 0.08 0.13 2.69 2.71 2.43 2.77 2.31 0.94 0.25 0.06 0.08 0.12 0.14 0.12 2.71 2.72 2.38 2.77 2.72 1.11 0.25 0.04 0.08 0.12 0.07 0.64 2.69 2.71 1.44 1.10 0.53 1.37 0.26 0.05 0.11 0.15 0.02 1.31 2.69 2.69 0.45 0.21 0.06 0.43 0.46 0.06 0.55 0.73 0.04 1.41 2.58 2.70 0.37 0.12 0.03 0.16 0.69 0.35 0.18 0.04 0.06 0.14 0.22 0.20 0.03 0.05 0.01 0.03 0.14 0.13

I got: 2.38 0.08 0.25 0.29 0.07 2.69 0.67 0.09 0.34 0.68 1.43 2.77 0.23 0.16 0.20 0.09 2.70 2.70 0.44 1.06 1.40 1.34 1.46 0.62 0.24 0.15 0.21 0.12 2.69 2.69 2.42 2.77 2.22 1.01 0.29 0.07 0.08 0.15 0.29 0.13 2.67 2.69 2.38 2.76 2.63 1.18 0.29 0.06 0.08 0.12 0.13 0.45 2.69 2.69 1.43 1.09 0.52 1.43 0.29 0.06 0.10 0.16 0.05 1.25 2.71 2.69 0.46 0.21 0.06 0.39 0.49 0.07 0.52 0.71 0.08 1.35 2.53 2.73 0.38 0.12 0.03 0.12 0.79 0.36 0.01 0.01 0.01 0.01 0.01 0.01 0.01 0.01 0.01 0.01 0.01 0.01 2.39 0.13 0.20 0.19 0.19 2.72 0.68 0.09 0.31 0.82 1.37 2.77 0.28 0.10 0.11 0.14 2.72 2.70 0.45 1.04 1.56 1.26 1.43 0.60 0.23 0.08 0.08 0.13 2.70 2.71 2.44 2.77 2.31 0.94 0.25 0.05 0.08 0.12 0.14 0.12 2.73 2.71 2.38 2.76 2.71 1.11 0.24 0.05 0.09 0.12 0.07 0.64 2.70 2.69 1.44 1.10 0.52 1.37 0.25 0.06 0.11 0.15 0.02 51.77 2.70 2.70 0.45 0.21 0.06 0.43 0.46 0.06 0.55 0.72 0.04 1.41 2.58 2.69 0.37 0.13 0.03 0.16 0.69 0.36 0.18 0.04 0.06 0.15 0.23 0.20 0.03 0.05 0.01 0.03 0.14 0.13

I got: 2.38 0.08 0.25 0.29 0.07 2.71 0.67 0.09 0.34 0.68 1.43 2.77 0.23 0.15 0.20 0.09 2.70 2.70 0.44 1.06 1.40 1.33 1.46 0.61 0.24 0.14 0.21 0.12 2.69 2.69 2.42 2.77 2.22 1.01 0.28 0.07 0.08 0.14 0.29 0.13 2.70 2.69 2.38 2.77 2.63 1.18 0.28 0.06 0.08 0.13 0.13 0.45 2.70 2.70 1.43 1.08 0.51 1.43 0.29 0.06 0.10 0.16 0.05 1.25 2.69 2.70 0.46 0.21 0.06 0.39 0.50 0.06 0.52 0.71 0.08 1.35 2.53 2.69 0.37 0.12 0.03 0.12 0.78 0.36 0.01 0.01 0.01 0.01 0.01 0.01 0.01 0.01 0.01 0.01 0.01 0.01 2.38 0.13 0.20 0.19 0.19 2.70 0.67 0.09 0.31 0.82 1.37 2.77 0.28 0.10 0.11 0.14 2.71 2.69 0.45 1.04 1.56 1.26 1.43 0.60 0.23 0.07 0.08 0.13 2.72 2.72 2.44 2.77 2.31 0.94 0.25 0.06 0.08 0.13 0.14 0.12 2.71 2.72 2.38 2.77 2.72 1.11 0.25 0.05 0.09 0.12 0.07 0.64 2.70 2.70 1.43 1.10 0.52 1.37 0.25 0.06 0.11 0.15 0.02 1.31 2.71 2.69 0.45 0.21 0.06 0.43 0.46 0.07 0.55 0.73 0.04 1.41 2.59 2.70 0.37 0.13 0.03 0.16 0.69 0.36 0.17 0.04 0.06 0.14 0.22 0.20 0.03 0.05 0.01 0.03 0.14 0.13

I got: 2.38 0.08 0.25 0.29 0.07 2.69 0.67 0.09 0.34 0.68 1.43 2.77 0.23 0.15 0.20 0.09 2.71 2.70 0.44 1.06 1.40 1.34 1.46 0.61 0.24 0.15 0.21 0.12 2.69 2.69 2.42 2.77 2.22 1.01 0.28 0.08 0.08 0.15 0.30 0.13 2.72 2.69 2.38 2.76 2.62 1.18 0.28 0.06 0.08 0.13 0.13 0.45 2.74 2.69 1.43 1.08 0.51 1.43 0.29 0.06 0.10 0.17 0.05 1.25 2.70 2.72 0.46 0.21 0.06 0.39 0.50 0.07 0.52 0.71 0.09 1.35 2.53 2.69 0.37 0.12 0.03 0.12 0.79 0.36 0.01 0.01 0.01 0.01 0.01 0.01 0.01 0.01 0.01 0.01 0.01 0.01 52.81 0.13 0.21 0.19 0.19 2.70 0.67 0.09 0.31 0.82 1.36 2.77 0.28 0.10 0.11 0.14 2.70 2.70 0.45 1.04 1.56 1.25 1.43 0.59 0.23 0.08 0.08 0.13 2.72 2.70 2.43 2.77 2.31 0.94 0.25 0.06 0.08 0.12 0.14 0.12 2.71 2.72 2.38 2.77 2.71 1.11 0.24 0.05 0.08 0.13 0.07 0.64 2.71 2.69 1.43 1.10 0.52 1.37 0.26 0.05 0.11 0.15 0.02 1.31 2.71 2.69 0.45 0.21 0.06 0.43 0.46 0.07 0.54 0.72 0.04 1.41 2.59 2.72 0.37 0.12 0.03 0.16 0.69 0.36 0.18 0.04 0.06 0.14 0.23 0.20 0.03 0.05 0.01 0.03 0.14 0.13

I got: 2.37 0.08 0.25 0.29 0.07 2.70 0.66 0.09 0.26 0.51 1.09 2.69 0.23 0.15 0.21 0.10 2.70 2.70 0.44 1.06 1.40 1.34 1.46 0.50 0.35 0.15 0.21 0.12 2.69 2.70 2.42 2.77 2.22 1.01 0.28 0.15 0.23 0.16 0.29 0.13 2.69 2.69 2.38 2.77 2.62 1.18 0.28 0.18 0.19 0.13 0.13 0.45 2.69 2.71 1.43 1.08 0.51 1.43 0.29 0.13 0.20 0.16 0.05 1.24 2.70 2.70 0.46 0.21 0.06 0.39 0.50 0.11 0.63 0.71 0.08 1.35 2.53 2.70 0.38 0.12 0.03 0.12 0.79 0.29 0.01 0.01 0.01 0.01 0.01 0.01 0.01 0.01 0.01 0.01 0.01 0.01 1.91 0.11 0.15 0.15 0.19 2.69 0.52 0.07 0.23 0.67 1.04 2.73 0.28 0.10 0.11 0.14 2.70 2.69 0.45 1.04 1.56 1.26 1.43 0.64 0.19 0.07 0.08 0.13 2.69 2.70 2.44 2.77 2.30 0.94 0.25 0.15 0.08 0.13 0.14 0.12 2.71 2.72 2.38 2.77 2.72 1.11 0.25 0.13 0.10 0.12 0.07 0.64 2.70 2.71 1.43 1.10 0.52 1.37 0.26 0.17 0.09 0.15 0.02 1.31 2.70 2.70 0.45 0.21 0.06 0.43 0.46 0.18 0.49 0.73 0.04 1.41 2.58 2.69 0.37 0.13 0.03 0.16 0.69 0.44 0.08 0.04 0.06 0.14 0.22 0.20 0.03 0.05 0.01 0.03 0.14 0.13

I got: 1.90 0.06 0.20 0.23 0.05 2.71 0.52 0.07 0.26 0.52 1.11 2.73 0.23 0.16 0.21 0.09 2.74 2.70 0.44 1.06 1.40 1.33 1.46 0.51 0.35 0.15 0.21 0.12 2.69 2.69 2.42 2.77 2.21 1.01 0.29 0.15 0.24 0.14 0.30 0.13 2.69 2.68 2.38 2.77 2.62 1.19 0.29 0.17 0.20 0.13 0.13 0.45 2.69 2.69 1.43 1.08 0.51 1.43 0.29 0.14 0.20 0.16 0.05 1.25 2.70 2.71 0.46 0.21 0.06 0.39 0.49 0.12 0.63 0.71 0.08 1.35 2.53 2.70 0.37 0.12 0.03 0.12 0.79 0.29 0.01 0.01 0.01 0.01 0.01 0.01 0.01 0.01 0.01 0.01 0.01 0.01 1.90 0.11 0.15 0.15 0.19 2.69 0.52 0.07 0.23 0.67 1.04 2.73 0.28 0.10 0.11 0.14 2.69 2.69 0.45 1.04 1.56 1.25 1.43 0.64 0.19 0.08 0.08 0.13 2.70 2.70 2.43 2.77 2.30 0.94 0.25 0.15 0.08 0.12 0.14 0.12 2.72 2.72 2.38 2.76 2.71 1.11 0.24 0.12 0.10 0.12 0.07 0.64 2.70 2.69 1.44 1.10 0.52 1.37 0.26 0.16 0.09 0.16 0.02 1.30 2.70 2.71 0.45 0.21 0.06 0.43 0.46 0.18 0.49 0.72 0.04 1.41 2.58 2.70 0.37 0.12 0.03 0.16 0.69 0.44 0.08 0.04 0.06 0.14 0.22 0.20 0.03 0.05 0.01 0.03 0.14 0.13

