I got: 2.33 0.96 0.35 0.22 0.07 2.69 0.45 0.04 0.13 0.30 1.62 2.76 1.05 0.22 0.13 0.07 2.71 2.74 0.31 0.64 0.55 0.92 1.37 0.51 0.63 0.95 0.26 0.09 2.71 2.69 1.65 2.77 1.38 0.58 0.57 0.14 0.05 0.91 0.74 0.07 2.72 2.72 1.15 2.67 1.51 0.24 0.17 0.05 0.09 0.42 1.37 0.54 2.72 2.70 0.75 0.83 0.46 0.47 0.12 0.05 0.06 0.31 0.61 1.76 2.72 2.71 0.28 0.07 0.03 0.24 0.34 0.06 0.30 0.92 0.90 1.62 2.44 2.70 0.30 0.04 0.01 0.02 0.50 0.32 0.01 0.01 0.01 0.01 0.01 0.01 0.01 0.05 0.01 0.01 0.01 0.01 2.45 0.93 0.39 0.15 0.16 2.69 0.44 0.05 0.11 0.30 1.70 2.76 0.94 0.27 0.12 0.15 2.68 2.69 0.30 0.60 0.53 0.95 1.28 0.47 0.80 0.98 0.13 0.14 2.71 2.71 1.66 2.77 1.40 0.65 0.54 0.12 0.26 0.73 0.63 0.20 2.71 2.69 1.18 2.74 1.57 0.30 0.14 0.05 0.19 0.20 1.36 0.71 2.69 2.70 0.74 0.84 0.47 0.54 0.08 0.05 0.24 0.13 0.61 1.66 2.70 2.69 0.22 0.08 0.03 0.22 0.25 0.04 0.55 0.72 0.92 1.59 2.47 2.72 0.29 0.05 0.01 0.05 0.44 0.32 0.41 0.18 0.17 0.08 0.21 0.19 0.02 0.05 0.01 0.03 0.14 0.13

I got: 2.33 0.96 0.36 0.22 0.07 2.71 0.45 0.04 0.13 0.23 1.70 2.77 1.05 0.22 0.13 0.07 2.69 2.72 0.31 0.64 0.49 0.97 1.37 0.51 0.63 0.95 0.25 0.09 2.69 2.70 1.65 2.77 1.31 0.64 0.57 0.14 0.05 0.91 0.74 0.06 2.71 2.70 1.16 2.68 1.45 0.28 0.17 0.05 0.09 0.41 1.37 0.54 2.69 2.69 0.74 0.82 0.46 0.53 0.12 0.05 0.08 0.29 0.50 1.48 2.69 2.70 0.23 0.07 0.03 0.20 0.29 0.06 0.30 0.92 0.90 1.62 2.44 2.69 0.30 0.04 0.01 0.02 0.54 0.32 0.01 0.01 0.01 0.01 0.01 0.01 0.01 0.04 0.01 0.01 0.01 0.01 2.45 0.94 0.39 0.15 0.16 2.70 0.44 0.04 0.11 0.36 1.64 2.77 0.94 0.27 0.12 0.15 2.70 2.70 0.30 0.61 0.62 0.86 1.28 0.47 0.80 0.99 0.13 0.14 2.69 2.70 1.66 2.77 1.47 0.58 0.54 0.12 0.26 0.73 0.63 0.21 2.70 2.69 1.18 2.73 1.64 0.21 0.14 0.05 0.19 0.21 1.36 0.71 2.77 2.69 0.73 0.83 0.47 0.45 0.08 0.04 0.20 0.11 0.52 1.43 2.74 2.71 0.22 0.08 0.03 0.23 0.25 0.05 0.55 0.72 0.91 1.60 2.48 2.71 0.29 0.05 0.01 0.05 0.45 0.32 0.41 0.19 0.18 0.08 0.21 0.20 0.02 0.05 0.01 0.03 0.13 0.13

I got: 2.33 0.95 0.36 0.22 0.07 2.70 0.45 0.04 0.13 0.23 1.70 2.76 1.05 0.23 0.13 0.07 2.69 2.71 0.30 0.64 0.49 0.97 1.38 0.49 0.63 0.94 0.26 0.10 2.70 2.69 1.65 2.77 1.31 0.64 0.57 0.13 0.05 0.92 0.74 0.06 2.71 2.70 1.15 2.67 1.45 0.28 0.17 0.06 0.10 0.43 1.40 0.56 2.69 2.70 0.77 0.85 0.48 0.54 0.12 0.04 0.08 0.29 0.50 1.48 2.69 2.70 0.23 0.07 0.03 0.20 0.29 0.05 0.30 0.92 0.90 1.62 2.44 2.69 0.30 0.04 0.01 0.02 0.54 0.33 0.01 0.01 0.01 0.01 0.01 0.01 0.01 0.04 0.01 0.01 0.01 0.01 2.45 0.93 0.39 0.15 0.16 2.69 0.44 0.04 0.10 0.37 1.65 2.77 0.94 0.26 0.12 0.15 2.70 2.68 0.30 0.60 0.63 0.86 1.28 0.47 0.80 0.98 0.13 0.14 2.70 2.69 1.66 2.77 1.47 0.57 0.53 0.12 0.26 0.74 0.63 0.21 2.69 2.69 1.18 2.73 1.64 0.22 0.14 0.04 0.20 0.21 1.43 0.74 2.69 2.70 0.76 0.87 0.49 0.47 0.08 0.04 0.20 0.11 0.52 1.43 2.71 2.69 0.22 0.08 0.03 0.23 0.25 0.05 0.55 0.72 0.92 1.60 2.48 2.69 0.29 0.05 0.01 0.05 0.44 0.31 0.41 0.19 0.17 0.08 0.22 0.20 0.02 0.05 0.01 0.04 0.15 0.12

I got: 2.33 0.95 0.36 0.22 0.08 2.71 0.45 0.04 0.14 0.23 1.70 2.77 1.04 0.22 0.13 0.07 2.73 2.72 0.31 0.64 0.49 0.97 1.38 0.50 0.63 0.94 0.26 0.09 2.70 2.71 1.65 2.77 1.30 0.65 0.57 0.13 0.05 0.92 0.74 0.06 2.70 2.72 1.16 2.67 1.45 0.29 0.17 0.05 0.08 0.43 1.42 0.56 2.69 2.70 0.77 0.85 0.48 0.54 0.12 0.05 0.08 0.29 0.51 1.47 2.69 2.71 0.23 0.07 0.03 0.19 0.29 0.05 0.30 0.92 0.90 1.61 2.44 2.70 0.30 0.04 0.01 0.02 0.54 0.32 0.01 0.01 0.01 0.01 0.01 0.01 0.01 0.03 0.01 0.01 0.01 0.01 2.45 0.93 0.38 0.15 0.16 2.70 0.44 0.05 0.11 0.36 1.65 2.77 0.94 0.26 0.12 0.15 2.69 2.71 0.30 0.60 0.62 0.86 1.28 0.47 0.80 0.98 0.13 0.14 2.69 2.76 1.66 2.77 1.47 0.57 0.54 0.12 0.26 0.73 0.63 0.21 2.71 2.73 1.17 2.74 1.63 0.21 0.14 0.04 0.20 0.21 1.42 0.74 2.73 2.69 0.76 0.87 0.49 0.47 0.09 0.05 0.20 0.10 0.52 1.43 2.71 2.71 0.22 0.08 0.03 0.23 0.25 0.05 0.55 0.72 0.91 1.59 2.48 2.71 0.29 0.05 0.01 0.05 0.44 0.30 0.42 0.20 0.17 0.08 0.21 0.20 0.02 0.05 0.02 0.03 0.15 0.12

I got: 2.33 0.95 0.36 0.22 0.08 2.69 0.45 0.04 0.14 0.23 1.70 2.77 1.04 0.22 0.13 0.07 2.73 2.72 0.31 0.64 0.49 0.97 1.37 0.50 0.63 0.94 0.26 0.10 2.71 2.69 1.65 2.77 1.31 0.64 0.57 0.13 0.05 0.91 0.74 0.06 2.69 2.71 1.15 2.68 1.44 0.28 0.17 0.06 0.08 0.43 1.42 0.56 2.70 2.70 0.77 0.85 0.48 0.54 0.12 0.05 0.08 0.30 0.50 1.49 2.70 2.71 0.24 0.06 0.03 0.19 0.29 0.05 0.30 0.92 0.89 1.62 2.44 2.69 0.30 0.04 0.01 0.02 0.54 0.32 0.01 0.01 0.01 0.01 0.01 0.01 0.01 0.04 0.01 0.01 0.01 0.01 2.45 0.93 0.39 0.15 0.16 2.69 0.44 0.05 0.10 0.36 1.65 2.77 0.94 0.26 0.12 0.15 2.69 2.69 0.30 0.60 0.62 0.86 1.28 0.46 0.80 0.98 0.13 0.14 2.71 2.69 1.66 2.77 1.47 0.57 0.54 0.11 0.26 0.74 0.63 0.21 2.69 2.69 1.17 2.74 1.63 0.21 0.15 0.05 0.20 0.21 1.43 0.74 2.70 2.70 0.76 0.87 0.49 0.48 0.08 0.05 0.20 0.11 0.52 1.43 2.71 2.69 0.22 0.08 0.03 0.23 0.25 0.04 0.55 0.72 0.92 1.60 2.48 2.71 0.29 0.05 0.01 0.05 0.44 0.31 0.41 0.19 0.17 0.08 0.21 0.20 0.02 0.05 0.01 0.03 0.15 0.12

I got: 2.33 0.95 0.36 0.23 0.07 2.70 0.45 0.05 0.14 0.23 1.70 2.77 1.04 0.22 0.13 0.07 2.69 2.72 0.31 0.64 0.49 0.97 1.37 0.50 0.63 0.94 0.26 0.09 2.69 2.70 1.64 2.77 1.31 0.64 0.58 0.13 0.05 0.91 0.74 0.06 2.71 2.70 1.15 2.69 1.44 0.29 0.17 0.05 0.08 0.42 1.44 0.56 2.69 2.70 0.76 0.85 0.48 0.54 0.12 0.05 0.07 0.29 0.50 1.48 2.70 2.71 0.23 0.07 0.03 0.19 0.29 0.05 0.30 0.92 0.90 1.60 2.44 2.69 0.30 0.04 0.01 0.02 0.54 0.32 0.01 0.02 0.01 0.01 0.01 0.01 0.01 0.06 0.01 0.01 0.01 0.01 2.45 0.93 0.38 0.15 0.16 2.70 0.44 0.04 0.10 0.36 1.65 2.77 0.94 0.26 0.12 0.15 2.69 2.70 0.30 0.60 0.62 0.86 1.28 0.46 0.80 0.98 0.13 0.14 2.70 2.70 1.66 2.77 1.47 0.57 0.53 0.12 0.26 0.73 0.62 0.21 2.70 2.70 1.17 2.74 1.63 0.21 0.14 0.04 0.20 0.22 1.42 0.74 2.71 2.69 0.76 0.87 0.49 0.47 0.09 0.04 0.20 0.10 0.51 1.42 2.71 48.61 0.22 0.08 0.03 0.23 0.25 0.05 0.55 0.72 0.92 1.61 2.48 2.72 0.29 0.05 0.01 0.05 0.44 0.31 0.41 0.19 0.18 0.08 0.21 0.20 0.02 0.05 0.01 0.03 0.15 0.12

I got: 2.33 0.95 0.36 0.23 0.07 2.70 0.45 0.04 0.14 0.23 1.70 2.77 1.04 0.22 0.13 0.07 2.70 2.69 0.31 0.64 0.48 0.97 1.37 0.49 0.63 0.94 0.26 0.09 2.70 2.69 1.64 2.77 1.30 0.64 0.57 0.14 0.05 0.92 0.74 0.06 2.72 2.69 1.16 2.69 1.45 0.28 0.17 0.05 0.08 0.42 1.41 0.56 2.69 2.71 0.76 0.85 0.48 0.53 0.12 0.04 0.08 0.29 0.50 1.47 2.70 2.71 0.23 0.07 0.03 0.20 0.29 0.04 0.30 0.92 0.90 1.62 2.44 2.69 0.30 0.04 0.01 0.02 0.54 0.32 0.01 0.01 0.01 0.01 0.01 0.01 0.01 0.04 0.01 0.01 0.01 0.01 2.44 0.93 0.39 0.15 0.16 2.69 0.44 0.04 0.10 0.36 1.65 2.76 0.94 0.26 0.12 0.15 2.70 2.68 0.30 0.60 0.62 0.86 1.28 0.46 0.80 0.98 0.13 0.14 2.71 2.69 1.66 2.77 1.47 0.57 0.53 0.12 0.26 0.73 0.62 0.21 2.69 2.69 1.18 2.74 1.63 0.21 0.14 0.05 0.20 0.21 1.43 0.74 2.70 2.70 0.76 0.87 0.49 0.47 0.08 0.05 0.20 0.11 0.52 1.42 2.70 2.69 0.22 0.08 0.03 0.23 0.25 0.04 0.55 0.72 0.92 1.60 2.48 2.69 0.29 0.05 0.01 0.05 0.44 0.31 0.41 0.19 0.18 0.08 0.22 0.20 0.03 0.05 0.01 0.03 0.15 0.12

I got: 2.33 0.95 0.36 0.22 0.08 2.71 0.45 0.04 0.13 0.23 1.70 2.77 1.04 0.22 0.13 0.07 2.73 2.73 0.30 0.64 0.48 0.97 1.37 0.49 0.63 0.94 0.26 0.09 2.70 2.71 1.65 2.77 1.30 0.64 0.57 0.13 0.05 0.92 0.74 0.06 2.69 2.75 1.16 2.69 1.45 0.28 0.17 0.05 0.08 0.42 1.41 0.56 2.69 2.74 0.76 0.85 0.48 0.53 0.12 0.04 0.08 0.30 0.50 1.47 2.69 2.71 0.23 0.07 0.03 0.20 0.29 0.05 0.31 0.93 0.90 1.61 2.44 2.70 0.30 0.04 0.01 0.02 0.54 0.32 0.01 0.02 0.01 0.01 0.01 0.01 0.01 0.05 0.01 0.01 0.01 0.01 2.45 0.93 0.38 0.15 0.16 2.70 0.44 0.05 0.10 0.36 1.65 2.77 0.94 0.26 0.12 0.15 2.69 2.70 0.30 0.60 0.62 0.86 1.27 0.47 0.80 0.98 0.13 0.14 2.69 2.70 1.66 2.77 1.47 0.57 0.53 0.12 0.26 0.73 0.62 0.21 2.70 2.70 1.17 2.74 1.63 0.21 0.14 0.04 0.20 0.21 1.42 0.74 2.71 2.69 0.76 0.87 0.49 0.47 0.09 0.04 0.20 0.10 0.52 1.41 2.71 2.71 0.22 0.08 0.03 0.23 0.24 0.05 0.55 0.72 0.92 1.61 2.48 2.71 0.29 0.05 0.01 0.05 0.44 0.31 0.41 0.20 0.18 0.09 0.21 0.20 0.03 0.06 0.01 0.03 0.15 0.12

I got: 2.33 0.94 0.35 0.23 0.08 2.69 0.45 0.04 0.14 0.23 1.70 2.77 1.04 0.22 0.13 0.07 2.73 2.72 0.30 0.64 0.48 0.96 1.36 0.49 0.63 0.94 0.26 0.10 2.70 2.69 1.65 2.77 1.30 0.64 0.57 0.13 0.05 0.92 0.74 0.06 2.71 2.70 1.15 2.69 1.45 0.28 0.17 0.05 0.08 0.42 1.41 0.56 2.71 2.70 0.76 0.85 0.48 0.54 0.12 0.04 0.08 0.29 0.50 1.47 2.71 2.71 0.23 0.07 0.03 0.20 0.28 0.05 0.30 0.92 0.89 1.61 2.43 2.69 0.30 0.04 0.01 0.02 0.54 0.32 0.01 0.01 0.01 0.01 0.01 0.01 0.01 0.04 0.01 0.01 0.01 0.01 2.45 0.92 0.38 0.15 0.16 2.69 0.44 0.04 0.10 0.36 1.64 2.76 0.94 0.26 0.12 0.15 2.69 2.67 0.30 0.60 0.62 0.86 1.27 0.46 0.80 0.98 0.13 0.14 2.71 2.69 1.66 2.77 1.46 0.57 0.54 0.12 0.26 0.72 0.62 0.21 2.69 2.69 1.17 2.73 1.62 0.22 0.14 0.05 0.20 0.20 1.41 0.74 2.69 2.70 0.76 0.87 0.49 0.47 0.08 0.05 0.20 0.11 0.52 1.44 2.70 2.69 0.22 0.08 0.03 0.23 0.25 0.04 0.55 0.72 0.91 1.60 2.48 2.69 0.29 0.05 0.01 0.05 0.44 0.31 0.41 0.19 0.18 0.08 0.21 0.20 0.02 0.05 0.01 0.03 0.15 0.12

I got: 2.33 0.94 0.35 0.23 0.08 2.76 0.45 0.04 0.14 0.23 1.69 2.77 1.03 0.22 0.13 0.07 2.75 2.73 0.30 0.64 0.48 0.96 1.36 0.50 0.63 0.94 0.26 0.10 2.69 2.71 1.65 2.77 1.30 0.64 0.57 0.13 0.05 0.91 0.74 0.06 2.69 2.72 1.15 2.69 1.44 0.28 0.17 0.05 0.09 0.43 1.41 0.56 2.70 2.70 0.76 0.85 0.48 0.53 0.12 0.05 0.08 0.30 0.50 1.47 2.70 2.71 0.23 0.06 0.03 0.19 0.29 0.05 0.30 0.92 0.90 1.62 2.44 2.70 0.30 0.04 0.01 0.02 0.54 0.32 0.01 0.01 0.01 0.01 0.01 0.01 0.01 0.04 0.01 0.01 0.01 0.01 2.45 0.92 0.38 0.15 0.17 2.69 0.44 0.05 0.10 0.36 1.65 2.76 0.94 0.26 0.12 0.15 2.69 2.70 0.30 0.60 0.62 0.86 1.27 0.46 0.80 0.98 0.13 0.14 2.71 2.70 1.66 2.77 1.46 0.57 0.53 0.12 0.26 0.71 0.62 0.21 2.69 2.69 1.17 2.73 1.63 0.22 0.14 0.05 0.20 0.20 1.41 0.74 2.69 2.70 0.76 0.87 0.49 0.47 0.08 0.05 0.20 0.11 0.52 1.42 2.70 2.69 0.22 0.08 0.03 0.23 0.25 0.04 0.55 0.71 0.91 1.61 2.48 2.71 0.29 0.05 0.01 0.05 0.44 0.30 0.41 0.19 0.18 0.08 0.22 0.20 0.02 0.06 0.01 0.03 0.15 0.12

I got: 2.32 0.95 0.35 0.22 0.07 2.71 0.45 0.04 0.14 0.23 1.69 2.77 1.04 0.22 0.13 0.07 2.69 2.71 0.31 0.64 0.48 0.97 1.36 0.50 0.63 0.94 0.26 0.10 2.70 2.70 1.64 2.77 1.30 0.64 0.57 0.13 0.05 0.91 0.73 0.06 2.71 2.69 1.14 2.68 1.43 0.28 0.17 0.04 0.09 0.43 1.41 0.56 2.69 2.70 0.76 0.85 0.48 0.53 0.12 0.05 0.08 0.30 0.49 1.47 2.69 2.70 0.23 0.06 0.03 0.19 0.28 0.05 0.30 0.93 0.89 1.62 2.44 2.70 0.30 0.04 0.01 0.02 0.53 0.31 0.01 0.01 0.01 0.01 0.01 0.01 0.01 0.04 0.01 0.01 0.01 0.01 2.44 0.92 0.39 0.15 0.16 2.70 0.44 0.04 0.10 0.36 1.64 2.77 0.93 0.26 0.12 0.15 2.70 48.61 0.30 0.60 0.62 0.86 1.27 0.47 0.80 0.98 0.13 0.14 2.69 2.70 1.66 2.77 1.47 0.57 0.53 0.12 0.26 0.72 0.62 0.21 2.69 2.70 1.17 2.74 1.62 0.21 0.14 0.05 0.20 0.20 1.44 0.74 2.70 2.74 0.75 0.87 0.49 0.47 0.08 0.05 0.20 0.10 0.52 1.42 2.69 2.74 0.22 0.08 0.03 0.23 0.24 0.04 0.55 0.72 0.92 1.61 2.48 2.70 0.29 0.05 0.01 0.05 0.44 0.30 0.41 0.19 0.17 0.08 0.22 0.20 0.02 0.05 0.01 0.03 0.15 0.12

I got: 2.32 0.94 0.35 0.23 0.07 2.69 0.45 0.04 0.14 0.23 1.69 2.77 1.03 0.22 0.13 0.07 2.73 2.72 0.31 0.64 0.48 0.96 1.36 0.49 0.63 0.94 0.26 0.10 2.70 2.71 1.65 2.77 1.30 0.64 0.57 0.13 0.05 0.91 0.74 0.06 2.70 2.71 1.15 2.68 1.45 0.28 0.17 0.06 0.08 0.42 1.40 0.56 2.70 2.69 0.76 0.85 0.48 0.53 0.12 0.05 0.08 0.30 0.50 1.47 2.70 2.70 0.23 0.06 0.03 0.19 0.28 0.05 0.30 0.92 0.90 1.62 2.44 2.69 0.30 0.04 0.01 0.02 0.54 0.32 0.01 0.01 0.01 0.01 0.01 0.01 0.01 0.06 0.01 0.01 0.01 0.01 2.44 0.92 0.38 0.15 0.16 2.70 0.44 0.05 0.10 0.36 1.64 2.77 0.93 0.27 0.12 0.15 2.69 2.69 0.30 0.60 0.62 0.85 1.27 0.46 0.80 0.98 0.13 0.14 2.70 2.70 1.66 2.77 1.46 0.57 0.53 0.12 0.26 0.72 0.62 0.21 2.70 2.69 1.17 2.74 1.63 0.21 0.15 0.05 0.20 0.20 1.41 0.74 2.70 2.70 0.75 0.87 0.49 0.47 0.08 0.05 0.20 0.11 0.52 1.43 2.71 2.69 0.22 0.08 0.03 0.23 0.24 0.04 0.55 0.72 0.92 1.60 2.48 2.71 0.29 0.05 0.01 0.05 0.44 0.30 0.41 0.19 0.17 0.08 0.22 0.20 0.02 0.05 0.01 0.03 0.15 0.12

I got: 2.32 0.95 0.35 0.23 0.07 2.71 0.45 0.04 0.13 0.23 1.69 2.77 1.03 0.22 0.13 0.07 2.72 2.70 0.31 0.64 0.48 0.96 1.36 0.50 0.63 0.95 0.26 0.10 2.69 2.69 1.64 2.77 1.30 0.64 0.57 0.13 0.05 0.91 0.74 0.06 2.71 2.69 1.15 2.69 1.45 0.28 0.17 0.05 0.08 0.42 1.41 0.56 2.69 2.71 0.76 0.85 0.48 0.53 0.12 0.04 0.08 0.29 0.50 1.46 2.70 2.70 0.23 0.06 0.03 0.19 0.28 0.04 0.30 0.92 0.89 1.62 2.44 2.69 0.30 0.04 0.01 0.02 0.53 0.32 0.01 0.02 0.01 0.01 0.01 0.01 0.01 0.05 0.01 0.01 0.01 0.01 2.44 0.92 0.38 0.15 0.16 2.69 0.44 0.04 0.10 0.36 1.64 2.77 0.94 0.26 0.12 0.15 2.74 2.69 0.30 0.60 0.62 0.85 1.27 0.46 0.80 0.98 0.13 0.14 2.69 2.70 1.65 2.77 1.46 0.57 0.53 0.12 0.26 0.72 0.62 0.21 2.70 2.69 1.17 2.75 1.62 0.21 0.14 0.05 0.20 0.20 1.41 0.74 2.70 2.69 0.75 0.87 0.49 0.47 0.08 0.05 0.20 0.10 0.51 1.43 2.71 2.70 0.22 0.08 0.03 0.23 0.24 0.04 0.55 0.72 0.92 1.60 2.48 2.72 0.29 0.05 0.01 0.05 0.44 0.31 0.41 0.19 0.17 0.08 0.22 0.20 0.02 0.05 0.01 0.03 0.14 0.12

