I got: 2.40 1.31 0.65 0.31 0.07 2.71 0.05 0.01 0.02 0.75 2.29 2.77 1.37 0.47 0.20 0.04 2.73 2.73 0.01 0.02 0.58 1.68 1.67 0.58 0.74 1.28 0.37 0.07 2.70 2.71 0.26 2.10 0.53 1.27 0.81 0.17 0.12 1.14 0.86 0.09 2.71 2.72 0.33 1.80 0.34 0.63 0.36 0.07 0.07 0.67 1.74 0.65 2.71 2.71 0.57 0.05 0.06 0.57 0.30 0.07 0.08 0.56 0.92 1.95 2.71 2.72 0.47 0.04 0.01 0.02 0.56 0.08 0.37 1.20 1.31 1.79 2.45 2.69 0.45 0.06 0.01 0.02 0.91 0.34 0.04 0.01 0.01 0.01 0.01 0.01 0.01 0.01 0.01 0.01 0.01 0.01 2.52 1.31 0.67 0.23 0.18 2.69 0.06 0.01 0.02 0.77 2.36 2.77 1.27 0.49 0.13 0.18 2.70 2.67 0.02 0.02 0.57 1.72 1.57 0.54 0.91 1.31 0.25 0.18 2.69 2.69 0.27 2.10 0.53 1.37 0.77 0.15 0.36 0.97 0.76 0.24 2.69 2.68 0.34 1.84 0.35 0.73 0.33 0.07 0.30 0.45 1.71 0.81 2.69 2.69 0.58 0.07 0.06 0.66 0.25 0.06 0.33 0.34 0.90 1.86 2.70 2.68 0.46 0.07 0.01 0.05 0.51 0.07 0.63 1.00 1.33 1.78 2.47 2.72 0.46 0.05 0.01 0.02 0.91 0.32 0.42 0.18 0.18 0.06 0.21 0.18 0.06 0.10 0.01 0.03 0.02 0.05

I got: 2.41 1.31 0.65 0.31 0.07 2.72 0.05 0.01 0.02 0.75 2.29 2.77 1.37 0.47 0.20 0.04 2.74 2.74 0.01 0.02 0.58 1.68 1.67 0.58 0.73 1.28 0.38 0.07 2.70 2.71 0.26 2.11 0.53 1.27 0.81 0.17 0.12 1.16 0.86 0.09 2.69 2.70 0.33 1.81 0.34 0.64 0.36 0.07 0.07 0.67 1.73 0.65 2.69 2.71 0.57 0.05 0.06 0.57 0.29 0.07 0.08 0.56 0.93 1.95 2.70 2.71 0.47 0.04 0.01 0.02 0.56 0.08 0.37 1.20 1.31 1.79 2.45 2.70 0.45 0.06 0.01 0.02 0.91 0.34 0.06 0.01 0.01 0.01 0.01 0.01 0.01 0.01 0.01 0.01 0.01 0.01 2.52 1.31 0.68 0.23 0.18 2.70 0.07 0.01 0.02 0.77 2.36 2.76 1.27 0.49 0.13 0.18 2.68 2.70 0.02 0.02 0.57 1.72 1.57 0.54 0.91 1.31 0.25 0.18 2.70 2.70 0.27 2.10 0.53 1.37 0.77 0.15 0.36 0.98 0.75 0.24 2.69 2.69 0.34 1.84 0.35 0.73 0.33 0.06 0.30 0.45 1.71 0.81 2.70 2.70 0.58 0.07 0.06 0.66 0.25 0.05 0.33 0.35 0.90 1.86 2.69 2.69 0.46 0.07 0.01 0.05 0.51 0.07 0.62 0.99 1.33 1.78 2.48 2.70 0.45 0.05 0.01 0.02 0.91 0.32 0.41 0.18 0.19 0.07 0.21 0.18 0.06 0.09 0.01 0.03 0.02 0.05

I got: 2.41 1.31 0.65 0.31 0.07 2.70 0.05 0.01 51.77 0.75 2.30 2.76 1.38 0.47 0.20 0.04 2.73 2.72 0.01 0.02 0.58 1.68 1.67 0.58 0.74 1.28 0.38 0.08 2.71 2.70 0.26 2.11 0.53 1.27 0.81 0.16 0.12 1.15 0.85 0.08 2.77 2.72 0.33 1.80 0.34 0.64 0.36 0.08 0.07 0.67 1.72 0.65 2.70 2.69 0.57 0.05 0.06 0.57 0.30 0.06 0.08 0.55 0.92 1.95 2.76 2.71 0.47 0.04 0.01 0.02 0.56 0.08 0.37 1.20 1.31 1.79 2.45 2.72 0.45 0.06 0.01 0.02 0.90 0.34 0.05 0.01 0.01 0.01 0.01 0.01 0.01 0.01 0.01 0.01 0.01 0.01 2.52 1.30 0.68 0.23 0.18 2.70 0.06 0.01 0.02 0.77 2.36 2.77 1.26 0.49 0.12 0.18 2.69 2.68 0.02 0.02 0.57 1.72 1.57 0.54 0.92 1.31 0.25 0.18 2.70 2.70 0.27 2.10 0.53 1.37 0.77 0.15 0.35 0.98 0.76 0.24 2.69 2.70 0.34 1.85 0.35 0.74 0.33 0.07 0.30 0.45 1.71 0.81 2.70 2.70 0.58 0.07 0.06 0.66 0.25 0.06 0.33 0.34 0.91 1.85 2.69 2.69 0.46 0.07 0.01 0.05 0.51 0.07 0.62 0.99 1.33 1.78 2.48 2.69 0.45 0.05 0.01 0.02 0.91 0.33 0.42 0.18 0.18 0.07 0.21 0.19 0.06 0.10 0.01 0.03 0.02 0.05

I got: 2.40 1.32 0.65 0.31 0.07 2.69 0.05 0.01 0.02 0.75 2.29 2.77 1.37 0.46 0.20 0.04 2.73 2.73 0.01 0.02 0.58 1.67 1.66 0.57 0.73 1.27 0.38 0.07 2.69 2.69 0.26 2.11 0.53 1.27 0.81 0.17 0.12 1.14 0.85 0.08 2.72 2.71 0.33 1.79 0.34 0.63 0.36 0.07 0.07 0.67 1.73 0.65 2.71 2.72 0.58 0.05 0.06 0.56 0.30 0.06 0.08 0.55 0.92 1.95 2.71 2.72 0.47 0.04 0.01 0.02 0.56 0.07 0.37 1.20 1.31 1.79 2.44 2.69 0.45 0.07 0.01 0.02 0.90 0.35 0.06 0.02 0.01 0.01 0.01 0.01 0.01 0.01 0.01 0.01 0.01 0.01 2.52 1.30 0.68 0.23 0.18 2.70 0.06 0.01 0.02 0.77 2.36 2.77 1.26 0.49 0.13 0.18 2.68 2.70 0.02 0.03 0.57 1.72 1.57 0.54 0.91 1.32 0.25 0.18 2.70 2.69 0.27 2.10 0.53 1.37 0.78 0.15 0.36 0.97 0.76 0.24 2.70 2.68 0.34 1.85 0.35 0.73 0.33 0.06 0.30 0.45 1.72 0.81 2.70 2.68 0.58 0.07 0.06 0.65 0.25 0.06 0.33 0.33 0.91 1.85 2.70 2.69 0.46 0.07 0.01 0.05 0.51 0.07 0.62 0.99 1.34 1.78 2.47 2.72 0.45 0.05 0.01 0.02 0.91 0.33 0.42 0.19 0.18 0.07 0.21 0.18 0.07 0.10 0.01 0.03 0.02 0.05

I got: 2.40 1.31 0.65 0.31 0.07 2.71 0.05 0.01 0.02 0.75 2.29 2.77 1.37 0.47 0.20 0.04 2.72 2.78 0.01 0.02 0.58 1.67 1.66 0.58 0.73 1.28 0.38 0.07 2.69 2.73 0.26 2.11 0.53 1.27 0.81 0.17 0.12 1.14 0.85 0.08 2.72 2.72 0.33 1.81 0.34 0.64 0.37 0.07 0.07 0.67 1.73 0.65 2.72 2.69 0.57 0.05 0.06 0.57 0.29 0.07 0.08 0.55 0.92 1.95 2.70 2.71 0.47 0.04 0.01 0.02 0.56 0.08 0.37 1.19 1.31 1.79 2.44 2.70 0.45 0.07 0.01 0.02 0.91 0.34 0.04 0.02 0.01 0.01 0.01 0.01 0.01 0.01 0.01 0.01 0.01 0.01 2.52 1.31 0.67 0.23 0.18 2.69 0.06 0.01 0.02 0.77 2.35 2.77 1.27 0.49 0.13 0.18 2.69 2.68 0.02 0.03 0.57 1.72 1.57 0.55 0.92 1.31 0.25 0.18 2.70 2.70 0.27 2.11 0.53 1.37 0.77 0.15 0.35 0.98 0.76 0.24 2.69 2.69 0.34 1.86 0.35 0.73 0.34 0.06 0.30 0.45 1.71 0.81 2.69 2.70 0.58 0.07 0.06 0.66 0.25 0.06 0.33 0.32 0.90 1.86 2.69 2.69 0.46 0.07 0.01 0.05 0.50 0.07 0.62 1.00 1.33 1.79 2.47 2.69 0.45 0.05 0.01 0.02 0.91 0.33 0.42 0.18 0.18 0.06 0.21 0.19 0.06 0.09 0.01 0.03 0.02 0.05

I got: 2.40 1.31 0.65 0.31 0.07 2.69 0.05 0.01 0.02 0.75 2.29 2.77 1.37 0.46 0.20 0.04 2.73 2.74 0.01 0.02 0.58 1.67 1.66 0.57 0.74 1.28 0.38 0.07 2.70 2.69 0.26 2.11 0.53 1.27 0.81 0.17 0.12 1.15 0.86 0.09 2.72 2.72 0.33 1.81 0.34 0.64 0.36 0.07 0.07 0.67 1.73 0.65 2.71 2.71 0.57 0.05 0.06 0.56 0.29 0.07 0.08 0.56 0.92 1.94 2.71 2.73 0.47 0.04 0.01 0.02 0.56 0.08 0.36 1.19 1.31 1.79 2.44 2.69 0.45 0.06 0.01 0.02 0.91 0.35 0.05 0.01 0.01 0.01 0.01 0.01 0.01 0.01 0.01 0.01 0.01 0.01 2.52 1.30 0.68 0.23 0.18 2.69 0.06 0.01 0.02 0.77 2.35 2.77 1.26 0.49 0.12 0.18 2.68 2.68 0.02 0.02 0.57 1.71 1.57 0.54 0.92 1.31 0.25 0.18 2.69 2.69 0.27 2.11 0.53 1.37 0.77 0.15 0.35 0.97 0.76 0.24 2.70 2.69 0.34 1.86 0.35 0.74 0.33 0.06 0.30 0.45 1.72 0.81 2.70 2.69 0.58 0.07 0.06 0.66 0.25 0.06 0.33 0.34 0.90 1.85 2.74 2.69 0.46 0.07 0.01 0.05 0.51 0.07 0.62 0.99 1.33 1.78 2.47 2.70 0.45 0.05 0.01 0.02 0.91 0.32 0.42 0.19 0.19 0.06 0.21 0.19 0.06 0.10 0.01 0.03 0.02 0.05

I got: 2.40 1.31 0.65 0.31 0.07 2.69 0.05 0.01 0.02 0.75 2.29 2.77 1.37 0.47 0.20 0.04 2.72 2.74 0.01 0.02 0.58 1.67 1.66 0.58 0.73 1.28 0.38 0.08 2.71 2.70 0.26 2.11 0.53 1.27 0.81 0.17 0.12 1.15 0.86 0.08 2.72 2.70 0.33 1.80 0.34 0.63 0.36 0.07 0.07 0.68 1.72 0.64 2.70 2.71 0.57 0.05 0.06 0.56 0.30 0.07 0.08 0.55 0.92 1.94 2.71 2.73 0.47 0.04 0.01 0.02 0.56 0.07 0.37 1.19 1.31 1.79 2.44 2.70 0.45 0.06 0.01 0.03 0.90 0.35 0.04 0.01 0.01 0.01 0.01 0.01 0.01 0.01 0.01 0.01 0.01 0.01 2.52 1.30 0.68 0.23 0.18 2.70 0.07 0.01 0.02 0.77 2.35 2.77 1.26 0.49 0.12 0.18 2.69 2.70 0.02 0.02 0.57 1.71 1.57 0.54 0.92 1.31 0.25 0.18 2.70 2.69 0.27 2.11 0.54 1.37 0.77 0.15 0.35 0.96 0.75 0.24 2.70 2.70 0.34 1.86 0.35 0.73 0.33 0.07 0.30 0.45 1.71 0.81 2.70 2.69 0.58 0.07 0.06 0.66 0.25 0.06 0.33 0.33 0.90 1.85 2.70 2.69 48.61 0.07 0.01 0.05 0.50 0.06 0.62 1.00 1.33 1.78 2.47 2.71 0.46 0.05 0.01 0.02 0.91 0.32 0.42 0.18 0.18 0.06 0.21 0.19 0.06 0.09 0.01 0.03 0.02 0.05

I got: 2.40 1.31 0.65 0.31 0.07 2.71 0.06 0.01 0.02 0.75 2.29 2.77 1.37 0.47 0.20 0.04 2.75 2.74 0.01 0.02 0.58 1.67 1.66 0.58 0.74 1.28 0.38 0.07 2.70 2.71 0.26 2.11 0.53 1.27 0.81 0.17 0.12 1.14 0.85 0.08 2.70 2.72 0.33 1.79 0.33 0.63 0.36 0.07 0.07 0.67 1.71 0.64 2.69 2.69 0.57 0.05 0.06 0.57 0.29 0.07 0.08 0.55 0.92 1.94 2.72 2.72 0.47 0.04 0.01 0.02 0.56 0.07 0.36 1.19 1.30 1.80 2.44 2.70 0.45 0.07 0.01 0.02 0.91 0.34 0.04 0.02 0.01 0.01 0.01 0.01 0.01 0.01 0.01 0.01 0.01 0.01 2.52 1.29 0.68 0.23 0.18 2.69 0.06 0.01 0.02 0.77 2.35 2.77 1.26 0.50 0.12 0.18 2.69 2.69 0.02 0.02 0.57 1.72 1.57 0.54 0.92 1.32 0.25 0.18 2.70 2.74 0.27 2.11 0.53 1.37 0.78 0.16 0.35 0.96 0.75 0.24 2.69 2.74 0.34 1.85 0.34 0.73 0.33 0.07 0.30 0.46 1.71 0.81 2.72 2.70 0.58 0.07 0.06 0.65 0.25 0.06 0.33 0.33 0.90 1.85 2.68 2.70 0.46 0.07 0.01 0.05 0.50 0.06 0.62 0.99 1.33 1.78 2.47 2.71 0.46 0.05 0.01 0.02 0.91 0.32 0.42 0.18 0.19 0.06 0.21 0.19 0.06 0.10 0.01 0.03 0.02 0.05

I got: 2.39 1.31 0.65 0.31 0.07 2.69 0.06 0.01 0.02 0.75 2.29 2.77 1.37 0.46 0.20 0.04 2.74 2.74 0.01 0.02 0.58 1.67 1.66 0.57 0.74 1.27 0.37 0.08 2.71 2.69 0.26 2.11 0.53 1.27 0.81 0.16 0.12 1.14 0.85 0.08 2.70 2.70 0.33 1.79 0.33 0.63 0.36 0.08 0.07 0.67 1.71 0.64 2.70 2.72 0.57 0.05 0.06 0.56 0.29 0.06 0.08 0.56 0.92 1.94 2.70 2.71 0.47 0.04 0.01 0.02 0.56 0.08 0.37 1.20 1.31 1.80 2.44 2.69 0.45 0.06 0.01 0.02 0.90 0.34 0.07 0.02 0.01 0.01 0.01 0.01 0.01 0.01 0.01 0.01 0.01 0.01 2.51 1.30 0.68 0.23 0.18 2.70 0.06 0.01 0.02 0.77 2.35 2.77 1.26 0.50 0.13 0.18 2.69 2.70 0.02 0.02 0.57 1.71 1.57 0.54 0.92 1.32 0.25 0.18 2.70 2.69 0.27 2.11 0.53 1.37 0.77 0.15 0.35 0.96 0.75 0.24 2.70 2.70 0.34 1.84 0.35 0.73 0.33 0.07 0.30 0.45 1.71 0.81 2.71 2.68 0.58 0.07 0.06 0.66 0.25 0.06 0.33 0.33 0.90 1.85 2.70 2.68 0.46 0.07 0.01 0.05 0.50 0.06 0.62 1.00 1.33 1.78 2.47 2.72 0.46 0.05 0.01 0.02 0.91 0.32 0.41 0.18 0.18 0.06 0.21 0.19 0.06 0.10 0.02 0.03 0.02 0.05

I got: 2.39 1.31 0.65 0.31 0.07 2.71 0.05 0.01 0.02 0.75 2.29 2.77 1.37 0.47 0.20 0.04 2.74 2.72 0.01 0.02 0.58 1.67 1.66 0.58 0.74 1.28 0.38 0.08 2.70 2.71 0.26 2.12 0.53 1.27 0.81 0.16 0.12 1.14 0.85 0.08 2.72 2.72 0.33 1.79 0.33 0.63 0.36 0.07 0.06 0.67 1.71 0.64 2.69 2.69 0.57 0.05 0.06 0.57 0.29 0.07 0.08 0.55 0.92 1.94 2.72 2.72 0.47 0.05 0.01 0.02 0.56 0.07 0.37 1.19 1.31 1.79 2.44 2.70 0.45 0.06 0.01 0.02 0.91 0.35 0.07 0.02 0.01 0.01 0.01 0.01 0.01 0.01 0.01 0.01 0.01 0.01 2.51 1.30 0.68 0.23 0.18 2.69 0.06 0.01 0.02 0.77 2.35 2.77 1.26 0.50 0.12 0.18 2.69 2.71 0.02 0.02 0.57 1.71 1.57 0.54 0.91 1.32 0.25 0.18 2.70 2.71 0.27 2.11 0.53 1.37 0.77 0.15 0.35 0.96 0.75 0.24 2.70 2.70 0.34 1.84 0.34 0.73 0.33 0.06 0.30 0.45 1.72 0.81 2.71 2.70 0.58 0.07 0.06 0.66 0.25 0.06 0.33 0.33 0.90 1.85 2.69 2.69 0.46 0.08 0.01 0.05 0.50 0.07 0.62 1.00 1.33 1.78 2.47 2.70 0.45 0.05 0.01 0.02 0.91 0.32 0.41 0.18 0.19 0.07 0.21 0.19 0.07 0.09 0.01 0.03 0.02 0.05

I got: 2.39 1.31 0.65 0.31 0.07 2.71 0.05 0.01 0.02 0.75 2.29 2.76 1.37 0.46 0.20 0.04 2.73 2.72 0.01 0.02 0.58 1.67 1.66 0.57 0.74 1.28 0.38 0.07 2.70 2.69 0.26 2.12 0.53 1.27 0.81 0.16 0.12 1.14 0.85 0.08 2.72 2.71 0.33 1.79 0.33 0.63 0.36 0.08 0.07 0.67 1.71 0.64 2.69 2.70 0.57 0.05 0.06 0.56 0.29 0.07 0.08 0.55 0.92 1.94 2.71 2.72 0.47 0.04 0.01 0.02 0.56 0.07 0.37 1.19 1.31 1.79 2.44 2.69 0.45 0.07 0.01 0.02 0.90 0.34 0.05 0.01 0.01 0.01 0.01 0.01 0.01 0.01 0.01 0.01 0.01 0.01 2.52 1.30 0.67 0.23 0.18 2.69 0.06 0.01 0.02 0.77 2.35 2.77 1.26 0.50 0.12 0.18 2.68 2.68 0.02 0.02 0.57 1.71 1.57 0.54 0.92 1.32 0.25 0.18 2.69 2.69 0.27 2.12 0.53 1.37 0.78 0.15 0.35 0.96 0.76 0.24 2.70 2.68 0.34 1.84 0.35 0.73 0.33 0.06 0.30 0.45 1.72 0.81 2.70 2.69 0.58 0.07 0.06 0.66 0.25 0.06 0.33 0.32 0.90 1.85 2.69 2.69 0.46 0.07 0.01 0.05 0.50 0.07 0.62 0.99 1.33 1.78 2.47 2.70 0.45 0.05 0.01 0.02 0.91 0.33 0.41 0.19 0.18 0.07 0.21 0.19 0.07 0.10 0.01 0.03 0.02 0.05

I got: 2.39 1.30 0.65 0.31 0.07 2.70 0.05 0.01 0.02 0.75 2.29 2.77 1.37 0.46 0.20 0.04 2.74 2.74 0.01 0.02 0.58 1.66 1.66 0.57 0.74 1.28 0.38 0.07 2.70 2.70 0.26 2.12 0.53 1.27 0.81 0.17 0.12 1.15 0.85 0.08 2.69 2.74 0.33 1.80 0.34 0.63 0.36 0.07 0.07 0.67 1.71 0.64 2.69 2.77 0.57 0.05 0.06 0.56 0.29 0.06 0.08 0.55 0.92 1.94 2.70 2.72 0.47 0.04 0.01 0.02 0.56 0.08 0.37 1.19 1.31 1.79 2.44 2.70 0.45 0.07 0.01 0.02 0.91 0.35 0.03 0.02 0.01 0.01 0.01 0.01 0.01 0.01 0.01 0.01 0.01 0.01 2.51 1.29 0.67 0.23 0.18 2.70 0.06 0.01 0.02 0.76 2.35 2.77 1.26 0.50 0.13 0.18 2.69 2.69 0.02 0.02 0.57 1.71 1.56 0.54 0.92 1.31 0.25 0.18 2.70 2.70 0.27 2.12 0.53 1.37 0.78 0.15 0.35 0.96 0.75 0.24 2.70 2.70 0.34 1.85 0.35 0.73 0.33 0.06 0.30 0.46 1.71 0.81 2.70 2.70 0.58 0.07 0.06 0.65 0.25 0.06 0.33 0.32 0.89 1.84 2.69 2.69 0.46 0.07 0.01 0.05 0.50 0.07 0.62 0.99 1.33 1.78 2.47 2.69 0.46 0.05 0.01 0.02 0.91 0.33 0.41 0.19 0.18 0.07 0.21 0.19 0.07 0.10 0.02 0.03 0.02 0.05

I got: 2.39 1.30 0.65 0.31 0.07 2.70 0.05 0.01 0.02 0.75 2.28 2.77 1.37 0.46 0.20 0.04 2.74 2.74 0.01 0.02 0.58 1.66 1.66 0.57 0.73 1.28 0.38 0.08 2.71 2.69 0.26 2.12 0.53 1.27 0.81 0.17 0.12 1.15 0.86 0.08 2.72 2.71 0.33 1.80 0.34 0.63 0.37 0.08 0.07 0.67 1.71 0.64 2.72 2.71 0.57 0.05 0.06 0.56 0.29 0.06 0.08 0.55 0.92 1.94 2.72 2.72 0.47 0.04 0.01 0.02 0.55 0.08 0.37 1.19 1.31 1.79 2.44 2.69 0.45 0.07 0.01 0.02 0.90 0.34 0.05 0.01 0.01 0.01 0.01 0.01 0.01 0.01 0.01 0.01 0.01 0.01 2.51 1.30 0.67 0.23 0.18 2.69 0.06 0.01 0.02 0.76 2.35 2.77 1.26 0.49 0.12 0.18 2.68 2.68 0.02 0.03 0.56 1.71 1.56 0.54 0.91 1.32 0.25 0.18 2.70 2.69 0.27 2.12 0.53 1.37 0.78 0.16 0.35 0.96 0.75 0.24 2.70 2.69 0.34 1.85 0.34 0.73 0.33 0.07 0.30 0.45 1.71 0.81 2.69 2.70 0.58 0.07 0.06 0.66 0.25 0.06 0.33 0.33 0.90 1.85 2.70 2.69 0.46 0.08 0.01 0.05 0.50 0.07 0.62 1.00 1.33 1.78 2.47 2.71 0.46 0.05 0.01 0.02 0.91 0.32 0.41 0.18 0.19 0.07 0.21 0.19 0.06 0.09 0.01 0.03 0.02 0.05

