I got: 2.77 1.70 0.58 0.21 0.03 2.71 0.13 0.04 0.22 0.88 2.38 2.76 1.44 0.43 0.16 0.03 2.71 2.71 0.29 0.61 0.82 1.33 1.45 0.53 0.62 1.20 0.31 0.03 2.71 2.69 1.59 2.77 1.60 1.10 0.68 0.15 0.05 0.95 0.82 0.06 2.70 2.70 1.14 2.77 1.62 0.60 0.27 0.06 0.06 0.46 1.29 0.66 2.70 2.71 0.74 1.27 0.59 1.07 0.27 0.06 0.05 0.43 0.51 1.33 2.69 2.70 0.15 0.22 0.06 0.46 0.50 0.08 0.32 1.02 0.92 1.28 2.26 2.69 0.09 0.11 0.03 0.16 1.03 0.31 0.07 0.01 0.01 0.01 0.01 0.01 0.01 0.01 0.01 0.01 0.01 0.01 2.77 1.75 0.63 0.16 0.11 2.68 0.14 0.03 0.19 1.06 2.40 2.77 1.35 0.44 0.10 0.10 2.69 2.70 0.28 0.57 0.95 1.24 1.34 0.49 0.82 1.23 0.17 0.11 2.70 2.69 1.61 2.77 1.77 1.06 0.60 0.12 0.28 0.81 0.72 0.18 2.69 2.69 1.19 2.77 1.84 0.57 0.21 0.04 0.24 0.27 1.28 0.78 2.70 2.69 0.74 1.27 0.61 1.02 0.19 0.04 0.25 0.22 0.51 1.27 2.71 2.70 0.15 0.21 0.07 0.50 0.41 0.06 0.58 0.83 0.90 1.24 2.26 2.70 0.10 0.11 0.04 0.20 0.92 0.29 0.42 0.15 0.17 0.07 0.20 0.12 0.11 0.06 0.02 0.05 0.15 0.13

I got: 2.77 1.69 0.58 0.21 0.03 2.78 0.13 0.04 0.22 0.88 2.37 2.77 1.44 0.43 0.16 0.03 2.71 2.73 0.29 0.61 0.83 1.33 1.45 0.53 0.63 1.20 0.30 0.04 2.70 2.70 1.59 2.77 1.61 1.10 0.67 0.15 0.05 0.95 0.82 0.06 2.71 2.70 1.15 2.77 1.63 0.60 0.27 0.07 0.06 0.46 1.29 0.66 2.69 2.70 0.74 1.27 0.59 1.07 0.27 0.07 0.05 0.41 0.52 1.34 2.69 2.73 0.15 0.22 0.06 0.46 0.50 0.08 0.33 1.01 0.92 1.28 2.26 2.70 0.09 0.11 0.03 0.16 1.03 0.31 0.08 0.01 0.01 0.01 0.01 0.01 0.01 0.01 0.01 0.01 0.01 0.01 2.77 1.74 0.63 0.16 0.11 2.69 0.14 0.03 0.19 1.05 2.39 2.77 1.36 0.44 0.11 0.10 2.70 2.68 0.28 0.57 0.95 1.25 1.34 0.49 0.82 1.23 0.17 0.11 2.70 2.71 1.60 2.77 1.77 1.06 0.60 0.12 0.27 0.82 0.72 0.18 2.70 2.70 1.19 2.77 1.84 0.57 0.21 0.04 0.24 0.28 1.27 0.79 2.70 2.69 0.74 1.27 0.61 1.03 0.19 0.04 0.25 0.24 0.51 1.28 2.71 2.69 0.15 0.21 0.07 0.50 0.42 0.05 0.58 0.83 0.90 1.25 2.28 2.70 0.10 0.11 0.04 0.20 0.92 0.29 0.41 0.14 0.16 0.06 0.20 0.12 0.11 0.06 0.02 0.05 0.15 0.12

I got: 2.77 1.68 0.58 0.21 0.03 2.72 0.13 0.04 0.22 0.88 2.36 2.77 1.45 0.43 0.16 0.03 2.71 2.73 0.29 0.61 0.83 1.33 1.45 0.53 0.63 1.20 0.30 0.03 2.70 2.69 1.59 2.77 1.62 1.11 0.67 0.15 0.06 0.95 0.82 0.06 2.70 2.71 1.14 2.77 1.64 0.60 0.27 0.07 0.06 0.46 1.29 0.66 2.70 2.70 0.74 1.27 0.60 1.07 0.26 0.06 0.05 0.41 0.52 1.34 2.70 2.70 0.15 0.22 0.06 0.47 0.50 0.07 0.33 1.02 0.93 1.29 2.26 2.69 0.10 0.11 0.03 0.16 1.03 0.32 0.07 0.02 0.01 0.01 0.01 0.01 0.01 0.01 0.01 0.01 0.01 0.01 2.77 1.73 0.62 0.16 0.11 2.68 0.13 0.04 0.19 1.04 2.38 2.77 1.36 0.44 0.11 0.10 2.68 2.70 0.29 0.57 0.95 1.25 1.35 0.49 0.82 1.23 0.17 0.11 2.69 2.69 1.61 2.77 1.77 1.07 0.61 0.12 0.27 0.82 0.73 0.19 2.69 2.69 1.20 2.77 1.85 0.58 0.21 0.04 0.24 0.29 1.27 0.79 2.70 2.69 0.74 1.27 0.61 1.04 0.19 0.05 0.24 0.24 0.50 1.29 2.69 2.70 0.15 0.21 0.07 0.50 0.42 0.05 0.58 0.84 0.91 1.25 2.27 2.70 0.10 0.11 0.04 0.19 0.93 0.29 0.41 0.13 0.16 0.06 0.20 0.12 0.12 0.06 0.02 0.05 0.14 0.12

I got: 2.77 1.68 0.58 0.21 0.03 2.74 0.13 0.04 0.22 0.88 2.36 2.76 1.44 0.43 0.16 0.03 2.73 2.73 0.29 0.61 0.83 1.33 1.45 0.53 0.63 1.21 0.30 0.03 2.73 2.70 1.59 2.77 1.62 1.11 0.67 0.15 0.06 0.95 0.82 0.07 2.71 2.69 1.15 2.77 1.64 0.60 0.26 0.07 0.06 0.45 1.29 0.66 2.69 2.71 0.74 1.27 0.60 1.07 0.26 0.06 0.05 0.41 0.52 1.34 2.69 2.71 0.15 0.22 0.06 0.47 0.50 0.08 0.34 1.01 0.93 1.28 2.26 2.70 0.10 0.11 0.03 0.16 1.03 0.32 0.07 0.01 0.01 0.01 0.01 0.01 0.01 0.01 0.01 0.01 0.01 0.01 2.77 1.72 0.62 0.16 0.12 2.70 0.13 0.04 0.19 1.04 2.38 2.76 1.37 0.44 0.11 0.10 2.70 2.69 0.28 0.57 0.95 1.25 1.35 0.49 0.81 1.23 0.17 0.11 2.70 2.71 1.61 2.77 1.77 1.07 0.61 0.13 0.27 0.82 0.73 0.18 2.71 2.70 1.20 2.77 1.84 0.58 0.21 0.05 0.23 0.29 1.27 0.79 2.69 2.69 0.74 1.28 0.61 1.04 0.20 0.05 0.24 0.24 0.50 1.29 2.72 2.69 0.15 0.21 0.07 0.50 0.43 0.05 0.58 0.84 0.92 1.26 2.28 2.71 0.10 0.11 0.04 0.20 0.93 0.29 0.41 0.13 0.16 0.06 0.20 0.12 0.11 0.06 0.02 0.05 0.14 0.12

I got: 2.77 1.67 0.58 0.20 0.03 2.71 0.13 0.04 0.22 0.88 2.35 2.77 1.44 0.43 0.16 0.03 2.73 2.71 0.29 0.62 0.84 1.33 1.45 0.54 0.64 1.21 0.30 0.04 2.69 2.69 1.59 2.77 1.62 1.10 0.67 0.15 0.07 0.95 0.82 0.07 2.70 2.71 1.15 2.77 1.64 0.60 0.26 0.07 0.06 0.45 1.29 0.66 2.71 2.70 0.74 1.27 0.60 1.08 0.26 0.07 0.05 0.41 0.52 1.34 2.69 2.70 0.15 0.21 0.07 0.47 0.50 0.08 0.34 1.01 0.93 1.28 2.26 2.69 0.09 0.11 0.03 0.16 1.02 0.32 0.04 0.02 0.01 0.01 0.01 0.01 0.01 0.01 0.01 0.01 0.01 0.01 2.77 1.72 0.62 0.16 0.11 2.69 0.13 0.04 0.19 1.04 2.38 2.76 1.37 0.44 0.11 0.10 2.69 2.68 0.29 0.57 0.95 1.25 1.35 0.49 0.82 1.23 0.18 0.11 2.69 2.70 1.61 2.77 1.77 1.07 0.61 0.12 0.27 0.82 0.73 0.18 2.69 2.70 1.20 48.61 1.84 0.58 0.22 0.05 0.23 0.30 1.27 0.79 2.69 2.70 0.74 1.28 0.61 1.04 0.19 0.05 0.24 0.24 0.51 1.29 2.70 2.73 0.15 0.21 0.07 0.50 0.43 0.05 0.57 0.85 0.91 1.26 2.28 2.72 0.10 0.11 0.04 0.19 0.94 0.28 0.41 0.13 0.16 0.05 0.20 0.12 0.11 0.06 0.02 0.05 0.14 0.12

I got: 2.77 1.67 0.58 0.20 0.03 2.70 0.13 0.04 0.22 0.87 2.35 2.76 1.44 0.43 0.16 0.03 2.73 2.71 0.29 0.61 0.83 1.33 1.45 0.53 0.64 1.21 0.29 0.04 2.70 2.70 1.60 2.77 1.62 1.10 0.67 0.15 0.07 0.95 0.82 0.06 2.70 2.70 1.15 2.77 1.65 0.60 0.26 0.07 0.06 0.45 1.29 0.66 2.70 2.70 0.74 1.27 0.60 1.07 0.26 0.07 0.05 0.40 0.52 1.34 2.69 2.70 0.15 0.22 0.07 0.47 0.50 0.07 0.34 1.01 0.93 1.28 2.27 2.69 0.10 0.11 0.03 0.16 1.03 0.33 0.07 0.02 0.01 0.01 0.01 0.01 0.01 0.01 0.01 0.01 0.01 0.01 2.77 1.71 0.61 0.16 0.12 2.68 0.13 0.04 0.19 1.03 2.37 2.77 1.37 0.44 0.11 0.10 2.68 2.69 0.29 0.57 0.95 1.25 1.35 0.49 0.81 1.23 0.18 0.11 2.69 2.69 1.60 2.77 1.77 1.07 0.61 0.12 0.27 0.83 0.73 0.18 2.70 2.69 1.20 2.77 1.85 0.58 0.22 0.04 0.24 0.30 1.27 0.79 2.70 2.70 0.74 1.28 0.61 1.03 0.20 0.04 0.24 0.24 0.50 1.29 2.70 2.70 0.15 0.21 0.07 0.50 0.43 0.06 0.57 0.85 0.91 1.26 2.28 2.69 0.10 0.11 0.03 0.20 0.93 0.29 0.41 0.14 0.16 0.06 0.19 0.12 0.12 0.06 0.02 0.05 0.14 0.12

I got: 2.77 1.67 0.58 0.20 0.03 2.72 0.13 0.04 0.22 0.87 2.35 2.77 1.43 0.43 0.16 0.03 2.69 2.72 0.29 0.61 0.83 1.33 1.45 0.53 0.64 1.21 0.30 0.04 2.70 2.71 1.60 2.77 1.62 1.10 0.67 0.16 0.07 0.96 0.82 0.07 2.71 2.69 1.16 2.77 1.66 0.60 0.27 0.06 0.06 0.45 1.29 0.66 2.69 2.71 0.74 1.27 0.60 1.08 0.26 0.07 0.06 0.40 0.52 1.34 2.70 2.71 0.15 0.22 0.07 0.47 0.49 0.07 0.34 1.01 0.93 1.28 2.27 2.69 0.09 0.11 0.03 0.16 1.02 0.32 0.06 0.01 0.01 0.01 0.01 0.01 0.01 0.01 0.01 0.01 0.01 0.01 2.77 1.70 0.61 0.16 0.11 2.69 0.13 0.04 0.19 1.03 2.37 2.77 1.36 0.43 0.11 0.10 2.70 2.74 0.28 0.56 0.95 1.25 1.35 0.49 0.81 1.23 0.18 0.11 2.73 2.71 1.61 2.77 1.77 1.07 0.61 0.12 0.27 0.83 0.74 0.18 2.73 2.70 1.20 2.77 1.85 0.58 0.22 0.04 0.23 0.29 1.27 0.78 2.69 2.69 0.74 1.28 0.61 1.03 0.20 0.04 0.24 0.24 0.50 1.29 2.70 2.70 0.15 0.21 0.07 0.51 0.43 0.06 0.57 0.85 0.91 1.26 2.27 2.70 0.09 0.11 0.04 0.20 0.93 0.29 0.41 0.14 0.16 0.05 0.28 0.19 0.12 0.06 0.02 0.05 0.14 0.12

I got: 2.77 1.66 0.58 0.23 0.07 2.69 0.13 0.04 0.22 0.87 2.35 2.76 1.43 0.43 0.17 0.07 2.71 2.72 0.29 0.61 0.83 1.33 1.45 0.53 0.64 1.21 0.29 0.06 2.70 2.69 1.60 2.77 1.63 1.10 0.67 0.15 0.07 0.95 0.83 0.07 2.70 2.70 1.15 2.77 1.65 0.60 0.26 0.07 0.06 0.45 1.29 0.65 2.71 2.71 0.74 1.27 0.60 1.07 0.26 0.07 0.06 0.41 0.53 1.34 2.69 2.71 0.15 0.21 0.07 0.47 0.49 0.08 0.34 1.00 0.93 1.28 2.27 2.69 0.09 0.11 0.03 0.16 1.02 0.32 0.05 0.01 0.01 0.01 0.01 0.01 0.01 0.01 0.01 0.01 0.01 0.01 2.77 1.70 0.61 0.16 0.11 2.68 0.13 0.04 0.18 1.03 2.37 2.76 1.36 0.43 0.11 0.10 2.68 2.69 0.28 0.57 0.94 1.25 1.35 0.49 0.81 1.23 0.18 0.11 2.69 2.69 1.61 2.77 1.77 1.07 0.61 0.12 0.27 0.82 0.74 0.18 2.69 2.69 1.20 2.77 1.85 0.58 0.22 0.04 0.23 0.29 1.27 0.79 2.69 2.70 0.74 1.28 0.61 1.04 0.20 0.04 0.24 0.24 0.50 1.29 2.69 2.70 0.15 0.22 0.07 0.51 0.44 0.06 0.57 0.85 0.91 1.27 2.30 2.69 0.10 0.12 0.04 0.20 0.94 0.29 0.40 0.14 0.16 0.05 0.20 0.12 0.12 0.06 0.02 0.05 0.14 0.12

I got: 2.77 1.66 0.58 0.21 0.04 2.72 0.13 0.04 0.22 0.87 2.34 2.76 1.43 0.43 0.17 0.05 2.71 2.72 0.29 0.61 0.84 1.33 1.44 0.54 0.65 1.21 0.29 0.04 2.70 2.71 1.60 2.77 1.63 1.10 0.67 0.15 0.07 0.95 0.83 0.07 2.71 2.70 1.15 2.77 1.66 0.60 0.26 0.07 0.06 0.45 1.30 0.66 2.69 2.71 0.74 1.27 0.60 1.07 0.26 0.06 0.05 0.41 0.53 1.34 2.75 2.71 0.16 0.21 0.07 0.47 0.50 0.08 0.34 1.01 0.93 1.28 2.28 2.69 0.10 0.11 0.03 0.16 1.03 0.32 0.06 0.01 0.01 0.01 0.02 0.01 0.01 0.01 0.01 0.01 0.01 0.01 2.77 1.70 0.61 0.16 0.11 2.68 0.13 0.04 0.18 1.03 2.36 2.77 1.36 0.43 0.11 0.10 2.68 2.70 0.28 0.56 0.94 1.25 1.35 0.49 0.81 1.23 0.18 0.12 2.69 2.69 1.61 2.77 1.77 1.07 0.61 0.12 0.27 0.83 0.73 0.19 2.69 2.70 1.21 2.77 1.85 0.58 0.22 0.05 0.23 0.28 1.27 0.79 2.70 2.70 0.74 1.28 0.61 1.04 0.20 0.05 0.24 0.25 0.50 1.30 2.70 48.61 0.15 0.22 0.07 0.50 0.43 0.05 0.57 0.86 0.92 1.27 2.29 2.71 0.10 0.11 0.04 0.20 0.94 0.28 0.41 0.14 0.16 0.05 0.20 0.12 0.11 0.06 0.02 0.05 0.14 0.12

I got: 2.77 1.66 0.58 0.20 0.03 2.72 0.13 0.04 0.22 0.87 2.34 2.76 1.42 0.43 0.16 0.03 2.70 2.71 0.29 0.61 0.83 1.33 1.44 0.53 0.65 1.21 0.30 0.03 2.69 2.70 1.59 2.77 1.63 1.11 0.67 0.15 0.07 0.95 0.82 0.06 2.71 2.69 1.15 2.77 1.66 0.60 0.26 0.07 0.06 0.45 1.29 0.66 2.69 2.69 0.74 1.27 0.60 1.07 0.26 0.06 0.06 0.41 0.53 1.34 2.70 2.70 0.15 0.21 0.07 0.47 0.49 0.07 0.34 1.01 0.93 1.28 2.26 2.71 0.09 0.11 0.03 0.16 1.03 0.32 0.05 0.02 0.01 0.01 0.01 0.01 0.01 0.01 0.00 0.01 0.01 0.01 2.77 1.69 0.60 0.16 0.12 2.69 0.13 0.04 0.18 1.03 2.36 2.76 1.35 0.43 0.11 0.10 2.70 2.69 0.28 0.56 0.94 1.25 1.35 0.49 0.82 1.23 0.18 0.11 2.70 2.71 1.61 2.77 1.77 1.07 0.61 0.12 0.27 0.83 0.74 0.18 2.70 2.70 1.20 2.77 1.85 0.59 0.22 0.05 0.23 0.28 1.27 0.79 2.70 2.69 0.74 1.28 0.61 1.04 0.20 0.05 0.24 0.24 0.50 1.30 2.71 2.69 0.15 0.22 0.07 0.51 0.43 0.06 0.57 0.85 0.91 1.26 2.28 2.71 0.10 0.11 0.04 0.20 0.94 0.29 0.41 0.15 0.16 0.05 0.20 0.12 0.11 0.06 0.02 0.05 0.14 0.12

I got: 2.77 1.66 0.58 0.20 0.03 2.70 0.13 0.04 0.22 0.87 2.34 2.77 1.42 0.43 0.16 0.03 2.71 2.70 0.29 0.61 0.83 1.33 1.44 0.53 0.65 1.21 0.30 0.04 2.71 2.73 1.60 2.77 1.63 1.10 0.67 0.15 0.07 0.95 0.82 0.07 2.70 2.71 1.15 2.77 1.65 0.60 0.26 0.07 0.06 0.45 1.29 0.66 2.70 2.70 0.74 1.27 0.60 1.07 0.26 0.06 0.06 0.40 0.53 1.33 2.72 2.71 0.15 0.21 0.07 0.47 0.49 0.08 0.34 1.02 0.93 1.28 2.27 2.70 0.10 0.11 0.03 0.16 1.02 0.32 0.06 0.01 0.01 0.01 0.01 0.01 0.01 0.01 0.01 0.01 0.01 0.01 2.77 1.68 0.60 0.16 0.12 2.68 0.13 0.04 0.18 1.02 2.36 2.77 1.35 0.43 0.11 0.10 2.69 2.69 0.28 0.56 0.94 1.25 1.35 0.48 0.82 1.23 0.18 0.11 2.69 2.70 1.61 2.77 1.77 1.07 0.61 0.12 0.27 0.82 0.74 0.19 2.69 2.69 1.20 2.77 1.85 0.58 0.22 0.05 0.23 0.28 1.27 0.79 2.69 2.70 0.74 1.28 0.61 1.04 0.20 0.05 0.24 0.24 0.51 1.30 2.70 2.69 0.15 0.22 0.07 0.50 0.43 0.05 0.57 0.86 0.91 1.27 2.28 2.71 0.10 0.11 0.04 0.20 0.94 0.28 0.41 0.14 0.16 0.05 0.20 0.12 0.11 0.06 0.02 0.05 0.14 0.12

I got: 2.77 1.65 0.58 0.20 0.03 2.72 0.13 0.04 0.21 0.87 2.34 2.77 1.42 0.43 0.16 0.03 2.72 2.72 0.29 0.61 0.83 1.32 1.44 0.52 0.65 1.21 0.30 0.04 2.70 2.70 1.60 2.77 1.63 1.10 0.66 0.15 0.07 0.95 0.82 0.06 2.71 2.70 1.15 2.77 1.66 0.60 0.26 0.07 0.06 0.45 1.30 0.66 2.70 2.70 0.74 1.27 0.60 1.07 0.26 0.06 0.06 0.41 0.53 1.33 2.71 2.69 0.16 0.21 0.07 0.47 0.49 0.08 0.34 1.02 0.94 1.28 2.27 2.69 0.09 0.11 0.03 0.16 1.03 0.33 0.07 0.01 0.01 0.01 0.01 0.01 0.01 0.01 0.01 0.01 0.00 0.01 2.77 1.68 0.60 0.16 0.12 2.69 0.13 0.04 0.18 1.02 2.36 2.76 1.35 0.43 0.11 0.11 2.68 2.70 0.28 0.56 0.94 1.25 1.35 0.48 0.81 1.23 0.18 0.11 2.70 2.69 1.61 2.77 1.77 1.07 0.61 0.12 0.27 0.83 0.74 0.19 2.70 2.70 1.21 2.77 1.85 0.59 0.22 0.05 0.23 0.29 1.27 0.79 2.71 2.70 0.74 1.28 0.61 1.05 0.20 0.05 0.24 0.24 0.50 1.30 2.70 2.69 0.15 0.22 0.07 0.50 0.43 0.05 0.57 0.86 0.91 1.27 2.28 2.71 0.10 0.11 0.04 0.20 0.94 0.29 0.41 0.14 0.16 0.05 0.20 0.12 0.11 0.06 0.02 0.05 0.14 0.12

I got: 2.77 1.65 0.57 0.20 0.03 2.72 0.13 0.04 0.22 0.86 2.33 2.76 1.41 0.43 0.16 0.03 2.73 2.73 0.29 0.61 0.83 1.32 1.44 0.53 0.65 1.21 0.29 0.04 2.70 2.69 1.60 2.77 1.63 1.10 0.67 0.15 0.07 0.95 0.82 0.06 2.71 2.70 1.15 2.77 1.65 0.60 0.26 0.07 0.06 0.45 1.30 0.66 2.71 2.70 0.74 1.27 0.60 1.07 0.26 0.06 0.06 0.41 0.53 1.33 2.70 2.70 0.15 0.21 0.07 0.47 0.49 0.08 0.34 1.01 0.93 1.28 2.27 2.71 0.09 0.11 0.03 0.16 1.03 0.32 0.04 0.02 0.01 0.01 0.01 0.01 0.01 0.01 0.01 0.01 0.01 0.01 2.77 1.68 0.60 0.16 0.11 2.69 0.13 0.04 0.18 1.02 2.36 2.77 1.34 0.43 0.11 0.10 2.70 2.69 0.28 0.56 0.94 1.24 1.34 0.48 0.81 1.23 0.18 0.11 2.70 2.71 1.61 2.77 1.77 1.07 0.61 0.12 0.27 0.82 0.74 0.19 2.69 2.69 1.20 2.77 1.85 0.58 0.22 0.05 0.24 0.28 1.27 0.79 2.70 2.68 0.74 1.28 0.61 1.04 0.20 0.05 0.24 0.23 0.50 1.29 2.70 2.70 0.15 0.22 0.07 0.50 0.44 0.06 0.57 0.85 0.91 1.27 2.28 2.70 0.10 0.12 0.04 0.20 0.94 0.29 0.41 0.15 0.16 0.05 0.20 0.12 0.11 0.06 0.02 0.05 0.14 0.12

I got: 2.77 1.64 0.57 0.20 0.03 2.71 0.13 0.04 0.21 0.86 2.33 2.77 1.41 0.43 0.16 0.03 2.69 2.72 0.29 0.61 0.83 1.32 1.44 0.52 0.65 1.21 0.30 0.03 2.71 2.71 1.60 2.77 1.63 1.10 0.66 0.15 0.07 0.95 0.82 0.06 2.70 2.71 1.16 2.77 1.66 0.60 0.26 0.07 0.06 0.46 1.30 0.66 2.69 2.71 0.74 1.27 0.60 1.07 0.26 0.07 0.06 0.41 0.52 1.33 2.70 2.71 0.15 0.21 0.07 0.47 0.50 0.07 0.34 1.01 0.93 1.28 2.27 2.69 0.09 0.11 0.03 0.16 1.02 0.32 0.04 0.01 0.01 0.01 0.01 0.01 0.01 0.01 0.01 0.01 0.01 0.01 2.77 1.68 0.60 0.16 0.11 2.68 0.13 0.04 0.18 1.02 2.36 2.77 1.34 0.43 0.11 0.10 2.69 2.68 0.28 0.56 0.94 1.24 1.34 0.48 0.81 1.22 0.18 0.11 2.69 2.70 1.61 2.77 1.78 1.07 0.61 0.12 0.27 0.83 0.73 0.18 2.71 2.70 1.21 2.77 1.85 0.58 0.22 0.04 0.24 0.28 1.27 0.79 2.70 2.70 0.74 1.28 0.61 1.03 0.20 0.04 0.24 0.24 0.50 1.30 2.74 2.69 0.15 0.22 0.07 0.50 0.43 0.06 0.57 0.85 0.91 1.27 2.27 2.70 0.09 0.11 0.03 0.20 0.94 0.29 0.41 0.15 0.16 0.06 0.20 0.12 0.11 0.06 0.02 0.06 0.14 0.12

