I got: 2.01 1.26 0.20 0.16 0.08 2.72 0.51 0.07 0.30 0.73 1.51 2.77 1.46 0.18 0.16 0.09 2.70 2.71 0.32 0.80 1.21 1.44 1.34 0.40 0.73 0.66 0.24 0.13 2.71 2.69 2.39 2.77 2.09 1.43 0.71 0.14 0.14 0.80 0.21 0.11 2.71 2.70 2.14 2.77 1.93 0.86 0.30 0.12 0.23 1.01 1.09 0.22 2.68 2.68 2.77 2.22 0.97 2.37 0.67 0.21 0.13 0.54 0.52 0.27 2.69 2.70 0.66 0.29 0.08 0.49 0.55 0.12 0.53 1.37 1.23 0.43 0.78 2.69 0.59 0.23 0.05 0.26 1.18 0.30 0.01 0.02 0.01 0.01 0.01 0.01 0.04 0.05 0.01 0.06 0.04 0.01 2.22 1.20 0.42 0.28 0.15 2.69 0.51 0.07 0.28 0.87 1.42 2.76 1.35 0.43 0.27 0.14 2.69 2.69 0.32 0.76 1.34 1.32 1.26 0.57 0.74 0.89 0.21 0.11 2.71 2.69 2.41 2.77 2.25 1.36 0.68 0.24 0.20 0.59 0.24 0.12 2.69 2.70 2.16 2.77 2.12 0.79 0.27 0.19 1.88 2.76 2.77 2.77 2.77 2.74 2.77 2.34 1.09 2.47 0.69 2.76 0.19 0.29 0.56 0.13 2.70 2.70 0.65 0.29 0.08 0.52 0.51 0.21 0.61 1.14 1.27 0.23 0.99 2.69 0.59 0.24 0.05 0.29 1.09 0.46 0.18 0.20 0.18 0.29 0.39 0.21 0.03 0.05 0.01 0.05 0.15 0.15

I got: 2.00 1.26 0.20 0.16 0.08 2.73 0.51 0.07 0.30 0.73 1.50 2.77 1.46 0.18 0.17 0.09 2.73 2.72 0.32 0.80 1.21 1.45 1.34 0.41 0.73 0.67 0.24 0.13 2.72 2.70 2.39 2.77 2.09 1.43 0.71 0.14 0.14 0.80 0.21 0.11 2.69 2.71 2.14 2.77 1.93 0.86 0.31 0.12 0.23 1.01 1.09 0.22 2.68 2.68 2.77 2.22 0.97 2.37 0.67 0.22 0.13 0.54 0.52 0.27 2.70 2.70 0.66 0.29 0.08 0.49 0.55 0.12 0.53 1.37 1.23 0.43 0.78 2.69 0.60 0.23 0.05 0.26 1.18 0.30 0.01 0.02 0.01 0.01 0.01 0.01 0.05 0.05 0.01 0.05 0.04 0.01 2.22 1.20 0.42 0.29 0.15 2.69 0.51 0.07 0.28 0.87 1.42 2.76 1.35 0.43 0.28 0.15 2.69 2.69 0.32 0.76 1.34 1.32 1.26 0.56 0.74 0.89 0.21 0.11 2.70 2.69 2.41 2.77 2.25 1.36 0.68 0.24 0.20 0.59 0.23 0.12 2.71 2.69 2.16 2.77 2.12 0.79 0.27 0.19 1.91 2.77 2.77 2.77 2.78 2.73 2.77 2.33 1.08 2.46 0.69 2.76 0.19 0.30 0.56 0.14 2.71 2.70 0.65 0.29 0.08 0.52 0.51 0.20 0.61 1.14 1.27 0.23 0.99 2.71 0.59 0.24 0.05 0.29 1.09 0.46 0.18 0.20 0.18 0.29 0.39 0.21 0.03 0.05 0.01 0.05 0.16 0.15

I got: 2.00 1.26 0.20 0.16 0.08 2.72 0.51 0.07 0.30 0.73 1.50 2.77 1.46 0.18 0.17 0.09 2.73 2.70 0.32 0.80 1.21 1.44 1.34 0.40 0.73 0.66 0.24 0.13 2.70 2.69 2.39 2.77 2.09 1.43 0.71 0.15 0.14 0.81 0.21 0.11 2.71 2.70 2.14 2.77 1.93 0.86 0.31 0.12 0.23 1.02 1.09 0.22 2.67 2.69 2.77 2.22 0.97 2.37 0.67 0.22 0.13 0.54 0.52 0.27 2.69 2.70 0.66 0.29 0.08 0.49 0.55 0.12 0.53 1.37 1.23 0.43 0.78 2.69 0.59 0.23 0.06 0.26 1.18 0.30 0.01 0.02 0.01 0.01 0.01 0.01 0.05 0.06 0.01 0.04 0.05 0.01 2.22 1.20 0.42 0.28 0.15 2.69 0.51 0.07 0.28 0.87 1.41 2.76 1.35 0.43 0.27 0.14 2.70 2.67 0.32 0.76 1.34 1.32 1.26 0.57 0.74 0.89 0.21 0.11 2.69 2.70 2.40 2.77 2.25 1.36 0.68 0.24 0.20 0.59 0.24 0.12 2.70 2.70 2.16 2.77 2.11 0.78 0.28 0.18 1.88 2.76 2.77 2.77 2.77 2.74 2.77 2.33 1.08 2.47 0.69 2.77 0.19 0.29 0.56 0.13 2.70 2.73 0.65 0.29 0.08 0.52 0.51 0.20 0.61 1.14 1.27 0.23 0.99 2.74 0.59 0.24 0.05 0.29 1.09 0.46 0.18 0.20 0.18 0.29 0.39 0.21 0.03 0.05 0.01 0.05 0.15 0.15

I got: 2.00 1.26 0.20 0.16 0.08 2.73 0.51 0.07 0.30 0.73 1.51 2.77 1.46 0.18 0.16 0.09 2.72 2.71 0.32 0.80 1.20 1.44 1.34 0.40 0.73 0.66 0.24 0.13 2.69 2.70 2.39 2.77 2.09 1.43 0.71 0.15 0.14 0.80 0.21 0.11 2.70 2.69 2.14 2.77 1.93 0.86 0.30 0.12 0.23 1.01 1.09 0.22 2.68 2.68 2.77 2.21 0.97 2.36 0.67 0.21 0.13 0.55 0.52 0.27 2.70 2.70 0.66 0.29 0.08 0.49 0.55 0.12 0.53 1.37 1.22 0.43 0.78 2.68 0.59 0.23 0.06 0.26 1.19 0.29 0.01 0.01 0.01 0.01 0.01 0.01 0.06 0.04 0.01 0.04 0.05 0.01 2.22 1.20 0.42 0.28 0.15 2.69 0.51 0.07 0.28 0.87 1.41 2.76 1.35 0.43 0.27 0.14 2.70 2.69 0.32 0.76 1.34 1.32 1.26 0.57 0.74 0.89 0.21 0.11 2.71 2.70 2.41 2.77 2.25 1.36 0.68 0.24 0.20 0.59 0.24 0.12 2.69 2.70 2.16 2.77 2.11 0.78 0.28 0.19 1.88 2.77 2.77 2.77 2.77 2.74 2.77 2.32 1.08 2.46 0.69 2.76 0.19 0.29 0.56 0.14 2.70 2.70 0.65 0.29 0.08 0.52 0.51 0.20 0.61 1.14 1.27 0.22 0.99 2.71 0.59 0.24 0.05 0.29 1.09 0.46 0.17 0.20 0.18 0.29 0.40 0.21 0.03 0.05 0.01 0.05 0.16 0.15

I got: 2.00 1.26 0.20 0.16 0.08 2.72 0.51 0.07 0.30 0.73 1.50 2.77 1.46 0.18 0.16 0.09 2.73 2.71 0.32 0.80 1.20 1.44 1.34 0.40 0.73 0.66 0.24 0.13 2.69 2.70 2.39 2.77 2.09 1.43 0.71 0.14 0.14 0.80 0.21 0.11 2.69 2.70 2.14 2.77 1.93 0.86 0.30 0.13 0.23 1.00 1.07 0.22 2.69 2.68 2.76 2.16 0.95 2.33 0.65 0.22 0.13 0.55 0.52 0.27 2.71 2.71 0.66 0.29 0.08 0.49 0.56 0.12 0.53 1.37 1.22 0.43 0.78 2.69 0.59 0.23 0.05 0.36 1.08 0.30 0.01 0.01 0.01 0.01 0.01 0.01 0.06 0.04 0.01 0.04 0.04 0.01 2.22 1.20 0.42 0.28 0.15 2.70 0.51 0.07 0.39 0.75 1.41 2.76 1.35 0.43 0.27 0.14 2.69 2.74 0.32 0.88 1.22 1.31 1.26 0.57 0.74 0.89 0.22 0.11 2.74 2.71 2.41 2.77 2.18 1.36 0.68 0.24 0.20 0.58 0.24 0.12 2.72 2.70 2.16 2.77 2.01 0.79 0.27 0.20 2.13 2.76 0.01 2.76 2.76 2.74 2.77 2.26 1.02 2.77 2.77 2.76 0.19 0.30 0.56 0.13 2.71 2.71 0.65 0.29 0.08 0.52 0.51 0.20 0.61 1.14 1.27 0.23 0.99 2.72 0.59 0.24 0.06 0.28 1.09 0.46 0.18 0.20 0.18 0.29 0.39 0.21 0.03 0.05 0.01 0.04 0.15 0.15

I got: 2.00 1.25 0.20 0.16 0.08 2.73 0.51 0.07 0.30 0.73 1.50 2.77 1.46 0.18 0.17 0.09 2.72 2.71 0.32 0.79 1.20 1.44 1.34 0.41 0.73 0.66 0.24 0.13 2.70 2.69 2.39 2.77 2.09 1.43 0.71 0.14 0.14 0.80 0.21 0.11 2.70 2.70 2.14 2.77 1.93 0.86 0.30 0.13 0.22 1.00 1.05 0.22 2.68 2.67 2.75 2.14 0.94 2.32 0.65 0.21 0.13 0.54 0.52 0.27 2.70 2.69 0.66 0.29 0.08 0.50 0.56 0.12 0.53 1.37 1.22 0.43 0.78 2.69 0.59 0.23 0.06 0.26 1.17 0.30 0.01 0.01 0.01 0.01 0.01 0.01 0.04 0.05 0.01 0.06 0.08 0.01 2.22 1.20 0.42 0.28 0.15 2.68 0.51 0.07 0.28 0.86 1.41 2.76 1.35 0.43 0.27 0.14 2.70 2.69 0.32 0.76 1.34 1.31 1.26 0.57 0.74 0.89 0.21 0.11 2.70 2.69 2.41 2.77 2.25 1.35 0.68 0.24 0.20 0.59 0.23 0.12 2.70 2.69 2.16 2.77 2.11 0.78 0.27 0.19 2.21 2.76 0.01 2.76 2.77 2.75 2.77 2.26 1.02 2.77 2.68 2.75 0.19 0.29 0.56 0.13 2.71 2.69 0.65 0.29 0.08 0.52 0.51 0.20 0.61 1.14 1.27 0.23 0.99 2.70 0.59 0.24 0.05 0.28 1.09 0.46 0.18 0.21 0.18 0.29 0.39 0.21 0.03 0.05 0.01 0.04 0.15 0.15

I got: 1.99 1.25 0.20 0.16 0.08 2.73 0.51 0.07 0.30 0.73 1.50 2.77 1.46 0.18 0.17 0.09 2.72 2.73 0.32 0.79 1.20 1.44 1.34 0.40 0.73 0.66 0.24 0.13 2.69 2.70 2.39 2.77 2.09 1.43 0.71 0.14 0.14 0.81 0.21 0.11 2.70 2.69 2.14 2.77 1.93 0.86 0.30 0.12 0.22 0.99 1.06 0.22 2.69 2.67 2.74 2.14 0.94 2.32 0.65 0.22 0.13 0.54 0.52 0.27 2.69 2.70 0.66 0.29 0.07 0.49 0.55 0.13 0.53 1.37 1.23 0.43 0.78 2.68 0.60 0.23 0.06 0.26 1.18 0.29 0.01 0.01 0.01 0.01 0.01 0.01 0.05 0.05 0.01 0.07 0.07 0.01 2.22 1.20 0.42 0.28 0.15 2.69 0.51 0.07 0.28 0.87 1.41 2.76 1.35 0.43 0.27 0.14 2.70 2.68 0.31 0.76 1.34 1.31 1.25 0.57 0.74 0.89 0.21 0.11 2.70 2.69 2.41 2.77 2.25 1.35 0.68 0.24 0.20 0.58 0.23 0.12 2.70 2.70 2.16 2.77 2.11 0.79 0.27 0.20 2.23 2.78 0.01 2.77 2.77 2.76 2.77 2.26 1.02 2.77 2.74 2.75 0.19 0.30 0.56 0.14 2.70 2.69 0.65 0.29 0.08 0.52 0.51 0.21 0.61 1.13 1.27 0.22 0.99 2.71 0.59 0.24 0.06 0.29 1.09 0.47 0.18 0.20 0.18 0.29 0.39 0.21 0.03 0.05 0.01 0.04 0.15 0.15

I got: 1.99 1.26 0.20 0.16 0.09 2.72 0.51 0.07 0.30 0.73 1.50 2.77 1.46 0.18 0.16 0.09 2.70 2.73 0.32 0.79 1.20 1.44 1.34 0.41 0.73 0.66 0.24 0.13 2.69 2.70 2.39 2.77 2.08 1.42 0.71 0.14 0.14 0.80 0.21 0.11 2.70 2.71 2.14 2.77 1.92 0.86 0.30 0.12 0.22 0.99 1.06 0.22 2.68 2.68 2.75 2.14 0.94 2.32 0.65 0.22 0.13 0.55 0.52 0.27 2.71 2.70 0.66 0.29 0.08 0.49 0.55 0.12 0.53 1.37 1.22 0.43 0.78 2.69 0.59 0.23 0.06 0.26 1.18 0.30 0.01 0.01 0.01 0.01 0.01 0.01 0.07 0.04 0.01 0.04 0.04 0.01 2.22 1.20 0.42 0.28 0.15 2.69 0.51 0.07 0.28 0.87 1.41 2.76 1.34 0.43 0.27 0.15 2.68 2.70 0.32 0.76 1.34 1.31 1.25 0.56 0.74 0.89 0.21 0.11 2.70 2.71 2.41 2.77 2.25 1.35 0.68 0.24 0.20 0.58 0.24 0.12 2.71 2.69 2.16 2.77 2.11 0.78 0.27 0.20 2.20 2.77 0.01 2.77 2.77 2.75 2.77 2.26 1.02 2.77 2.74 2.76 0.19 0.28 0.56 0.13 2.71 2.71 0.65 0.29 0.08 0.52 0.51 0.21 0.61 1.13 1.27 0.23 0.99 2.72 0.59 0.24 0.06 0.29 1.09 0.46 0.17 0.20 0.18 0.29 0.39 0.21 0.03 0.05 0.01 0.04 0.15 0.15

I got: 1.99 1.25 0.20 0.16 0.08 2.72 0.51 0.07 0.30 0.73 1.50 2.77 1.46 0.18 0.16 0.09 2.73 2.70 0.32 0.79 1.20 1.43 1.34 0.41 0.73 0.66 0.24 0.13 2.70 2.69 2.39 2.77 2.08 1.43 0.71 0.14 0.14 0.80 0.21 0.11 2.71 2.70 2.14 2.77 1.92 0.86 0.30 0.12 0.22 0.99 1.06 0.22 2.70 2.69 2.75 2.14 0.94 2.33 0.65 0.22 0.13 0.54 0.52 0.27 2.72 2.69 0.66 0.29 0.08 0.49 0.55 0.12 0.53 1.37 1.22 0.42 0.77 2.69 0.59 0.23 0.05 0.26 1.18 0.30 0.01 0.02 0.01 0.01 0.01 0.01 0.04 0.06 0.01 0.03 0.05 0.01 2.21 1.20 0.42 0.29 0.15 2.69 0.51 0.07 0.28 0.87 1.41 2.76 1.35 0.43 0.28 0.14 2.70 2.68 0.32 0.76 1.33 1.31 1.25 0.57 0.74 0.89 0.21 0.11 2.70 2.70 2.41 2.77 2.25 1.36 0.68 0.24 0.20 0.58 0.24 0.12 2.69 2.69 2.16 2.77 2.11 0.78 0.27 0.19 2.26 2.78 0.01 2.77 2.77 2.73 2.77 2.26 1.02 2.77 2.72 2.75 0.19 0.30 0.56 0.14 2.69 2.71 0.65 0.29 0.08 0.52 0.51 0.20 0.61 1.14 1.27 0.23 0.99 2.72 0.59 0.24 0.05 0.28 1.09 0.46 0.17 0.21 0.18 0.29 0.39 0.21 0.03 0.05 0.01 0.04 0.15 0.15

I got: 1.99 1.26 0.20 0.16 0.08 2.72 0.51 0.07 0.30 0.73 1.50 2.77 1.46 0.18 0.16 0.09 2.72 2.72 0.32 0.79 1.20 1.43 1.34 0.40 0.73 0.66 0.24 0.13 2.70 2.70 2.39 2.77 2.08 1.43 0.71 0.14 0.14 0.81 0.21 0.11 2.70 2.71 2.14 2.77 1.92 0.86 0.30 0.12 0.22 1.00 1.06 0.22 2.68 2.69 2.75 2.14 0.94 2.33 0.65 0.22 0.13 0.55 0.52 0.27 2.71 2.69 0.66 0.29 0.08 0.49 0.55 0.12 0.53 1.36 1.22 0.42 0.77 2.70 0.60 0.23 0.06 0.26 1.18 0.30 0.01 0.01 0.01 0.01 0.01 0.01 0.04 0.05 0.01 0.05 0.06 0.01 2.22 1.20 0.42 0.28 0.15 2.69 0.51 0.07 0.28 0.87 1.40 2.76 1.35 0.43 0.27 0.15 2.68 2.69 0.32 0.76 1.33 1.31 1.25 0.58 0.74 0.89 0.22 0.11 2.70 2.70 2.40 2.77 2.25 1.35 0.68 0.25 0.20 0.59 0.23 0.12 2.71 2.69 2.16 2.77 2.11 0.79 0.27 0.20 2.30 2.77 0.01 2.77 2.77 2.75 2.77 2.26 1.02 2.77 2.67 2.75 0.19 0.29 0.55 0.13 2.70 2.71 0.65 0.29 0.08 0.52 0.51 0.21 0.61 1.13 1.26 0.22 0.99 2.73 0.59 0.24 0.06 0.28 1.09 0.46 0.17 0.20 0.18 0.29 0.39 0.21 0.03 0.05 0.01 0.04 0.15 0.15

I got: 1.98 1.25 0.20 0.16 0.08 2.71 0.51 0.07 0.30 0.73 1.50 2.77 1.45 0.18 0.16 0.09 2.73 2.71 0.32 0.79 1.20 1.43 1.33 0.41 0.73 0.66 0.25 0.13 2.71 2.72 2.39 2.77 2.08 1.43 0.71 0.14 0.14 0.80 0.21 0.11 2.71 2.70 2.14 2.77 1.92 0.85 0.30 0.12 0.22 1.00 1.06 0.22 2.67 2.68 2.75 2.14 0.94 2.32 0.65 0.22 0.13 0.55 0.52 0.27 2.70 2.70 0.66 0.29 0.08 0.49 0.55 0.12 0.53 1.37 1.22 0.43 0.77 2.69 0.59 0.23 0.05 0.26 1.18 0.30 0.01 0.01 0.01 0.01 0.01 0.01 0.06 0.04 0.01 0.05 0.05 0.01 2.22 1.20 0.42 0.28 0.15 2.68 0.51 0.07 0.28 0.87 1.41 2.76 1.35 0.43 0.27 0.15 2.69 2.69 0.31 0.76 1.33 1.30 1.25 0.57 0.74 0.89 0.21 0.12 2.70 2.69 2.40 2.77 2.25 1.35 0.68 0.25 0.20 0.58 0.24 0.12 2.70 2.70 2.15 2.77 2.10 0.78 0.27 0.20 2.30 2.77 0.01 2.77 2.76 2.74 2.77 2.26 1.02 2.77 2.69 2.76 0.19 0.28 0.56 0.13 2.70 2.70 0.65 0.29 0.08 0.52 0.51 0.21 0.61 1.13 1.27 0.22 0.99 2.70 0.59 0.24 0.05 0.28 1.09 0.47 0.18 0.21 0.18 0.29 0.39 0.21 0.03 0.05 0.01 0.04 0.15 0.15

I got: 1.99 1.25 0.20 0.16 0.09 2.72 0.51 0.07 0.30 0.73 1.50 2.77 1.45 0.18 0.17 0.09 2.69 2.73 0.32 0.79 1.19 1.43 1.33 0.41 0.73 0.66 0.24 0.13 2.69 2.70 2.39 2.77 2.09 1.43 0.71 0.15 0.14 0.80 0.21 0.11 2.70 2.70 2.14 2.77 1.92 0.85 0.31 0.13 0.23 1.00 1.06 0.22 2.70 2.69 2.75 2.14 0.94 2.32 0.65 0.22 0.13 0.54 0.51 0.27 2.70 2.70 0.65 0.29 0.08 0.49 0.55 0.13 0.53 1.37 1.22 0.43 0.77 2.69 0.59 0.23 0.06 0.26 1.18 0.29 0.01 0.01 0.01 0.01 0.01 0.01 0.04 0.04 0.01 0.07 0.08 0.01 2.22 1.19 0.42 0.28 0.15 2.70 0.50 0.07 0.28 0.87 1.40 2.76 1.34 0.43 0.28 0.14 2.69 2.70 0.32 0.76 1.33 1.30 1.25 0.57 0.74 0.89 0.21 0.11 2.71 2.72 2.41 2.77 2.25 1.35 0.68 0.24 0.20 0.58 0.24 0.13 2.69 2.70 2.15 2.77 2.11 0.78 0.28 0.19 2.33 2.76 0.01 2.76 2.77 2.76 2.77 2.26 1.02 2.77 2.70 2.75 0.19 0.29 0.56 0.13 2.74 2.71 0.64 0.29 0.08 0.52 0.51 0.20 0.61 1.13 1.27 0.22 0.99 2.72 0.59 0.24 0.06 0.28 1.09 0.46 0.17 0.21 0.20 0.30 0.39 0.21 0.03 0.05 0.01 0.04 0.15 0.15

I got: 1.98 1.25 0.20 0.16 0.09 2.72 0.51 0.07 0.30 0.73 1.50 2.77 1.45 0.18 0.17 0.09 2.73 2.73 0.32 0.79 1.19 1.43 1.33 0.40 0.73 0.66 0.25 0.13 2.70 2.69 2.39 2.77 2.09 1.43 0.71 0.15 0.13 0.81 0.21 0.11 2.72 2.70 2.14 2.77 1.92 0.85 0.30 0.13 0.22 0.99 1.06 0.22 2.68 2.68 2.75 2.14 0.94 2.33 0.65 0.22 0.13 0.54 0.51 0.27 2.70 2.69 0.66 0.29 0.08 0.49 0.55 0.13 0.53 1.37 1.22 0.43 0.77 2.69 0.59 0.23 0.06 0.26 1.18 0.29 0.01 0.01 0.01 0.01 0.01 0.01 0.04 0.04 0.01 0.07 0.06 0.01 2.22 1.19 0.42 0.28 0.15 2.68 0.51 0.07 0.28 0.87 1.40 2.76 1.35 0.43 0.27 0.14 2.70 2.69 0.31 0.76 1.33 1.30 1.25 0.57 0.74 0.89 0.21 0.11 2.70 2.69 2.40 2.77 2.25 1.35 0.68 0.24 0.20 0.58 0.24 0.12 2.70 2.70 2.15 2.77 2.11 0.78 0.27 0.19 2.29 2.77 0.01 2.77 2.76 2.73 2.77 2.26 1.02 2.77 2.60 2.76 0.19 0.29 0.56 0.13 2.69 2.69 0.64 0.29 0.08 0.51 0.51 0.20 0.61 1.13 1.27 0.22 0.99 2.70 0.59 0.24 0.06 0.28 1.09 0.46 0.17 0.21 0.18 0.29 0.39 0.21 0.03 0.05 0.01 0.04 0.15 0.15

