I got: 1.24 0.72 0.61 0.59 2.68 0.19 1.34 0.78 0.63 0.61 0.62 1.40 1.26 0.76 0.61 2.66 0.13 2.66 1.39 0.79 0.63 0.53 0.87 1.37 1.61 1.52 0.85 2.66 0.17 2.66 1.52 1.53 0.84 0.59 0.82 0.87 0.96 1.63 1.53 2.66 0.16 2.67 0.91 1.60 1.45 0.78 0.86 0.74 0.62 0.78 1.28 2.66 0.19 2.65 0.61 0.75 1.26 1.27 0.94 0.62 0.75 0.77 0.89 1.55 0.29 2.66 0.73 0.74 0.91 1.80 1.97 0.90 0.01 0.02 0.08 0.11 0.01 0.01 0.10 0.01 0.01 0.01 0.01 0.01 0.01 0.01 0.01 0.01 0.01 0.01 0.01 0.01 0.01 0.01 0.01 0.07 1.28 0.82 0.59 0.61 2.66 0.07 1.32 0.75 0.71 0.54 0.66 1.31 1.33 0.73 0.63 2.66 0.14 2.66 1.35 0.87 0.55 0.57 0.79 1.44 1.53 1.51 0.88 2.74 0.13 2.66 1.56 1.68 0.78 0.66 0.75 0.99 0.93 1.59 1.59 2.67 0.12 2.66 0.93 1.65 1.41 0.85 0.80 0.86 0.59 0.72 1.27 2.68 0.09 2.70 0.61 0.76 1.31 1.33 0.87 0.72 0.72 0.71 0.87 1.54 0.04 2.67 0.73 0.75 0.94 1.75 1.91 1.02 0.06 0.13 0.04 0.04 0.04 2.64 0.02 0.01 0.04 0.13 0.21 0.29 0.10 0.13 0.04 0.05 0.03 2.64 0.03 0.01 0.03 0.16 0.16 0.05

I got: 1.24 0.72 0.61 0.59 2.69 0.21 1.33 0.78 0.63 0.61 0.62 1.40 1.26 0.76 0.61 2.65 0.14 2.66 1.39 0.79 0.63 0.53 0.87 1.37 1.61 1.52 0.85 2.66 0.16 2.66 1.52 1.54 0.84 0.60 0.82 0.87 0.96 1.63 1.53 2.65 0.15 2.66 0.91 1.60 1.45 0.78 0.86 0.74 0.61 0.69 1.37 2.65 0.20 2.66 0.61 0.75 1.26 1.27 0.93 0.62 0.75 0.68 0.98 1.55 0.30 2.65 0.73 0.74 0.91 1.80 1.96 0.90 0.05 0.03 0.10 0.01 0.01 0.01 0.08 0.01 0.01 0.01 0.01 0.01 0.01 0.01 0.01 0.01 0.01 0.01 0.01 0.01 0.01 0.01 0.01 0.13 1.20 0.82 0.59 0.61 2.66 0.09 1.31 0.75 0.71 0.54 0.66 1.31 1.33 0.73 0.63 2.66 0.15 2.66 1.35 0.87 0.55 0.57 0.78 1.45 1.51 1.49 0.87 2.67 0.14 2.67 1.54 1.66 0.77 0.65 0.75 0.98 0.93 1.59 1.58 2.66 0.12 2.67 0.93 1.65 1.41 0.85 0.80 0.86 0.59 0.73 1.27 2.67 0.10 2.69 0.61 0.76 1.31 1.33 0.87 0.73 0.72 0.71 0.87 1.54 0.04 2.66 0.73 0.74 0.93 1.75 1.89 1.01 0.06 0.13 0.03 0.04 0.03 2.64 0.02 0.01 0.04 0.13 0.21 0.29 0.10 0.11 0.04 0.05 0.03 2.64 0.03 0.01 0.03 0.16 0.15 0.05

I got: 1.24 0.72 0.61 0.59 2.66 0.20 1.34 0.78 0.63 0.61 0.62 1.41 1.26 0.76 0.61 2.68 0.13 2.69 1.39 0.79 0.63 0.53 0.87 1.37 1.54 1.44 0.80 2.67 0.16 2.66 1.44 1.45 0.80 0.57 0.78 0.83 0.96 1.63 1.53 2.66 0.15 2.66 0.91 1.60 1.45 0.78 0.86 0.74 0.62 0.77 1.28 2.66 0.18 2.66 0.61 0.75 1.26 1.27 0.94 0.62 0.74 0.75 0.89 1.53 0.30 2.66 0.73 0.74 0.90 1.78 1.95 0.90 0.01 0.04 0.09 0.01 0.01 0.01 0.07 0.01 0.01 0.01 0.01 0.01 0.01 0.01 0.01 0.01 0.01 0.01 0.01 0.01 0.01 0.01 0.01 0.07 1.20 0.82 0.59 0.61 2.69 0.07 1.32 0.75 0.71 0.54 0.67 1.31 1.33 0.73 0.63 2.69 0.14 2.65 1.35 0.87 0.55 0.57 0.79 1.44 1.37 1.35 0.80 2.67 0.12 2.66 1.41 1.52 0.69 0.59 0.67 0.89 0.93 1.60 1.58 2.68 0.12 2.66 0.93 1.65 1.41 0.85 0.81 0.86 0.59 0.77 1.23 2.69 0.09 2.68 0.62 0.76 1.31 1.33 0.87 0.73 0.71 0.75 0.81 1.52 0.04 2.65 0.72 0.74 0.93 1.74 1.89 1.01 0.06 0.07 0.17 0.04 0.04 2.64 0.02 0.01 0.04 0.13 0.21 0.28 0.10 0.08 0.16 0.05 0.03 2.65 0.03 0.01 0.03 0.16 0.14 0.06

I got: 1.30 0.66 0.61 0.59 2.69 0.20 1.34 0.78 0.63 0.61 0.62 1.40 1.19 0.76 0.61 2.67 0.14 2.67 1.40 0.79 0.62 0.53 0.86 1.38 1.50 1.42 0.80 2.67 0.15 2.66 1.43 1.45 0.79 0.56 0.78 0.83 0.96 1.63 1.53 2.67 0.17 2.66 0.91 1.60 1.45 0.78 0.86 0.74 0.62 0.78 1.29 2.66 0.17 2.66 0.61 0.75 1.26 1.27 0.93 0.62 0.74 0.75 0.88 1.53 0.29 2.66 0.72 0.74 0.90 1.78 1.94 0.90 0.05 0.05 0.06 0.01 0.00 0.01 0.12 0.01 0.01 0.01 0.01 0.01 0.01 0.01 0.01 0.01 0.01 0.01 0.01 0.01 0.01 0.01 0.01 0.09 1.29 0.73 0.59 0.61 2.66 0.07 1.32 0.75 0.71 0.54 0.66 1.31 1.25 0.73 0.63 2.66 0.14 2.66 1.35 0.87 0.55 0.57 0.79 1.44 1.42 1.40 0.83 2.66 0.13 2.67 1.46 1.57 0.72 0.61 0.70 0.92 0.93 1.59 1.58 2.67 0.13 2.66 0.93 1.65 1.41 0.85 0.80 0.85 0.59 0.76 1.24 2.69 0.10 2.68 0.62 0.76 1.31 1.33 0.87 0.72 0.71 0.74 0.82 1.53 0.05 2.67 0.72 0.74 0.93 1.74 1.89 1.01 0.05 0.06 0.15 0.04 0.04 2.65 0.02 0.01 0.04 0.13 0.21 0.28 0.10 0.07 0.15 0.05 0.03 2.64 0.03 0.01 0.03 0.16 0.15 0.05

I got: 1.29 0.67 0.61 0.59 2.66 0.21 1.34 0.78 0.63 0.61 0.62 1.40 1.20 0.76 0.61 2.66 0.13 2.68 1.39 0.79 0.62 0.53 0.87 1.38 1.48 1.40 0.78 2.71 0.14 2.66 1.41 1.44 0.78 0.56 0.76 0.82 0.96 1.62 1.53 2.71 0.17 2.66 0.91 1.60 1.45 0.78 0.86 0.74 0.61 0.77 1.29 2.69 0.17 2.66 0.61 0.75 1.26 1.27 0.93 0.62 0.74 0.75 0.88 1.53 0.31 2.69 0.72 0.74 0.90 1.78 1.95 0.90 0.01 0.01 0.08 0.01 0.01 0.01 0.09 0.01 0.01 0.01 0.01 0.01 0.01 0.01 0.01 0.01 0.01 0.01 0.01 0.01 0.01 0.01 0.01 0.07 1.28 0.73 0.59 0.61 2.66 0.09 1.32 0.75 0.71 0.54 0.66 1.31 1.25 0.73 0.63 2.65 0.14 2.66 1.35 0.87 0.55 0.57 0.79 1.44 1.40 1.38 0.81 2.66 0.13 2.66 1.43 1.54 0.71 0.60 0.68 0.90 0.93 1.59 1.58 2.66 0.12 2.66 0.93 1.65 1.41 0.85 0.80 0.85 0.59 0.74 1.23 2.67 0.09 2.67 0.62 0.76 1.31 1.33 0.87 0.72 0.71 0.75 0.82 1.53 0.04 2.67 0.72 0.74 0.93 1.74 1.89 1.01 0.06 0.07 0.16 0.04 0.04 2.64 0.02 0.01 0.04 0.13 0.21 0.28 0.10 0.08 0.16 0.05 0.03 2.64 0.03 0.02 0.03 0.16 0.15 0.05

I got: 1.30 0.67 0.61 0.59 2.66 0.18 1.33 0.78 0.63 0.61 0.62 1.40 1.20 0.76 0.61 2.68 0.13 2.70 1.39 0.79 0.63 0.53 0.86 1.38 1.31 1.23 0.69 2.66 0.13 2.66 1.26 1.27 0.70 0.49 0.68 0.73 0.88 1.27 1.24 2.66 0.12 2.66 0.75 1.32 1.19 0.64 0.71 0.61 0.61 0.70 1.29 2.66 0.19 2.66 0.61 0.75 1.26 1.27 0.93 0.62 0.73 0.68 0.86 1.60 0.28 2.66 0.72 0.73 0.88 1.75 1.92 0.89 0.01 0.06 0.09 0.01 0.01 0.02 0.08 0.01 0.01 0.01 0.01 0.01 0.01 0.01 0.01 0.01 0.01 0.01 0.01 0.01 0.01 0.01 0.01 0.10 1.21 0.71 0.68 0.61 2.65 0.06 1.32 0.75 0.71 0.54 0.66 1.31 1.23 0.82 0.63 2.66 0.17 2.64 1.35 0.87 0.55 0.57 0.79 1.44 1.18 1.30 0.80 2.67 0.13 2.66 1.38 1.49 0.69 0.58 0.67 0.88 0.72 1.23 1.24 2.66 0.14 2.64 0.73 1.31 1.11 0.68 0.63 0.70 0.59 0.74 1.29 2.68 0.10 2.66 0.62 0.76 1.31 1.33 0.88 0.72 0.70 0.70 0.88 1.46 0.05 2.67 0.71 0.73 0.91 1.71 1.86 0.99 0.06 0.03 0.04 0.15 0.04 2.65 0.02 0.01 0.04 0.13 0.19 0.28 0.10 0.07 0.05 0.14 0.03 2.65 0.03 0.02 0.03 0.16 0.13 0.06

I got: 1.29 0.72 0.56 0.59 2.69 0.19 1.34 0.78 0.63 0.61 0.62 1.40 1.27 0.70 0.61 2.66 0.13 2.66 1.40 0.79 0.62 0.53 0.86 1.38 1.30 1.18 0.69 2.70 0.14 2.69 1.26 1.27 0.69 0.50 0.68 0.73 0.79 1.32 1.28 2.66 0.14 2.66 0.77 1.36 1.22 0.66 0.72 0.63 0.62 0.71 1.28 2.66 0.21 2.66 0.61 0.75 1.26 1.27 0.93 0.63 0.72 0.67 0.85 1.57 0.30 2.67 0.70 0.71 0.86 1.72 1.88 0.87 0.01 0.02 0.09 0.01 0.00 0.01 0.10 0.01 0.01 0.01 0.01 0.01 0.01 0.01 0.01 0.01 0.01 0.01 0.01 0.01 0.01 0.01 0.01 0.09 1.21 0.72 0.67 0.61 2.66 0.09 1.32 0.75 0.71 0.55 0.65 1.31 1.23 0.81 0.63 2.66 0.15 2.66 1.35 0.87 0.61 0.51 0.79 1.44 1.17 1.27 0.70 2.66 0.13 2.65 1.24 1.36 0.68 0.46 0.73 0.96 0.73 1.25 1.26 2.67 0.15 2.65 0.74 1.32 1.20 0.61 0.64 0.71 0.59 0.76 1.27 2.68 0.10 2.66 0.62 0.76 1.31 1.27 0.88 0.73 0.60 0.64 0.75 1.59 0.05 2.66 0.78 0.80 1.00 1.88 2.04 1.08 0.06 0.06 0.04 0.13 0.04 2.65 0.02 0.01 0.04 0.13 0.26 0.28 0.10 0.07 0.05 0.13 0.03 2.64 0.03 0.01 0.03 0.16 0.19 0.05

I got: 1.29 0.72 0.56 0.59 2.66 0.21 1.33 0.78 0.63 0.62 0.61 1.40 1.26 0.70 0.61 2.67 0.12 2.67 1.40 0.79 0.63 0.52 0.87 1.38 1.31 1.43 0.84 2.65 0.17 2.66 1.51 1.53 0.85 0.59 0.81 0.88 0.80 1.37 1.28 2.67 0.14 2.69 0.77 1.35 1.23 0.65 0.72 0.63 0.61 0.78 1.23 2.65 0.19 2.66 0.61 0.75 1.26 1.26 0.93 0.62 0.80 0.82 0.88 1.72 0.29 2.66 0.78 0.79 0.97 1.91 2.09 0.97 0.01 0.03 0.11 0.01 0.01 0.01 0.06 0.01 0.01 0.01 0.01 0.01 0.01 0.01 0.01 0.01 0.01 0.01 0.01 0.01 0.01 0.01 0.01 0.07 1.29 0.66 0.67 0.61 2.65 0.08 1.32 0.75 0.71 0.54 0.67 1.32 1.18 0.81 0.63 2.66 0.14 2.65 1.35 0.87 0.55 0.58 0.79 1.44 1.51 1.56 0.87 2.67 0.12 2.66 1.55 1.66 0.77 0.66 0.76 0.97 0.73 1.26 1.26 2.65 0.13 2.66 0.74 1.33 1.12 0.70 0.64 0.71 0.59 0.72 1.29 2.70 0.09 2.67 0.62 0.76 1.31 1.34 0.88 0.72 0.76 0.75 0.96 1.60 0.04 2.66 0.77 0.79 1.00 1.87 2.04 1.08 0.05 0.13 0.18 0.13 0.04 2.63 0.02 0.01 0.04 0.13 0.25 0.28 0.10 0.12 0.19 0.13 0.03 2.65 0.03 0.01 0.03 0.16 0.19 0.05

I got: 1.24 0.77 0.56 0.59 2.67 0.19 1.33 0.78 0.63 0.62 0.62 1.40 1.32 0.71 0.60 2.67 0.16 2.67 1.39 0.79 0.63 0.52 0.86 1.38 1.60 1.45 0.84 2.67 0.16 2.66 1.52 1.53 0.85 0.59 0.81 0.88 0.79 1.37 1.28 2.67 0.14 2.68 0.77 1.35 1.23 0.65 0.72 0.63 0.61 0.78 1.23 2.66 0.19 2.66 0.61 0.75 1.26 1.27 0.93 0.62 0.79 0.81 0.88 1.70 0.29 2.66 0.77 0.78 0.94 1.84 2.02 0.94 0.01 0.01 0.08 0.01 0.01 0.01 0.09 0.04 0.01 0.01 0.01 0.01 0.01 0.01 0.01 0.01 0.00 0.01 0.01 0.01 0.01 0.00 0.01 0.09 1.29 0.66 0.67 0.61 2.65 0.07 1.31 0.75 0.71 0.60 0.60 1.31 1.18 0.80 0.63 2.67 0.13 2.66 1.35 0.87 0.61 0.51 0.79 1.44 1.51 1.56 0.87 2.68 0.11 2.66 1.54 1.66 0.83 0.59 0.75 0.97 0.73 1.25 1.26 2.65 0.14 2.67 48.61 1.33 1.20 0.61 0.64 0.71 0.59 0.73 1.30 2.68 0.09 2.67 0.61 0.76 1.31 1.27 0.88 0.72 0.75 0.74 0.96 1.59 0.05 2.66 0.77 0.79 0.99 1.86 2.02 1.07 0.06 0.13 0.18 0.13 0.04 2.66 0.02 0.01 0.04 0.13 0.25 0.28 0.10 0.12 0.20 0.13 0.03 2.64 0.03 0.02 0.03 0.16 0.19 0.05

I got: 1.24 0.77 0.56 0.59 2.69 0.19 1.33 0.78 0.63 0.62 0.61 1.40 1.32 0.71 0.61 2.65 0.15 2.66 1.39 0.80 0.63 0.52 0.86 1.38 1.60 1.45 0.84 2.66 0.15 2.66 1.52 1.53 0.84 0.59 0.81 0.88 0.79 1.36 1.27 2.66 0.15 2.66 0.76 1.35 1.23 0.65 0.72 0.63 0.61 0.78 1.23 2.65 0.19 2.65 0.61 0.75 1.26 1.26 0.93 0.63 0.78 0.80 0.86 1.68 0.30 2.66 0.76 0.74 0.90 1.77 1.93 0.89 0.01 0.01 0.09 0.01 0.01 0.01 0.08 0.07 0.01 0.01 0.01 0.01 0.01 0.01 0.01 0.01 0.01 0.01 0.01 0.01 0.01 0.01 0.01 0.09 1.29 0.66 0.67 0.61 2.66 0.09 1.32 0.75 0.71 0.54 0.67 1.32 1.17 0.80 0.63 2.65 0.14 2.68 1.35 0.87 0.55 0.57 0.79 1.44 1.51 1.56 0.87 2.66 0.13 2.70 1.54 1.66 0.77 0.65 0.75 0.97 0.74 1.25 1.26 2.69 0.13 2.66 0.74 1.33 1.12 0.69 0.64 0.71 0.59 0.72 1.30 2.70 0.09 2.69 0.62 0.76 1.31 1.33 0.88 0.72 0.74 0.73 0.94 1.56 0.04 2.68 0.76 0.78 0.97 1.82 1.98 1.05 0.06 0.13 0.18 0.13 0.04 2.64 0.02 0.01 0.04 0.13 0.24 0.28 0.10 0.12 0.20 0.13 0.03 2.65 0.03 0.02 0.03 0.16 0.18 0.05

I got: 1.24 0.77 0.56 0.59 2.67 0.20 1.34 0.78 0.63 0.62 0.62 1.40 1.32 0.71 0.61 2.67 0.13 2.68 1.39 0.79 0.63 0.52 0.86 1.38 1.60 1.45 0.84 2.66 0.16 2.66 1.52 1.54 0.84 0.59 0.81 0.88 0.79 1.36 1.27 2.67 0.15 2.68 0.76 1.35 1.22 0.65 0.72 0.63 0.61 0.78 1.23 2.66 0.18 2.66 0.61 0.75 1.26 1.27 0.93 0.63 0.77 0.79 0.85 1.59 0.31 2.66 0.72 0.73 0.89 1.75 1.91 0.89 0.01 0.01 0.08 0.01 0.01 0.01 0.09 0.08 0.01 0.01 0.01 0.01 0.01 0.01 0.01 0.01 0.01 0.01 0.01 0.01 0.01 0.01 0.01 0.08 1.29 0.66 0.66 0.61 2.65 0.09 1.32 0.75 0.71 0.54 0.66 1.31 1.18 0.80 0.63 2.66 0.12 2.65 1.36 0.87 0.56 0.57 0.79 1.44 1.51 1.56 0.88 2.68 0.11 2.66 1.55 1.66 0.78 0.65 0.76 0.98 0.73 1.26 1.26 2.65 0.13 2.66 0.74 1.33 1.13 0.68 0.64 0.71 0.59 0.72 1.30 2.66 0.08 2.68 0.61 0.76 1.31 1.33 0.88 0.73 0.73 0.72 0.93 1.53 0.03 2.66 0.74 0.76 0.95 1.79 1.95 1.03 0.05 0.13 0.18 0.13 0.04 2.65 0.02 0.01 0.04 0.13 0.22 0.27 0.10 0.12 0.19 0.13 0.03 2.64 0.03 0.01 0.03 0.16 0.16 0.05

I got: 1.24 0.77 0.57 0.59 2.68 0.21 1.33 0.78 0.63 0.61 0.62 1.40 1.32 0.71 0.61 2.67 0.15 2.66 1.39 0.80 0.63 0.52 0.86 1.38 1.60 1.45 0.84 2.66 0.16 2.66 1.52 1.54 0.84 0.59 0.81 0.88 0.79 1.36 1.27 2.68 0.14 2.66 0.76 1.34 1.22 0.65 0.72 0.63 0.61 0.78 1.24 2.65 0.18 2.65 0.61 0.75 1.26 1.27 0.93 0.63 0.76 0.77 0.80 1.56 0.28 2.66 0.62 0.75 0.91 1.82 1.99 0.91 0.01 0.02 0.07 0.01 0.01 0.02 0.09 0.05 0.01 0.01 0.01 0.01 0.01 0.00 0.01 0.01 0.01 0.01 0.01 0.01 0.01 0.01 0.01 0.07 1.29 0.66 0.66 0.61 2.66 0.07 1.32 0.75 0.71 0.60 0.60 1.31 1.18 0.80 0.63 2.66 0.14 2.67 1.35 0.87 0.61 0.51 0.79 1.43 1.51 1.55 0.88 2.66 0.12 2.67 1.54 1.66 0.83 0.59 0.76 0.97 0.73 1.26 1.26 2.65 0.15 2.66 0.74 1.32 1.19 0.61 0.64 0.71 0.59 0.72 1.30 2.67 0.08 2.68 0.62 0.76 1.31 1.27 0.87 0.72 0.60 0.60 0.78 1.54 0.04 2.68 0.77 0.79 0.99 1.87 2.03 1.08 0.05 0.13 0.18 0.14 0.04 2.65 0.02 0.01 0.04 0.13 0.25 0.27 0.10 0.12 0.19 0.13 0.03 2.64 0.03 0.01 0.03 0.16 0.19 0.05

I got: 1.23 0.77 0.56 0.59 2.69 0.21 1.33 0.78 0.63 0.62 0.62 1.40 1.32 0.71 0.60 2.66 0.14 2.66 1.39 0.79 0.63 0.52 0.86 1.38 1.60 1.45 0.84 2.66 0.17 2.66 1.51 1.53 0.85 0.59 0.82 0.88 0.79 1.35 1.27 2.68 0.13 2.68 0.76 1.34 1.22 0.65 0.72 0.63 0.61 0.78 1.23 2.65 0.17 2.66 0.61 0.75 1.26 1.26 0.93 0.63 0.80 0.81 0.89 1.71 0.29 2.67 0.78 0.80 0.97 1.92 2.10 0.98 0.01 0.01 0.08 0.01 0.01 0.01 0.07 0.08 0.01 0.01 0.01 0.01 0.00 0.01 0.01 0.01 0.01 0.01 0.01 0.01 0.01 0.01 0.01 0.08 1.29 0.66 0.66 0.61 2.66 0.07 1.32 0.75 0.71 0.54 0.67 1.32 1.18 0.80 0.63 2.65 0.14 2.66 1.35 0.87 0.55 0.58 0.79 1.43 1.51 1.55 0.87 2.65 0.12 2.67 1.54 1.66 0.77 0.66 0.75 0.97 0.73 1.26 1.26 2.66 0.16 2.65 0.74 1.32 1.11 0.70 0.64 0.70 0.59 0.72 1.30 2.68 0.10 2.68 0.61 0.76 1.31 1.34 0.88 0.72 0.77 0.75 0.97 1.61 0.06 2.67 0.78 0.80 1.00 1.88 2.05 1.08 0.06 0.13 0.19 0.14 0.04 2.65 0.02 0.01 0.04 0.13 0.26 0.28 0.10 0.12 0.20 0.13 0.03 2.64 0.03 0.01 0.03 0.16 0.19 0.05

