I got: 0.43 0.30 0.16 2.67 0.15 2.68 0.07 0.09 0.12 0.14 0.17 0.25 0.71 0.58 0.21 2.69 0.13 2.66 0.05 0.07 0.09 0.10 0.11 0.15 0.40 0.71 0.61 0.45 2.66 0.15 2.66 0.03 0.04 0.06 0.05 0.06 0.07 0.19 0.20 0.29 0.52 2.68 0.09 2.68 0.06 0.06 0.07 0.05 0.05 0.07 0.14 0.14 0.27 0.28 0.78 0.04 2.68 0.14 0.11 0.10 0.07 0.07 0.08 0.14 0.13 0.10 0.10 0.03 0.32 2.66 0.06 0.04 0.04 0.02 0.07 0.10 0.03 0.20 0.01 0.01 0.01 0.01 0.01 0.01 0.01 0.01 0.01 0.01 0.01 0.01 0.01 0.01 0.01 0.01 0.01 0.08 0.39 0.01 0.01 0.01 0.01 0.01 0.01 0.01 0.18 0.11 0.04 0.24 0.19 2.69 0.08 0.75 0.26 0.13 0.09 0.12 0.07 0.18 0.11 0.03 0.21 0.13 2.66 0.14 2.66 0.70 0.21 0.11 0.13 0.07 0.20 0.12 0.04 0.19 0.11 2.67 0.13 2.67 0.72 0.63 0.23 0.19 0.10 0.27 0.15 0.05 0.20 0.11 2.66 0.14 2.66 0.26 0.79 0.80 0.37 0.16 0.30 0.16 0.05 0.20 0.10 2.66 0.13 2.66 0.11 0.23 0.66 0.90 0.22 0.36 0.18 0.06 0.19 0.09 2.67 0.14 2.66 0.06 0.11 0.22 0.66 0.48 0.83 0.38 0.16 0.24 0.13 2.66 0.16 2.66 0.07 0.11 0.17 0.30 0.79 0.73 0.26 0.32 0.17 2.66 0.08 2.65 0.07 0.10 0.14 0.18 0.23 0.52

I got: 0.43 0.31 0.16 2.68 0.14 2.67 0.07 0.09 0.12 0.14 0.17 0.26 0.71 0.58 0.20 2.66 0.14 2.66 0.05 0.07 0.09 0.10 0.11 0.16 0.39 0.71 0.61 0.45 2.68 0.13 2.65 0.03 0.04 0.06 0.05 0.06 0.08 0.18 0.20 0.29 0.52 2.69 0.11 2.66 0.06 0.06 0.07 0.05 0.06 0.07 0.14 0.14 0.27 0.28 0.78 0.03 2.67 0.14 0.11 0.10 0.07 0.08 0.07 0.15 0.13 0.10 0.10 0.04 0.32 2.64 0.07 0.04 0.04 0.02 0.13 0.05 0.03 0.21 0.01 0.01 0.01 0.01 0.01 0.01 0.01 0.01 0.01 0.01 0.01 0.01 0.01 0.01 0.01 0.01 0.01 0.08 0.58 0.01 0.01 0.01 0.01 0.01 0.01 0.01 0.18 0.10 0.05 0.23 0.19 2.67 0.09 0.75 0.26 0.13 0.09 0.12 0.08 0.18 0.10 0.03 0.20 0.13 2.66 0.12 2.66 0.71 0.20 0.12 0.13 0.07 0.20 0.11 0.04 0.19 0.11 2.67 0.13 2.67 0.72 0.62 0.24 0.19 0.10 0.26 0.14 0.05 0.20 0.11 2.66 0.15 2.66 0.26 0.79 0.81 0.37 0.16 0.28 0.14 0.04 0.20 0.09 2.66 0.15 2.66 0.10 0.21 0.62 0.84 0.20 0.34 0.17 0.06 0.18 0.08 2.67 0.13 2.66 0.05 0.10 0.21 0.63 0.46 0.83 0.39 0.16 0.24 0.13 2.66 0.15 2.66 0.07 0.10 0.17 0.29 0.79 0.73 0.26 0.32 0.17 2.67 0.12 2.66 0.07 0.10 0.14 0.18 0.22 0.52

I got: 0.43 0.30 0.16 2.68 0.15 2.68 0.07 0.09 0.12 0.14 0.17 0.27 0.71 0.58 0.20 2.68 0.14 2.66 0.05 0.07 0.09 0.10 0.11 0.17 0.39 0.70 0.60 0.45 2.66 0.12 2.66 0.04 0.05 0.06 0.05 0.07 0.08 0.18 0.19 0.29 0.52 2.67 0.11 2.69 0.06 0.06 0.07 0.05 0.06 0.07 0.14 0.14 0.27 0.28 0.77 0.04 2.67 0.14 0.11 0.10 0.08 0.08 0.08 0.14 0.13 0.10 0.10 0.04 0.32 2.66 0.07 0.04 0.04 0.02 0.14 0.04 0.03 0.20 0.01 0.01 0.01 0.01 0.01 0.01 0.01 0.01 0.01 0.00 0.01 0.01 0.01 0.00 0.01 0.01 0.01 0.09 0.77 0.01 0.01 0.01 0.01 0.01 0.01 0.01 0.18 0.11 0.04 0.23 0.19 2.65 0.08 0.75 0.26 0.12 0.10 0.12 0.07 0.18 0.10 0.03 0.21 0.13 2.67 0.14 2.67 0.70 0.20 0.13 0.13 0.07 0.20 0.12 0.03 0.19 0.11 2.73 0.14 2.66 0.72 0.61 0.24 0.19 0.10 0.26 0.15 0.05 0.20 0.11 2.71 0.13 2.66 0.26 0.79 0.82 0.37 0.16 0.28 0.14 0.04 0.20 0.09 2.66 0.16 2.69 0.09 0.21 0.60 0.81 0.19 0.33 0.16 0.06 0.18 0.08 2.67 0.14 2.71 0.05 0.10 0.21 0.64 0.45 0.83 0.38 0.16 0.24 0.13 2.68 0.17 2.67 0.07 0.10 0.17 0.30 0.78 0.73 0.26 0.32 0.17 2.66 0.08 2.67 0.07 0.10 0.14 0.18 0.22 0.53

I got: 0.43 0.31 0.16 2.67 0.16 2.67 0.07 0.09 0.12 0.14 0.10 0.35 0.71 0.58 0.20 2.66 0.14 2.66 0.05 0.07 0.09 0.10 0.07 0.26 0.39 0.71 0.60 0.45 2.68 0.14 2.67 0.03 0.04 0.06 0.05 0.10 0.18 0.19 0.19 0.29 0.52 2.68 0.12 2.67 0.06 0.06 0.07 0.05 0.08 0.14 0.14 0.14 0.27 0.28 0.77 0.04 2.66 0.14 0.10 0.10 0.07 0.10 0.16 0.14 0.13 0.10 0.10 0.04 0.32 2.65 0.06 0.04 0.04 0.02 0.27 0.18 0.03 0.20 0.01 0.01 0.01 0.01 0.01 0.01 0.01 0.01 0.01 0.01 0.01 0.01 0.02 0.01 0.01 0.01 0.01 0.08 0.63 0.01 0.01 0.01 0.01 0.01 0.01 0.01 0.18 0.11 0.04 0.24 0.19 2.67 0.10 0.75 0.26 0.09 0.19 0.12 0.07 0.17 0.11 0.03 0.20 0.14 2.66 0.13 2.66 0.70 0.12 0.21 0.13 0.07 0.20 0.11 0.04 0.19 0.11 2.67 0.13 2.68 0.71 0.53 0.33 0.19 0.09 0.27 0.14 0.05 0.20 0.11 2.66 0.13 2.66 0.26 0.79 0.91 0.37 0.16 0.24 0.13 0.02 0.21 0.09 2.65 0.18 2.66 0.08 0.18 0.52 0.68 0.14 0.38 0.20 0.07 0.20 0.09 2.67 51.53 2.67 0.06 0.12 0.24 0.74 0.53 0.83 0.38 0.16 0.24 0.13 2.66 0.16 2.66 0.07 0.11 0.17 0.29 0.81 0.72 0.27 0.32 0.17 2.66 0.08 2.66 0.07 0.10 0.14 0.18 0.25 0.49

I got: 0.43 0.31 0.16 2.68 0.14 2.67 0.07 0.09 0.12 0.14 0.18 0.25 0.71 0.58 0.20 2.67 0.13 2.66 0.05 0.07 0.09 0.10 0.12 0.16 0.39 0.71 0.61 0.45 2.66 0.15 2.66 0.03 0.04 0.06 0.05 0.06 0.08 0.18 0.19 0.28 0.51 2.66 0.11 2.68 0.06 0.06 0.07 0.05 0.05 0.07 0.14 0.14 0.27 0.28 0.77 0.03 2.68 0.14 0.11 0.10 0.07 0.06 0.09 0.15 0.13 0.10 0.10 0.04 0.32 2.65 0.07 0.04 0.04 0.02 0.03 0.14 0.03 0.21 0.01 0.01 0.01 0.01 0.01 0.01 0.01 0.01 0.01 0.01 0.01 0.01 0.01 0.01 0.01 0.01 0.01 0.07 0.47 0.01 0.01 0.01 0.01 0.01 0.01 0.01 0.18 0.10 0.04 0.24 0.19 2.66 0.09 0.75 0.26 0.13 0.10 0.12 0.07 0.18 0.11 0.03 0.21 0.14 2.66 0.13 2.66 0.70 0.22 0.12 0.13 0.07 0.20 0.11 0.03 0.19 0.11 2.68 0.12 2.67 0.72 0.64 0.22 0.19 0.09 0.27 0.15 0.04 0.20 0.11 2.67 0.14 2.67 0.26 0.79 0.79 0.37 0.16 0.31 0.17 0.05 0.20 0.10 2.66 0.14 2.67 0.12 0.25 0.71 0.96 0.24 0.38 0.19 0.07 0.21 0.10 2.66 0.15 2.66 0.06 0.12 0.24 0.73 0.53 0.83 0.38 0.16 0.24 0.13 2.67 0.16 2.71 0.07 0.10 0.17 0.29 0.81 0.73 0.26 0.32 0.17 2.67 0.08 2.72 0.07 0.10 0.14 0.18 0.25 0.49

I got: 0.42 0.31 0.16 2.69 0.14 2.70 0.07 0.09 0.12 0.14 0.18 0.25 0.71 0.58 0.20 2.70 0.13 2.68 0.05 0.06 0.09 0.10 0.12 0.16 0.39 0.70 0.61 0.45 2.69 0.13 2.67 0.03 0.04 0.06 0.05 0.05 0.08 0.18 0.19 0.28 0.51 2.71 0.09 2.67 0.06 0.06 0.07 0.05 0.05 0.07 0.14 0.14 0.27 0.28 0.78 0.03 2.67 0.14 0.11 0.10 0.07 0.06 0.09 0.14 0.13 0.10 0.10 0.03 0.33 2.64 0.07 0.04 0.04 0.02 0.04 0.14 0.03 0.20 0.01 0.02 0.01 0.01 0.01 0.01 0.01 0.01 0.01 0.01 0.01 0.01 0.01 0.01 0.01 0.01 0.01 0.08 0.36 0.01 0.01 0.01 0.01 0.01 0.01 0.01 0.18 0.11 0.04 0.24 0.19 2.67 0.08 0.75 0.26 0.13 0.10 0.12 0.07 0.18 0.11 0.03 0.21 0.14 2.67 0.14 2.66 0.70 0.22 0.12 0.13 0.07 0.20 0.12 0.03 0.19 0.11 2.68 0.13 2.68 0.71 0.64 0.22 0.19 0.10 0.27 0.15 0.05 0.20 0.11 2.67 0.14 2.66 0.26 0.79 0.79 0.37 0.16 0.31 0.17 0.05 0.20 0.10 2.66 0.13 2.66 0.11 0.25 0.71 0.96 0.24 0.39 0.19 0.06 0.20 0.09 2.66 0.14 2.66 0.06 0.12 0.24 0.74 0.53 0.83 0.38 0.16 0.24 0.13 2.67 0.16 2.67 0.07 0.10 0.17 0.30 0.81 0.74 0.24 0.32 0.17 2.66 0.08 2.66 0.07 0.10 0.14 0.17 0.25 0.50

I got: 0.42 0.31 0.16 2.67 0.13 2.68 0.07 0.09 0.12 0.14 0.18 0.25 0.71 0.58 0.20 2.68 0.13 2.66 0.05 0.07 0.09 0.10 0.12 0.16 0.39 0.71 0.61 0.46 2.68 0.14 2.66 0.03 0.04 0.06 0.05 0.06 0.08 0.19 0.19 0.29 0.52 2.67 0.11 2.67 0.06 0.06 0.07 0.05 0.05 0.07 0.14 0.14 0.27 0.28 0.77 0.03 2.66 0.14 0.10 0.10 0.08 0.06 0.09 0.14 0.13 0.09 0.10 0.04 0.32 2.64 0.07 0.04 0.04 0.02 0.04 0.14 0.03 0.21 0.01 0.01 0.01 0.01 0.01 0.01 0.01 0.01 0.01 0.01 0.01 0.01 0.01 0.01 0.01 0.01 0.01 0.10 0.71 0.01 0.01 0.01 0.01 0.01 0.01 0.01 0.18 0.12 0.03 0.24 0.19 2.66 0.08 0.75 0.26 0.12 0.10 0.12 0.07 0.18 0.11 0.02 0.21 0.14 2.67 0.14 2.67 0.70 0.22 0.12 0.13 0.07 0.20 0.12 0.03 0.19 0.11 2.67 0.12 2.66 0.72 0.64 0.23 0.19 0.10 0.27 0.15 0.04 0.20 0.11 2.68 0.14 2.66 0.26 0.79 0.79 0.37 0.16 0.31 0.18 0.04 0.20 0.10 2.66 0.14 2.67 0.12 0.25 0.71 0.96 0.25 0.39 0.20 0.06 0.21 0.09 2.67 0.15 2.65 0.06 0.12 0.24 0.73 0.53 0.84 0.39 0.15 0.24 0.13 2.68 0.17 2.67 0.07 0.10 0.17 0.30 0.80 0.73 0.26 0.32 0.17 2.66 0.10 2.66 0.07 0.10 0.14 0.18 0.25 0.49

I got: 0.42 0.31 0.16 2.67 0.15 2.67 0.07 0.09 0.12 0.14 0.18 0.25 0.71 0.58 0.21 2.68 0.13 2.66 0.05 0.07 0.09 0.10 0.12 0.16 0.39 0.71 0.61 0.45 2.67 0.14 2.66 0.03 0.04 0.06 0.05 0.05 0.08 0.18 0.19 0.28 0.52 2.69 0.10 2.68 0.06 0.06 0.07 0.05 0.05 0.07 0.14 0.14 0.27 0.28 0.77 0.03 2.67 0.14 0.11 0.10 0.07 0.06 0.09 0.14 0.13 0.10 0.10 0.04 0.32 2.66 0.06 0.04 0.04 0.02 0.03 0.14 0.03 0.20 0.01 0.01 0.01 0.01 0.01 0.01 0.01 0.01 0.01 0.01 0.01 0.01 0.01 0.01 0.01 0.01 0.01 0.08 0.76 0.01 0.01 0.01 0.01 0.01 0.01 0.01 0.18 0.11 0.04 0.24 0.19 2.67 0.10 0.75 0.26 0.12 0.11 0.12 0.07 0.18 0.11 0.03 0.21 0.14 2.66 0.14 2.66 0.70 0.21 0.12 0.13 0.07 0.20 0.12 0.03 0.19 0.11 2.68 0.13 2.67 0.71 0.64 0.23 0.19 0.09 0.26 0.16 0.04 0.20 0.11 2.67 0.13 2.66 0.26 0.79 0.79 0.37 0.16 0.31 0.18 0.04 0.20 0.10 2.66 0.15 2.66 0.12 0.25 0.71 0.96 0.24 0.39 0.20 0.06 0.21 0.09 2.66 0.15 2.67 0.06 0.12 0.24 0.73 0.52 0.83 0.38 0.15 0.24 0.13 2.67 0.15 2.67 0.07 0.10 0.17 0.30 0.81 0.73 0.25 0.32 0.17 2.67 0.10 2.66 0.07 0.10 0.14 0.18 0.25 0.49

I got: 0.42 0.31 0.16 2.67 0.13 2.68 0.07 0.09 0.12 0.14 0.18 0.25 0.71 0.58 0.20 2.68 0.12 2.68 0.05 0.07 0.09 0.10 0.12 0.15 0.39 0.71 0.60 0.45 2.67 0.14 2.66 0.03 0.04 0.06 0.05 0.06 0.08 0.19 0.19 0.28 0.51 2.67 0.12 2.69 0.06 0.06 0.07 0.05 0.05 0.07 0.14 0.14 0.27 0.29 0.77 0.02 2.68 0.14 0.11 0.10 0.07 0.06 0.09 0.14 0.13 0.10 0.10 0.04 0.32 2.65 0.06 0.04 0.04 0.02 0.03 0.14 0.03 0.21 0.01 0.01 0.01 0.01 0.01 0.01 0.01 0.01 0.01 0.01 0.01 0.01 0.01 0.01 0.01 0.01 0.01 0.08 0.51 0.01 0.01 0.01 0.01 0.00 0.01 0.01 0.18 0.12 0.03 0.24 0.19 2.66 0.09 0.74 0.26 0.12 0.10 0.12 0.07 0.18 0.11 0.03 0.21 0.14 2.68 0.14 2.67 0.70 0.21 0.12 0.13 0.06 0.20 0.12 0.03 0.19 0.11 2.66 0.13 2.66 0.71 0.64 0.23 0.19 0.10 0.26 0.16 0.04 0.20 0.11 2.67 0.13 2.66 0.26 0.79 0.79 0.37 0.16 0.31 0.17 0.04 0.20 0.10 2.66 0.14 2.66 0.11 0.25 0.71 0.96 0.24 0.38 0.20 0.06 0.21 0.09 2.66 0.16 2.67 0.06 0.12 0.24 0.73 0.52 0.83 0.39 0.15 0.24 0.13 2.68 0.17 2.67 0.07 0.10 0.17 0.29 0.80 0.73 0.25 0.32 0.17 2.66 0.10 2.67 0.07 0.10 0.14 0.18 0.25 0.49

I got: 0.42 0.31 0.16 2.68 0.15 2.67 0.07 0.09 0.12 0.14 0.18 0.25 0.70 0.58 0.20 2.66 0.12 2.68 0.05 0.07 0.09 0.10 0.11 0.15 0.39 0.70 0.61 0.45 2.67 0.13 2.68 0.03 0.04 0.06 0.05 0.05 0.08 0.18 0.18 0.28 0.51 2.66 0.10 2.69 0.06 0.06 0.07 0.05 0.05 0.07 0.14 0.14 0.27 0.28 0.77 0.03 2.67 0.14 0.11 0.10 0.07 0.06 0.09 0.15 0.13 0.09 0.10 0.05 0.32 2.65 0.06 0.04 0.04 0.02 0.04 0.14 0.03 0.21 0.01 0.01 0.01 0.01 0.01 0.01 0.01 0.01 0.01 0.01 0.01 0.01 0.02 0.01 0.01 0.00 0.01 0.07 0.44 0.01 0.01 0.01 0.01 0.01 0.01 0.01 0.18 0.12 0.03 0.24 0.19 2.66 0.08 0.75 0.26 0.12 0.10 0.12 0.07 0.18 0.11 0.02 0.21 0.14 2.67 0.14 2.70 0.70 0.22 0.12 0.13 0.07 0.20 0.12 0.03 0.20 0.11 2.66 0.13 2.71 0.71 0.64 0.23 0.19 0.10 0.26 0.15 0.04 0.20 0.11 2.70 0.13 2.66 0.26 0.79 0.79 0.37 0.16 0.31 0.17 0.04 0.20 0.10 2.69 0.14 2.67 0.11 0.25 0.70 0.96 0.24 0.39 0.20 0.06 0.21 0.09 2.70 0.15 2.66 0.06 0.12 0.24 0.73 0.52 0.83 0.39 0.15 0.25 0.13 2.68 0.16 2.67 0.07 0.11 0.17 0.29 0.80 0.73 0.25 0.32 0.17 2.67 0.08 2.66 0.07 0.10 0.14 0.17 0.25 0.49

I got: 0.42 0.31 0.16 2.67 0.15 2.66 0.07 0.09 0.12 0.14 0.17 0.25 0.70 0.59 0.20 2.68 0.14 2.68 0.05 0.07 0.09 0.10 0.11 0.16 0.39 0.70 0.60 0.44 2.67 0.17 2.67 0.03 0.04 0.06 0.05 0.05 0.08 0.18 0.19 0.28 0.51 2.68 0.10 2.67 0.06 0.06 0.07 0.05 0.05 0.07 0.14 0.14 0.27 0.28 0.77 0.04 2.67 0.14 0.11 0.10 0.07 0.07 0.09 0.14 0.13 0.09 0.10 0.05 0.33 2.64 0.07 0.04 0.04 0.02 0.04 0.15 0.03 0.20 0.01 0.01 0.01 0.01 0.01 0.01 0.01 0.01 0.01 0.01 0.01 0.01 0.01 0.01 0.01 0.01 0.01 0.08 0.52 0.01 0.01 0.01 0.01 0.01 0.00 0.01 0.18 0.11 0.03 0.24 0.19 2.66 0.09 0.75 0.26 0.12 0.10 0.12 0.07 0.18 0.11 0.02 0.21 0.13 2.67 0.15 2.67 0.70 0.22 0.12 0.13 0.07 0.20 0.11 0.03 0.19 0.11 2.67 0.15 2.66 0.71 0.64 0.23 0.19 0.10 0.26 0.15 0.04 0.20 0.11 2.66 0.13 2.66 0.26 0.79 0.79 0.37 0.16 0.31 0.17 0.04 0.20 0.10 2.67 0.14 2.67 0.12 0.25 0.70 0.96 0.24 0.38 0.20 0.06 0.21 0.09 2.67 0.16 2.65 0.06 0.12 0.24 0.73 0.52 0.83 0.39 0.15 0.24 0.13 2.66 0.17 2.66 0.07 0.10 0.17 0.30 0.81 0.72 0.26 0.32 0.17 2.67 0.10 2.66 0.07 0.10 0.14 0.17 0.25 0.49

I got: 0.42 0.31 0.16 2.68 0.16 2.67 0.07 0.09 0.12 0.14 0.18 0.25 0.71 0.58 0.20 2.66 0.12 2.66 0.05 0.07 0.09 0.10 0.11 0.16 0.39 0.70 0.60 0.45 2.67 0.14 2.66 0.03 0.04 0.06 0.05 0.05 0.08 0.18 0.19 0.28 0.51 2.68 0.10 2.69 0.06 0.06 0.07 0.05 0.05 0.07 0.14 0.14 0.27 0.29 0.77 0.03 2.68 0.14 0.11 0.10 0.07 0.07 0.09 0.14 0.13 0.09 0.10 0.04 0.32 2.64 0.07 0.04 0.04 0.02 0.04 0.14 0.03 0.20 0.01 0.01 0.01 0.01 0.01 0.01 0.01 0.01 0.01 0.01 0.01 0.01 0.01 0.01 0.01 0.01 0.01 0.08 0.77 0.01 0.00 0.01 0.01 0.01 0.01 0.01 0.18 0.12 0.04 0.24 0.19 2.67 0.10 0.75 0.26 0.13 0.10 0.11 0.07 0.18 0.11 0.02 0.21 0.13 2.66 0.14 2.66 0.70 0.21 0.12 0.13 0.07 0.20 0.12 0.03 0.20 0.11 2.66 0.14 2.68 0.71 0.64 0.22 0.19 0.09 0.26 0.15 0.04 0.20 0.11 2.66 0.12 2.67 0.26 0.79 0.79 0.37 0.16 0.31 0.17 0.04 0.20 0.10 2.67 0.15 2.66 0.11 0.24 0.70 0.96 0.24 0.38 0.20 0.06 0.21 0.10 2.66 0.16 2.66 0.06 0.12 0.24 0.73 0.52 0.83 0.38 0.15 0.24 0.13 2.71 0.15 2.67 0.07 0.10 0.17 0.30 0.80 0.73 0.25 0.32 0.17 2.67 0.09 2.70 0.07 0.10 0.14 0.18 0.25 0.49

I got: 0.41 0.31 0.16 2.68 0.14 2.69 0.07 0.09 0.12 0.14 0.18 0.25 0.70 0.58 0.20 2.68 0.14 2.68 0.05 0.07 0.09 0.10 0.11 0.15 0.39 0.71 0.60 0.45 2.67 0.14 2.67 0.03 0.04 0.06 0.05 0.05 0.08 0.18 0.18 0.28 0.51 2.68 0.11 2.67 0.06 0.06 0.07 0.05 0.05 0.07 0.14 0.14 0.27 0.28 0.77 0.05 2.66 0.14 0.10 0.10 0.07 0.07 0.09 0.14 0.13 0.09 0.11 0.05 0.32 2.64 0.06 0.04 0.04 0.02 0.04 0.14 0.03 0.21 0.01 0.01 0.01 0.01 0.01 0.01 0.01 0.01 0.01 0.01 0.01 0.01 0.01 0.01 0.01 0.01 0.01 0.10 0.69 0.01 0.00 0.01 0.00 0.00 0.01 0.01 0.17 0.12 0.03 0.24 0.19 2.66 0.08 0.75 0.26 0.12 0.11 0.12 0.07 0.17 0.11 0.02 0.21 0.14 2.66 0.12 2.67 0.70 0.21 0.12 0.13 0.06 0.20 0.12 0.02 0.19 0.11 2.66 0.13 2.66 0.71 0.64 0.23 0.19 0.10 0.26 0.15 0.04 0.21 0.11 2.66 0.14 2.66 0.26 0.79 0.79 0.37 0.16 0.31 0.17 0.04 0.20 0.10 2.66 0.13 2.67 0.11 0.24 0.70 0.96 0.24 0.38 0.20 0.06 0.21 0.09 2.67 0.15 2.67 0.06 0.11 0.24 0.73 0.52 0.83 0.38 0.15 0.25 0.13 2.66 0.15 2.66 0.07 0.10 0.17 0.29 0.80 0.73 0.25 0.33 0.17 2.66 0.10 2.66 0.07 0.10 0.14 0.17 0.25 0.49

I got: 0.41 0.31 0.16 2.66 0.13 2.66 0.07 0.09 0.12 0.14 0.18 0.25 0.70 0.58 0.20 2.66 0.13 2.67 0.05 0.07 0.09 0.10 0.11 0.16 0.39 0.71 0.61 0.45 2.66 0.13 2.66 0.03 0.04 0.06 0.05 0.05 0.08 0.18 0.19 0.28 0.51 2.67 0.10 2.69 0.06 0.06 0.06 0.05 0.05 0.07 0.14 0.14 0.27 0.28 0.77 0.03 2.67 0.14 0.10 0.10 0.07 0.06 0.09 0.14 0.13 0.09 0.10 0.05 0.33 2.65 0.06 0.04 0.04 0.02 0.04 0.14 0.03 0.20 0.01 0.01 0.01 0.01 0.01 0.01 0.01 0.01 0.01 0.01 0.01 0.01 0.01 0.01 0.01 0.01 0.01 0.11 0.48 0.01 0.01 0.01 0.01 0.01 0.01 0.01 0.18 0.12 0.03 0.24 0.19 2.67 0.08 0.74 0.26 0.12 0.10 0.12 0.07 0.17 0.10 0.02 0.21 0.14 2.66 0.13 2.66 0.70 0.21 0.12 0.13 0.06 0.20 0.12 0.03 0.20 0.11 2.66 0.14 2.68 0.71 0.64 0.22 0.19 0.10 0.26 0.15 0.04 0.20 0.11 2.66 0.14 2.67 0.26 0.79 0.79 0.37 0.16 0.31 0.17 0.04 0.20 0.10 2.67 0.15 2.67 0.11 0.24 0.70 0.95 0.24 0.38 0.20 0.06 0.21 0.09 2.67 0.15 2.66 0.06 0.12 0.24 0.72 0.52 0.83 0.39 0.15 0.25 0.13 2.66 0.15 2.67 0.07 0.10 0.17 0.29 0.80 0.73 0.25 0.33 0.17 2.66 0.09 2.66 0.07 0.10 0.14 0.17 0.25 0.49

I got: 0.41 0.31 0.16 2.68 0.14 2.69 0.07 0.09 0.12 0.14 0.18 0.25 0.71 0.58 0.20 2.67 0.13 2.72 0.05 0.06 0.09 0.10 0.11 0.15 0.39 0.70 0.60 0.44 2.66 0.14 2.72 0.03 0.04 0.06 0.05 0.05 0.08 0.18 0.19 0.28 0.50 2.68 0.10 2.71 0.06 0.06 0.07 0.05 0.05 0.07 0.14 0.13 0.27 0.29 0.76 0.05 2.67 0.14 0.11 0.10 0.07 0.06 0.09 0.14 0.13 0.09 0.10 0.04 0.33 2.65 0.07 0.04 0.04 0.02 0.04 0.14 0.03 0.20 0.01 0.01 0.01 0.01 0.01 0.01 0.01 0.01 0.01 0.01 0.01 0.01 0.01 0.01 0.01 0.01 0.01 0.07 0.34 0.01 0.00 0.01 0.01 0.01 0.01 0.01 0.18 0.11 0.03 0.24 0.19 2.67 0.09 0.75 0.26 0.12 0.10 0.12 0.07 0.17 0.11 0.02 0.21 0.14 2.66 0.15 2.66 0.70 0.21 0.12 0.13 0.07 0.20 0.12 0.03 0.20 0.11 2.67 0.16 2.67 0.71 0.64 0.22 0.19 0.10 0.26 0.15 0.03 0.21 0.11 2.67 0.13 2.67 0.26 0.79 0.79 0.36 0.16 0.31 0.17 0.04 0.21 0.10 2.68 0.14 2.67 0.11 0.24 0.70 0.95 0.24 0.38 0.20 0.05 0.21 0.10 2.66 0.14 2.66 0.06 0.11 0.24 0.72 0.52 0.83 0.39 0.15 0.25 0.13 2.67 0.16 2.66 0.07 0.10 0.17 0.29 0.80 0.73 0.25 0.33 0.17 2.67 0.09 2.66 0.07 0.10 0.14 0.17 0.25 0.49

I got: 0.42 0.31 0.16 2.67 0.13 2.67 0.07 0.09 0.12 0.14 0.18 0.25 0.70 0.58 0.20 2.69 0.13 2.68 0.05 0.07 0.09 0.10 0.11 0.15 0.39 0.69 0.60 0.44 2.67 0.16 2.66 0.03 0.04 0.06 0.05 0.05 0.08 0.18 0.19 0.28 0.50 2.69 0.11 2.69 0.06 0.06 0.06 0.05 0.05 0.07 0.14 0.14 0.27 0.28 0.77 0.04 2.68 0.14 0.11 0.10 0.07 0.06 0.09 0.14 0.13 0.09 0.10 0.04 0.32 2.65 0.07 0.04 0.04 0.02 0.04 0.13 0.03 0.20 0.01 0.02 0.01 0.01 0.00 0.01 0.01 0.01 0.01 0.01 0.01 0.01 0.01 0.01 0.01 0.01 0.01 0.08 0.66 0.01 0.01 0.01 0.01 0.01 0.01 0.01 0.18 0.11 0.04 0.24 0.19 2.66 0.08 0.75 0.26 0.12 0.11 0.11 0.07 0.18 0.11 0.02 0.21 0.14 2.66 0.12 2.67 0.70 0.22 0.12 0.13 0.07 0.20 0.12 0.03 0.20 0.11 2.67 0.13 2.66 0.71 0.64 0.22 0.19 0.10 0.26 0.15 0.04 0.20 0.11 2.68 0.15 2.66 0.26 0.79 0.79 0.37 0.16 0.31 0.18 0.04 0.21 0.10 2.67 0.14 2.66 0.11 0.24 0.69 0.95 0.24 0.38 0.19 0.06 0.21 0.09 2.66 0.14 2.66 0.06 0.11 0.24 0.72 0.52 0.83 0.38 0.15 0.25 0.13 2.67 0.17 2.66 0.07 0.10 0.17 0.29 0.80 0.73 0.25 0.33 0.17 2.66 0.08 2.66 0.07 0.10 0.14 0.18 0.25 0.49

I got: 0.41 0.31 0.16 2.67 0.14 2.66 0.07 0.09 0.12 0.14 0.17 0.25 0.70 0.58 0.20 2.68 0.13 2.66 0.05 0.07 0.09 0.10 0.11 0.15 0.39 0.70 0.60 0.44 2.66 0.14 2.66 0.03 0.04 0.06 0.05 0.05 0.08 0.18 0.18 0.28 0.51 2.69 0.10 2.67 0.06 0.06 0.06 0.05 0.05 0.07 0.14 0.14 0.27 0.28 0.77 0.03 2.67 0.14 0.11 0.10 0.07 0.06 0.08 0.14 0.13 0.09 0.11 0.05 0.33 2.63 0.06 0.04 0.04 0.02 0.05 0.13 0.03 0.20 0.01 0.01 0.01 0.01 0.01 0.01 0.01 0.01 0.01 0.01 0.01 0.01 0.01 0.01 0.01 0.01 0.01 0.08 0.80 0.01 0.01 0.01 0.01 0.01 0.01 0.01 0.17 0.11 0.03 0.24 0.19 2.67 0.07 0.74 0.26 0.12 0.10 0.12 0.07 0.17 0.10 0.02 0.21 0.13 2.66 0.11 2.69 0.70 0.21 0.12 0.13 0.07 0.20 0.12 0.02 0.20 0.11 2.66 0.13 2.70 0.71 0.63 0.22 0.19 0.10 0.26 0.15 0.03 0.21 0.11 2.67 0.14 2.67 0.26 0.79 0.79 0.37 0.16 0.23 0.13 0.02 0.22 0.09 2.66 0.15 2.67 0.11 0.24 0.68 0.92 0.23 0.37 0.18 0.06 0.20 0.09 2.67 0.14 2.68 0.06 0.11 0.23 0.70 0.50 0.83 0.38 0.15 0.25 0.13 2.67 0.16 2.67 0.07 0.10 0.17 0.30 0.80 0.72 0.25 0.33 0.17 2.67 0.09 2.67 0.07 0.10 0.14 0.17 0.24 0.49

