I got: 0.56 0.16 0.13 2.67 0.14 2.67 0.06 0.08 0.10 0.10 0.11 0.15 0.53 0.43 0.23 2.68 0.12 2.69 0.08 0.10 0.11 0.10 0.10 0.12 0.26 0.58 0.86 0.77 2.68 0.13 2.66 0.11 0.12 0.13 0.12 0.11 0.12 0.20 0.19 0.34 0.80 2.66 0.13 2.66 0.12 0.12 0.13 0.11 0.10 0.10 0.16 0.09 0.22 0.35 0.77 0.04 2.66 0.16 0.13 0.13 0.12 0.10 0.10 0.15 0.08 0.09 0.23 0.06 0.09 2.65 0.07 0.05 0.04 0.02 0.03 0.13 0.04 0.20 0.01 0.01 0.01 0.01 0.01 0.01 0.01 0.01 0.01 0.01 0.01 0.01 0.02 0.01 0.01 0.01 0.01 0.01 0.78 0.01 0.01 0.01 0.01 0.01 0.01 0.01 0.16 0.21 0.13 0.12 0.20 2.66 0.09 0.74 0.27 0.14 0.12 0.15 0.08 0.15 0.20 0.12 0.10 0.16 2.66 0.15 2.66 0.70 0.22 0.13 0.15 0.07 0.16 0.19 0.12 0.10 0.14 2.67 0.14 2.66 0.71 0.64 0.24 0.20 0.08 0.18 0.20 0.13 0.10 0.14 2.66 0.15 2.67 0.27 0.79 0.81 0.39 0.12 0.20 0.20 0.11 0.09 0.13 2.72 0.16 2.66 0.14 0.26 0.71 1.02 0.21 0.25 0.20 0.10 0.07 0.11 2.71 0.15 2.65 0.08 0.13 0.25 0.75 0.51 0.60 0.27 0.14 0.09 0.12 2.66 0.16 2.66 0.09 0.12 0.18 0.31 0.84 0.58 0.19 0.10 0.12 2.67 0.07 2.69 0.07 0.09 0.12 0.14 0.22 0.48

I got: 0.46 0.16 0.13 2.68 0.15 2.70 0.06 0.08 0.10 0.09 0.11 0.16 0.53 0.55 0.23 2.69 0.12 2.69 0.08 0.09 0.11 0.11 0.10 0.11 0.26 0.58 0.86 0.76 2.66 0.12 2.66 0.11 0.11 0.13 0.12 0.11 0.11 0.20 0.19 0.34 0.81 2.66 0.13 2.68 0.12 0.12 0.13 0.11 0.10 0.10 0.16 0.09 0.22 0.35 0.78 0.03 2.68 0.16 0.13 0.13 0.12 0.10 0.10 0.15 0.08 0.09 0.22 0.06 0.09 2.64 0.07 0.05 0.04 0.02 0.03 0.13 0.04 0.20 0.01 0.01 0.01 0.01 0.01 0.01 0.01 0.01 0.01 0.01 0.01 0.01 0.01 0.01 0.01 0.01 0.01 0.05 0.68 0.01 0.01 0.01 0.01 0.01 0.01 0.01 0.16 0.21 0.13 0.12 0.20 2.67 0.07 0.74 0.27 0.14 0.12 0.14 0.08 0.15 0.19 0.12 0.10 0.16 2.66 0.14 2.67 0.70 0.22 0.13 0.15 0.07 0.16 0.19 0.12 0.10 0.14 2.66 0.14 2.67 0.71 0.64 0.24 0.20 0.08 0.18 0.20 0.13 0.10 0.15 2.67 0.13 2.66 0.27 0.79 0.81 0.39 0.12 0.20 0.20 0.11 0.09 0.13 2.66 0.14 2.66 0.14 0.26 0.71 1.02 0.20 0.25 0.19 0.10 0.07 0.11 2.66 0.15 2.66 0.08 0.13 0.25 0.75 0.50 0.60 0.26 0.14 0.09 0.12 2.68 0.16 2.67 0.09 0.12 0.18 0.31 0.84 0.59 0.19 0.10 0.12 2.66 0.09 2.66 0.07 0.09 0.12 0.14 0.21 0.48

I got: 0.46 0.16 0.13 2.66 0.14 2.67 0.06 0.08 0.10 0.09 0.11 0.15 0.53 0.55 0.23 2.67 0.12 2.66 0.08 0.10 0.11 0.11 0.10 0.12 0.26 0.58 0.86 0.76 2.67 0.14 2.66 0.11 0.12 0.13 0.12 0.11 0.11 0.20 0.19 0.34 0.80 2.66 0.12 2.66 0.12 0.12 0.13 0.11 0.10 0.10 0.16 0.10 0.22 0.35 0.78 0.03 2.66 0.16 0.13 0.14 0.12 0.10 0.10 0.15 0.07 0.10 0.23 0.06 0.09 2.65 0.07 0.05 0.04 0.02 0.03 0.13 0.04 0.20 0.01 0.01 0.01 0.01 0.01 0.01 0.01 0.01 0.01 0.01 0.01 0.01 0.01 0.01 0.01 0.01 0.01 0.04 0.46 0.01 0.01 0.01 0.01 0.01 0.01 0.01 0.16 0.21 0.13 0.12 0.20 2.66 0.09 0.73 0.27 0.14 0.12 0.14 0.08 0.15 0.20 0.12 0.10 0.16 2.66 0.13 2.66 0.70 0.22 0.13 0.15 0.06 0.16 0.19 0.12 0.10 0.14 2.67 0.15 2.67 0.71 0.64 0.23 0.21 0.08 0.18 0.20 0.13 0.10 0.15 2.66 0.13 2.66 0.27 0.79 0.81 0.39 0.12 0.20 0.20 0.11 0.08 0.13 2.66 0.15 2.67 0.14 0.25 0.71 1.02 0.20 0.25 0.20 0.10 0.07 0.11 2.66 0.15 2.66 0.08 0.13 0.25 0.75 0.50 0.60 0.27 0.14 0.09 0.12 2.67 0.17 2.66 0.09 0.12 0.18 0.31 0.84 0.59 0.19 0.10 0.12 2.66 0.09 2.66 0.07 0.09 0.12 0.14 0.21 0.48

I got: 0.46 0.16 0.13 2.66 0.16 2.67 0.06 0.08 0.09 0.09 0.11 0.15 0.53 0.55 0.23 2.67 0.12 2.73 0.08 0.09 0.11 0.10 0.10 0.11 0.26 0.58 0.85 0.77 2.67 0.12 2.72 0.11 0.12 0.13 0.12 0.11 0.11 0.20 0.19 0.34 0.81 2.70 0.14 2.66 0.12 0.12 0.13 0.11 0.10 0.11 0.16 0.09 0.22 0.35 0.78 0.04 2.67 0.16 0.13 0.13 0.12 0.10 0.10 0.15 0.07 0.10 0.23 0.06 0.09 2.65 0.07 0.05 0.04 0.02 0.03 0.14 0.04 0.20 0.01 0.01 0.01 0.01 0.01 0.01 0.01 0.01 0.01 0.01 0.01 0.01 0.01 0.01 0.01 0.01 0.01 0.01 0.35 0.00 0.01 0.01 0.01 0.01 0.01 0.01 0.16 0.21 0.13 0.12 0.20 2.66 0.08 0.74 0.27 0.14 0.12 0.14 0.08 0.15 0.20 0.12 0.10 0.16 2.66 0.15 2.66 0.70 0.22 0.13 0.15 0.06 0.16 0.19 0.12 0.10 0.14 2.67 0.14 2.66 0.71 0.64 0.24 0.20 0.08 0.19 0.20 0.13 0.10 0.15 2.66 0.16 2.66 0.27 0.79 0.81 0.39 0.12 0.20 0.20 0.11 0.09 0.13 2.67 0.15 2.67 0.13 0.26 0.71 1.02 0.20 0.25 0.19 0.11 0.07 0.11 2.66 0.15 2.66 0.08 0.13 0.25 0.75 0.51 0.60 0.27 0.14 0.09 0.12 2.68 0.14 2.67 0.09 0.12 0.18 0.31 0.84 0.59 0.19 0.10 0.12 2.67 0.09 2.66 0.07 0.09 0.12 0.14 0.21 0.48

I got: 0.46 0.16 0.13 2.67 0.14 2.66 0.06 0.08 0.10 0.09 0.11 0.16 0.53 0.55 0.23 2.67 0.13 2.67 0.08 0.10 0.11 0.10 0.10 0.12 0.26 0.57 0.85 0.76 2.67 0.13 2.68 0.11 0.11 0.13 0.12 0.10 0.11 0.20 0.20 0.34 0.80 2.67 0.13 2.66 0.12 0.12 0.13 0.11 0.10 0.10 0.16 0.09 0.22 0.35 0.78 0.05 2.66 0.16 0.14 0.13 0.12 0.10 0.10 0.15 0.08 0.10 0.22 0.06 0.09 2.66 0.07 0.05 0.04 0.02 0.03 0.14 0.04 0.20 0.01 0.01 0.01 0.01 0.01 0.01 0.01 0.01 0.01 0.01 0.01 0.01 0.01 0.01 0.01 0.01 0.01 0.03 0.66 0.01 0.01 0.01 0.01 0.01 0.01 0.01 0.16 0.20 0.13 0.12 0.20 2.66 0.09 0.74 0.27 0.14 0.12 0.14 0.07 0.15 0.20 0.12 0.10 0.16 2.66 0.15 2.66 0.70 0.22 0.14 0.15 0.07 0.16 0.19 0.12 0.10 0.14 2.67 0.14 2.66 0.71 0.64 0.23 0.20 0.08 0.19 0.20 0.13 0.10 0.15 2.66 0.15 2.67 0.27 0.79 0.81 0.39 0.13 0.20 0.20 0.11 0.08 0.13 2.67 0.14 2.67 0.13 0.26 0.71 1.02 0.21 0.25 0.19 0.10 0.07 0.11 2.66 0.17 2.66 0.08 0.13 0.25 0.75 0.51 0.60 0.27 0.14 0.09 0.12 2.66 0.18 2.66 0.09 0.12 0.18 0.31 0.84 0.58 0.19 0.10 0.12 2.66 0.09 2.65 0.07 0.09 0.12 0.14 0.21 0.48

I got: 0.46 0.16 0.13 2.68 0.15 2.66 0.06 0.08 0.10 0.09 0.11 0.16 0.53 0.55 0.23 2.68 0.11 2.69 0.08 0.09 0.11 0.11 0.10 0.12 0.26 0.57 0.85 0.76 2.67 0.14 2.65 0.11 0.12 0.13 0.12 0.11 0.11 0.20 0.20 0.34 0.80 2.68 0.13 2.67 0.12 0.12 0.13 0.11 0.10 0.10 0.16 0.09 0.22 0.34 0.78 0.03 2.67 0.16 0.13 0.13 0.12 0.10 0.10 0.14 0.08 0.10 0.22 0.06 0.09 2.66 0.07 0.05 0.04 0.02 0.03 0.13 0.05 0.20 0.01 0.01 0.01 0.01 0.01 0.01 0.01 0.01 0.01 0.01 0.01 0.01 0.01 0.01 0.01 0.01 0.01 0.01 0.78 0.01 0.01 0.01 0.01 0.01 0.01 0.01 0.16 0.21 0.13 0.12 0.20 2.67 0.08 0.73 0.27 0.14 0.12 0.14 0.07 0.15 0.19 0.12 0.10 0.16 2.68 0.14 2.70 0.70 0.22 0.13 0.15 0.07 0.16 0.19 0.12 0.10 0.14 2.66 0.12 2.67 0.71 0.64 0.23 0.21 0.08 0.18 0.20 0.13 0.10 0.15 2.67 0.15 2.68 0.27 0.79 0.80 0.39 0.12 0.20 0.20 0.11 0.08 0.13 2.66 0.16 2.66 0.14 0.26 0.71 1.02 0.20 0.25 0.19 0.10 0.07 0.11 2.66 0.16 2.66 0.08 0.13 0.25 0.75 0.50 0.60 0.27 0.14 0.09 0.12 2.68 0.15 2.67 0.09 0.12 0.18 0.31 0.84 0.59 0.19 0.10 0.12 2.66 0.09 2.66 0.07 0.09 0.12 0.14 0.21 0.48

I got: 0.46 0.16 0.13 2.67 0.15 2.68 0.06 0.08 0.09 0.09 0.11 0.15 0.53 0.55 0.23 2.67 0.13 2.66 0.08 0.10 0.11 0.11 0.10 0.11 0.26 0.57 0.85 0.76 2.67 0.13 2.66 0.11 0.11 0.13 0.12 0.10 0.11 0.20 0.20 0.34 0.81 2.66 0.13 2.66 0.12 0.11 0.13 0.11 0.10 0.10 0.16 0.09 0.22 0.35 0.78 0.03 2.67 0.16 0.13 0.13 0.11 0.10 0.10 0.14 0.08 0.10 0.22 0.06 0.09 2.65 0.07 0.05 0.04 0.02 0.03 0.13 0.04 0.20 0.01 0.01 0.01 0.01 0.01 0.01 0.01 0.01 0.01 0.01 0.01 0.01 0.01 0.01 0.01 0.01 0.01 0.02 0.56 0.01 0.01 0.01 0.01 0.01 0.01 0.01 0.16 0.21 0.13 0.12 0.20 2.65 0.09 0.73 0.27 0.14 0.12 0.14 0.07 0.16 0.20 0.12 0.10 0.16 2.66 0.13 2.66 0.70 0.22 0.13 0.15 0.07 0.16 0.19 0.12 0.10 0.14 2.68 0.15 2.66 0.71 0.64 0.24 0.20 0.08 0.19 0.20 0.13 0.10 0.15 2.66 0.13 2.66 0.27 0.79 0.80 0.39 0.12 0.20 0.20 0.11 0.09 0.13 2.67 0.15 2.67 0.14 0.26 0.71 1.02 0.20 0.25 0.20 0.11 0.07 0.11 2.66 0.15 2.67 0.08 0.13 0.25 0.75 0.50 0.60 0.27 0.14 0.09 0.12 2.68 0.17 2.66 0.09 0.12 0.17 0.31 0.83 0.58 0.19 0.10 0.12 2.67 0.09 2.66 0.07 0.09 0.12 0.14 0.21 0.48

I got: 0.46 0.16 0.13 2.68 0.15 2.68 0.06 0.08 0.10 0.09 0.11 0.15 0.53 0.55 0.23 2.68 0.11 2.67 0.08 0.09 0.11 0.10 0.10 0.11 0.26 0.57 0.85 0.76 2.68 0.12 2.67 0.11 0.11 0.13 0.12 0.11 0.11 0.20 0.19 0.34 0.80 2.66 0.14 2.66 0.11 0.12 0.13 0.11 0.10 0.10 0.16 0.09 0.22 0.35 0.77 0.03 2.67 0.16 0.13 0.14 0.12 0.10 0.10 0.14 0.08 0.10 0.23 0.06 0.09 2.64 0.07 0.05 0.04 0.02 0.03 0.13 0.04 0.20 0.01 0.01 0.01 0.01 0.01 0.01 0.01 0.01 0.01 0.01 0.01 0.01 0.01 0.01 0.01 0.01 0.01 0.01 0.46 0.01 0.01 0.01 0.01 0.01 0.01 0.01 0.16 0.21 0.13 0.12 0.20 2.66 0.09 0.73 0.27 0.14 0.12 0.14 0.07 0.15 0.20 0.12 0.10 0.16 2.66 0.13 2.66 0.70 0.22 0.13 0.15 0.06 0.16 0.19 0.12 0.10 0.14 2.67 0.13 2.66 0.71 0.64 0.24 0.21 0.08 0.19 0.20 0.13 0.10 0.15 2.66 0.15 2.72 0.27 0.79 0.81 0.39 0.12 0.20 0.20 0.11 0.08 0.13 2.67 0.13 2.70 0.13 0.25 0.71 1.01 0.20 0.25 0.19 0.11 0.07 0.11 2.66 0.15 2.68 0.08 0.13 0.25 0.75 0.50 0.60 0.27 0.14 0.09 0.12 2.69 0.17 2.67 0.09 0.12 0.17 0.31 0.84 0.59 0.19 0.10 0.12 2.66 0.09 2.67 0.07 0.09 0.12 0.14 0.21 0.48

I got: 0.46 0.16 0.13 2.71 0.14 2.68 0.06 0.08 0.09 0.09 0.11 0.15 0.53 0.55 0.23 2.69 0.10 2.68 0.08 0.09 0.11 0.10 0.10 0.12 0.26 0.57 0.85 0.76 2.68 0.13 2.67 0.11 0.11 0.13 0.12 0.11 0.11 0.20 0.19 0.34 0.80 2.68 0.12 2.66 0.11 0.12 0.13 0.11 0.10 0.10 0.16 0.09 0.22 0.35 0.78 0.03 2.66 0.16 0.13 0.13 0.12 0.10 0.10 0.15 0.08 0.10 0.23 0.06 0.09 2.65 0.07 0.05 0.04 0.02 0.03 0.14 0.04 0.20 0.01 0.01 0.01 0.01 0.01 0.01 0.01 0.01 0.01 0.01 0.01 0.01 0.01 0.01 0.01 0.01 0.01 0.05 0.46 0.01 0.00 0.01 0.01 0.01 0.01 0.01 0.16 0.20 0.13 0.12 0.20 2.66 0.09 0.74 0.27 0.14 0.12 0.14 0.07 0.15 0.19 0.12 0.10 0.16 2.66 0.16 2.66 0.70 0.22 0.13 0.15 0.07 0.16 0.19 0.12 0.10 0.14 2.67 0.13 2.66 0.71 0.64 0.24 0.20 0.08 0.19 0.20 0.13 0.10 0.15 2.66 0.15 2.66 0.27 0.79 0.80 0.39 0.12 0.20 0.20 0.12 0.09 0.13 2.66 0.13 2.66 0.13 0.26 0.71 1.01 0.20 0.25 0.19 0.11 0.07 0.11 2.67 0.15 2.66 0.08 0.13 0.25 0.75 0.50 0.60 0.27 0.14 0.09 0.12 2.66 0.16 2.66 0.09 0.12 0.18 0.31 0.84 0.59 0.20 0.10 0.12 2.66 0.11 2.67 0.07 0.09 0.12 0.14 0.21 0.48

I got: 0.46 0.16 0.13 2.68 0.14 2.68 0.06 0.07 0.09 0.10 0.11 0.15 0.53 0.55 0.23 2.68 0.11 2.68 0.08 0.10 0.11 0.10 0.10 0.11 0.26 0.57 0.85 0.76 2.68 0.14 2.66 0.11 0.12 0.13 0.12 0.10 0.12 0.20 0.19 0.34 0.80 2.67 0.12 2.67 0.11 0.11 0.13 0.11 0.10 0.10 0.16 0.09 0.22 0.35 0.78 0.04 2.67 0.16 0.13 0.13 0.12 0.10 0.11 0.14 0.08 0.10 0.22 0.06 0.09 2.65 0.07 0.05 0.04 0.02 0.03 0.13 0.04 0.20 0.01 0.01 0.01 0.01 0.01 0.01 0.01 0.01 0.01 0.01 0.01 0.01 0.01 0.01 0.01 0.01 0.01 0.01 0.77 0.01 0.01 0.01 0.01 0.01 0.01 0.01 0.16 0.21 0.13 0.12 0.20 2.67 0.10 0.73 0.27 0.14 0.12 0.14 0.07 0.15 0.19 0.12 0.10 0.16 2.67 0.14 2.66 0.70 0.22 0.13 0.15 0.06 0.16 0.19 0.12 0.10 0.14 2.66 0.13 2.67 0.71 0.64 0.24 0.20 0.08 0.19 0.20 0.13 0.10 0.15 2.67 0.14 2.67 0.27 0.79 0.81 0.39 0.12 0.20 0.20 0.12 0.08 0.13 2.66 0.14 2.67 0.14 0.26 0.71 1.02 0.20 0.25 0.20 0.11 0.07 0.11 2.67 0.14 2.66 0.08 0.13 0.25 0.75 0.50 0.60 0.27 0.14 0.09 0.12 2.67 0.17 2.67 0.09 0.12 0.18 0.31 0.84 0.59 0.19 0.10 0.12 2.71 0.10 2.66 0.07 0.09 0.12 0.14 0.21 0.48

I got: 0.46 0.16 0.13 2.68 0.14 2.67 0.06 0.08 0.10 0.09 0.11 0.15 0.53 0.55 0.23 2.69 0.11 2.66 0.08 0.10 0.11 0.11 0.10 0.11 0.26 0.57 0.85 0.76 2.66 0.12 2.69 0.11 0.11 0.13 0.12 0.10 0.11 0.20 0.19 0.34 0.80 2.67 0.13 2.66 0.11 0.12 0.13 0.11 0.10 0.10 0.16 0.08 0.22 0.35 0.78 0.03 2.66 0.16 0.13 0.13 0.12 0.10 0.10 0.14 0.07 0.10 0.22 0.06 0.09 2.65 0.07 0.05 0.04 0.02 0.03 0.14 0.04 0.20 0.01 0.01 52.81 0.01 0.01 0.01 0.01 0.01 0.01 0.01 0.01 0.01 0.01 0.01 0.01 0.01 0.01 0.01 0.72 0.01 0.01 0.01 0.01 0.01 0.01 0.01 0.16 0.21 0.13 0.12 0.20 2.66 0.08 0.73 0.27 0.14 0.12 0.14 0.07 0.15 0.20 0.12 0.10 0.16 2.66 0.13 2.66 0.70 0.22 0.13 0.15 0.06 0.16 0.19 0.12 0.10 0.14 2.66 0.15 2.66 0.71 0.64 0.23 0.20 0.08 0.19 0.20 0.13 0.10 0.15 2.66 0.15 2.66 0.27 0.79 0.80 0.39 0.11 0.20 0.20 0.12 0.08 0.13 2.66 0.14 2.66 0.13 0.25 0.71 1.01 0.20 0.25 0.19 0.11 0.07 0.11 2.66 0.15 2.67 0.08 0.13 0.25 0.75 0.50 0.60 0.27 0.14 0.09 0.12 2.66 0.16 2.66 0.09 0.12 0.18 0.31 0.83 0.59 0.19 0.10 0.12 2.66 0.10 2.67 0.07 0.09 0.12 0.14 0.21 0.48

I got: 0.46 0.16 0.13 2.68 0.15 2.67 0.06 0.08 0.09 0.09 0.11 0.15 0.52 0.55 0.23 2.68 0.12 2.68 0.08 0.09 0.11 0.11 0.10 0.11 0.26 0.57 0.85 0.76 2.67 0.13 2.68 0.11 0.12 0.13 0.12 0.10 0.11 0.20 0.19 0.34 0.80 2.66 0.12 2.67 0.11 0.12 0.13 0.11 0.10 0.10 0.15 0.09 0.23 0.35 0.78 0.03 2.67 0.16 0.13 0.13 0.12 0.10 0.10 0.15 0.07 0.10 0.23 0.06 0.09 2.64 0.07 0.05 0.04 0.02 0.03 0.14 0.04 0.20 0.01 0.01 0.01 0.01 0.01 0.01 0.01 0.01 0.01 0.01 0.01 0.01 0.01 0.01 0.01 0.01 0.01 0.04 0.48 0.01 0.01 0.01 0.01 0.01 0.01 0.01 0.16 0.21 0.13 0.12 0.20 2.66 0.09 0.73 0.27 0.14 0.12 0.14 0.07 0.15 0.19 0.12 0.10 0.16 2.67 0.13 2.66 0.69 0.22 0.13 0.15 0.06 0.16 0.19 0.12 0.10 0.14 2.66 0.15 2.66 0.71 0.64 0.23 0.20 0.07 0.19 0.20 0.13 0.10 0.15 2.67 0.14 2.68 0.27 0.79 0.80 0.39 0.11 0.20 0.20 0.11 0.09 0.13 2.65 0.12 2.66 0.13 0.26 0.71 1.01 0.20 0.25 0.20 0.11 0.07 0.11 2.66 0.15 2.67 0.08 0.13 0.25 0.74 0.50 0.60 0.27 0.14 0.09 0.12 2.66 0.17 2.66 0.09 0.12 0.18 0.31 0.84 0.59 0.19 0.10 0.12 2.66 0.09 2.66 0.06 0.09 0.12 0.14 0.21 0.48

I got: 0.46 0.16 0.13 2.68 0.15 2.66 0.06 0.07 0.10 0.09 0.11 0.15 0.52 0.54 0.23 2.68 0.12 2.67 0.08 0.09 0.11 0.10 0.10 0.12 0.26 0.57 0.84 0.75 2.67 0.13 2.67 0.10 0.11 0.13 0.11 0.10 0.11 0.19 0.19 0.34 0.80 2.67 0.13 2.67 0.11 0.12 0.13 0.11 0.10 0.10 0.16 0.08 0.22 0.35 0.78 0.03 2.68 0.15 0.13 0.13 0.12 0.10 0.10 0.14 0.07 0.10 0.22 0.07 0.09 2.69 0.07 0.05 0.04 0.02 0.03 0.14 0.04 0.21 0.01 0.01 0.01 0.01 0.01 0.01 0.01 0.01 0.01 0.01 0.01 0.01 0.01 0.01 0.01 0.01 0.01 0.06 0.39 0.01 0.01 0.01 0.01 0.01 0.01 0.01 0.16 0.20 0.13 0.12 0.20 2.70 0.10 0.73 0.27 0.14 0.12 0.14 0.07 0.15 0.19 0.12 0.10 0.16 2.67 0.14 2.67 0.70 0.22 0.13 0.15 0.07 0.16 0.19 0.12 0.10 0.14 2.66 0.14 2.66 0.71 0.64 0.24 0.20 0.08 0.19 0.20 0.13 0.10 0.15 2.67 0.15 2.67 0.27 0.79 0.80 0.39 0.11 0.20 0.20 0.11 0.08 0.13 2.66 0.16 2.66 0.13 0.26 0.71 1.01 0.20 0.25 0.19 0.11 0.07 0.11 2.67 0.15 2.67 0.08 0.13 0.25 0.74 0.50 0.60 0.26 0.14 0.09 0.12 2.67 0.18 2.66 0.09 0.12 0.18 0.31 0.83 0.46 0.32 0.10 0.12 2.66 0.08 2.65 0.06 0.09 0.12 0.14 0.21 0.48

I got: 0.55 0.16 0.13 2.68 0.15 2.68 0.06 0.08 0.09 0.09 0.10 0.15 0.52 0.42 0.19 2.67 0.14 2.66 0.06 0.07 0.09 0.08 0.08 0.09 0.22 0.41 0.85 0.77 2.67 0.13 2.66 0.11 0.12 0.13 0.12 0.11 0.11 0.20 0.19 0.33 0.81 2.66 0.14 2.66 0.11 0.12 0.13 0.11 0.10 0.10 0.16 0.09 0.22 0.35 0.78 0.05 2.67 0.15 0.14 0.13 0.11 0.10 0.10 0.14 0.07 0.09 0.24 0.05 0.09 2.64 0.07 0.05 0.04 0.02 0.03 0.14 0.04 0.20 0.01 0.01 0.01 0.01 0.01 0.01 0.01 0.01 0.01 0.01 0.01 0.01 0.01 0.01 0.01 0.01 0.01 0.03 0.61 0.01 0.01 0.01 0.01 0.01 0.01 0.01 0.16 0.21 0.13 0.12 0.20 2.67 0.09 0.74 0.27 0.14 0.12 0.14 0.07 0.15 0.20 0.12 0.10 0.16 2.67 0.13 2.67 0.70 0.22 0.13 0.15 0.06 0.16 0.20 0.12 0.10 0.14 2.66 0.13 2.67 0.71 0.64 0.24 0.20 0.08 0.19 0.21 0.13 0.10 0.15 2.67 0.14 2.67 0.27 0.79 0.80 0.39 0.11 0.20 0.21 0.11 0.08 0.13 2.67 0.14 2.66 0.13 0.25 0.71 1.01 0.19 0.25 0.20 0.11 0.07 0.11 2.66 0.14 2.65 0.08 0.13 0.25 0.75 0.50 0.60 0.27 0.14 0.09 0.12 2.68 0.15 2.67 0.09 0.12 0.18 0.31 0.83 0.59 0.19 0.10 0.12 2.67 0.10 2.67 0.07 0.09 0.12 0.14 0.21 0.47

I got: 0.46 0.16 0.13 2.67 0.15 2.66 0.06 0.08 0.09 0.09 0.11 0.15 0.52 0.55 0.23 2.68 0.13 2.67 0.08 0.10 0.11 0.10 0.10 0.12 0.26 0.57 0.85 0.76 2.66 0.14 2.66 0.11 0.12 0.13 0.12 0.11 0.11 0.20 0.19 0.34 0.80 2.66 0.12 2.66 0.11 0.11 0.13 0.11 0.10 0.10 0.16 0.08 0.22 0.35 0.78 0.05 2.66 0.16 0.13 0.13 0.12 0.10 0.10 0.14 0.07 0.10 0.23 0.05 0.09 2.65 0.07 0.05 0.04 0.02 0.03 0.14 0.04 0.20 0.01 0.01 0.01 0.01 0.01 0.01 0.01 0.01 0.01 0.01 0.01 0.01 0.01 0.01 0.01 0.01 0.01 0.05 0.79 0.01 0.01 0.01 0.01 0.01 0.01 0.01 0.16 0.21 0.13 0.12 0.20 2.66 0.08 0.73 0.27 0.14 0.12 0.14 0.07 0.15 0.20 0.12 0.10 0.16 2.71 0.13 2.66 0.70 0.22 0.13 0.15 0.06 0.16 0.19 0.12 0.10 0.15 2.73 0.15 2.66 0.71 0.64 0.23 0.20 0.07 0.19 0.21 0.13 0.10 0.15 2.66 0.14 2.66 0.27 0.79 0.80 0.39 0.11 0.20 0.20 0.11 0.08 0.13 2.68 0.13 2.69 0.13 0.25 0.71 1.01 0.19 0.25 0.20 0.10 0.07 0.11 2.66 0.16 2.69 0.08 0.13 0.25 0.75 0.50 0.60 0.27 0.14 0.09 0.12 2.66 0.16 2.67 0.09 0.12 0.18 0.31 0.83 0.59 0.19 0.10 0.12 2.66 0.09 2.66 0.07 0.09 0.12 0.14 0.21 0.47

I got: 0.45 0.15 0.13 2.68 0.13 2.68 0.06 0.07 0.09 0.09 0.10 0.15 0.52 0.55 0.23 2.69 0.11 2.68 0.08 0.10 0.11 0.10 0.10 0.12 0.26 0.57 0.85 0.76 2.66 0.13 2.68 0.11 0.11 0.13 0.12 0.10 0.11 0.19 0.19 0.34 0.81 2.66 0.13 2.66 0.11 0.11 0.13 0.11 0.09 0.10 0.16 0.08 0.22 0.35 0.78 0.04 2.68 0.16 0.13 0.13 0.12 0.10 0.10 0.14 0.07 0.10 0.23 0.06 0.09 2.65 0.07 0.05 0.04 0.02 0.03 0.14 0.04 0.20 0.01 0.01 0.01 0.01 0.01 0.01 0.01 0.01 0.01 0.01 0.01 0.01 0.01 0.01 0.01 0.01 0.01 0.01 0.62 0.01 0.01 0.01 0.00 0.01 0.01 0.01 0.16 0.21 0.13 0.12 0.20 2.65 0.09 0.73 0.27 0.14 0.12 0.14 0.07 0.15 0.20 0.12 0.10 0.16 2.66 0.15 2.67 0.70 0.22 0.13 0.15 0.06 0.16 0.19 0.12 0.10 0.15 2.66 0.12 2.67 0.71 0.64 0.24 0.20 0.08 0.19 0.21 0.13 0.10 0.15 2.67 0.12 2.66 0.27 0.78 0.80 0.38 0.12 0.20 0.20 0.11 0.08 0.13 2.66 0.16 2.66 0.13 0.25 0.71 1.01 0.20 0.25 0.20 0.11 0.07 0.11 2.67 0.17 2.67 0.08 0.13 0.25 0.75 0.49 0.60 0.27 0.14 0.09 0.12 2.68 0.18 2.67 0.09 0.12 0.18 0.31 0.83 0.59 0.19 0.10 0.12 2.67 0.09 2.66 0.06 0.09 0.12 0.14 0.21 0.47

I got: 0.45 0.16 0.13 2.66 0.15 2.67 0.06 0.07 0.09 0.09 0.11 0.15 0.52 0.55 0.23 2.67 0.10 2.67 0.08 0.10 0.11 0.11 0.10 0.11 0.26 0.57 0.85 0.76 2.66 0.13 2.66 0.11 0.11 0.13 0.12 0.10 0.11 0.20 0.19 0.34 0.80 2.66 0.13 2.66 0.11 0.11 0.12 0.11 0.10 0.10 0.16 0.08 0.23 0.35 0.78 0.04 2.66 0.16 0.13 0.13 0.12 0.10 0.10 0.15 0.07 0.10 0.23 0.05 0.09 2.65 0.07 0.05 0.04 0.02 0.03 0.14 0.04 0.21 0.01 0.01 0.01 0.01 0.01 0.01 0.01 0.01 0.01 0.01 0.01 0.01 0.01 0.01 0.01 0.01 0.01 0.01 0.48 0.01 0.00 0.01 0.01 0.01 0.01 0.01 0.16 0.21 0.13 0.12 0.20 2.66 0.09 0.73 0.27 0.14 0.12 0.14 0.07 0.15 0.20 0.12 0.10 0.16 2.66 0.14 2.65 0.70 0.22 0.13 0.15 0.06 0.16 0.19 0.12 0.10 0.14 2.66 0.13 2.66 0.71 0.64 0.23 0.20 0.07 0.19 0.21 0.13 0.10 0.15 2.66 0.15 2.66 0.27 0.79 0.80 0.38 0.11 0.20 0.20 0.11 0.08 0.13 2.66 0.14 2.68 0.14 0.25 0.71 1.01 0.20 0.25 0.20 0.10 0.07 0.11 2.67 0.16 2.66 0.08 0.13 0.25 0.75 0.50 0.60 0.27 0.14 0.09 0.12 2.67 0.16 2.71 0.09 0.12 0.18 0.31 0.83 0.59 0.19 0.10 0.12 2.67 0.09 2.70 0.06 0.09 0.12 0.14 0.21 0.47

