I got: 0.53 0.36 0.19 2.67 0.13 2.69 0.08 0.11 0.14 0.17 0.21 0.33 1.05 0.54 0.18 2.66 0.12 2.66 0.03 0.05 0.07 0.07 0.08 0.12 0.36 1.11 0.69 0.41 2.67 0.14 2.67 51.53 0.03 0.05 0.03 0.04 0.05 0.12 0.24 0.34 0.46 2.69 0.10 2.66 0.06 0.06 0.06 0.05 0.04 0.05 0.10 0.16 0.33 0.23 0.79 0.03 2.68 0.14 0.11 0.10 0.07 0.06 0.06 0.10 0.15 0.09 0.12 0.02 0.34 2.65 0.06 0.04 0.04 0.02 0.08 0.09 0.02 0.22 0.01 0.01 0.01 0.01 0.01 0.01 0.01 0.01 0.01 0.01 0.01 0.01 0.01 0.01 0.01 0.01 0.01 0.09 0.51 0.03 0.01 0.00 0.01 0.01 0.01 0.01 0.20 0.08 0.05 0.25 0.19 2.66 0.09 0.75 0.26 0.12 0.09 0.09 0.08 0.20 0.08 0.04 0.22 0.14 2.68 0.13 2.66 0.70 0.21 0.11 0.11 0.08 0.24 0.08 0.03 0.20 0.11 2.68 0.13 2.67 0.71 0.63 0.22 0.16 0.10 0.31 0.09 0.04 0.21 0.11 2.67 0.13 2.67 0.26 0.79 0.79 0.34 0.17 0.36 0.10 0.04 0.20 0.09 2.66 0.15 2.67 0.10 0.23 0.65 0.86 0.23 0.46 0.12 0.04 0.19 0.08 2.66 0.14 2.67 0.05 0.10 0.22 0.67 0.50 1.30 0.35 0.12 0.22 0.10 2.67 0.17 2.66 0.05 0.09 0.15 0.27 0.77 1.11 0.36 0.36 0.18 2.66 0.11 2.66 0.07 0.10 0.14 0.17 0.23 0.50

I got: 0.52 0.37 0.19 2.66 0.14 2.66 0.08 0.11 0.14 0.17 0.21 0.33 1.05 0.54 0.18 2.66 0.13 2.68 0.03 0.05 0.07 0.07 0.08 0.12 0.36 1.11 0.69 0.42 2.67 0.15 2.66 0.02 0.03 0.05 0.04 0.06 0.07 0.13 0.24 0.34 0.45 2.70 0.11 2.67 0.06 0.06 0.06 0.04 0.06 0.06 0.10 0.16 0.33 0.23 0.79 0.03 2.66 0.14 0.10 0.10 0.07 0.08 0.09 0.10 0.15 0.09 0.12 0.02 0.34 2.66 0.07 0.04 0.04 0.02 0.21 0.08 0.02 0.22 0.01 0.01 0.01 0.01 0.01 0.01 0.01 0.01 0.01 0.01 0.01 0.01 0.01 0.01 0.01 0.01 0.01 0.06 0.44 0.01 0.01 0.01 0.01 0.01 0.01 0.01 0.20 0.08 0.05 0.25 0.19 2.66 0.09 0.75 0.26 0.09 0.19 0.09 0.09 0.20 0.08 0.04 0.22 0.14 2.67 0.12 2.72 0.70 0.11 0.22 0.11 0.08 0.24 0.08 0.04 0.21 0.11 2.68 0.15 2.71 0.71 0.52 0.33 0.16 0.11 0.32 0.09 0.05 0.21 0.11 2.69 0.12 2.66 0.26 0.79 0.91 0.34 0.17 0.28 0.08 0.03 0.21 0.09 2.68 0.16 2.67 0.09 0.21 0.62 0.81 0.21 0.44 0.11 0.04 0.18 0.07 2.69 0.13 2.68 0.05 0.10 0.21 0.64 0.48 1.30 0.35 0.12 0.23 0.10 2.66 0.16 2.66 0.05 0.09 0.15 0.28 0.76 1.12 0.36 0.36 0.18 2.66 0.09 2.66 0.07 0.10 0.14 0.17 0.23 0.51

I got: 0.52 0.37 0.19 2.67 0.14 2.66 0.08 0.11 0.14 0.17 0.20 0.34 1.05 0.54 0.18 2.66 0.11 2.69 0.03 0.05 0.07 0.07 0.08 0.13 0.36 1.11 0.69 0.41 2.66 0.14 2.66 0.02 0.04 0.05 0.04 0.05 0.05 0.12 0.24 0.34 0.46 2.66 0.10 2.66 0.06 0.05 0.06 0.05 0.05 0.05 0.10 0.17 0.33 0.23 0.78 0.05 2.66 0.14 0.11 0.10 0.07 0.07 0.06 0.10 0.15 0.09 0.12 0.02 0.33 2.65 0.07 0.04 0.04 0.02 0.13 0.05 0.02 0.22 0.01 0.01 0.01 0.01 0.01 0.01 0.01 0.01 0.01 0.01 0.01 0.01 0.02 0.01 0.01 0.01 0.01 0.07 0.51 0.01 0.01 0.01 0.01 0.01 0.01 0.01 0.20 0.08 0.06 0.25 0.19 2.67 0.10 0.75 0.26 0.12 0.09 0.09 0.09 0.20 0.07 0.04 0.22 0.14 2.68 0.13 2.68 0.70 0.20 0.12 0.11 0.08 0.24 0.07 0.04 0.20 0.11 2.67 0.13 2.66 0.71 0.62 0.23 0.16 0.11 0.32 0.09 0.04 0.21 0.11 2.67 0.14 2.66 0.26 0.79 0.80 0.34 0.17 0.34 0.09 0.03 0.21 0.09 2.67 0.15 2.66 0.09 0.21 0.60 0.79 0.21 0.43 0.11 0.04 0.18 0.07 2.68 0.14 2.68 0.05 0.10 0.21 0.63 0.47 1.30 0.35 0.12 0.22 0.10 2.66 0.16 2.66 0.05 0.09 0.15 0.28 0.76 1.11 0.36 0.36 0.18 2.66 0.09 2.66 0.07 0.10 0.14 0.17 0.22 0.52

I got: 0.52 0.37 0.19 2.67 0.14 2.67 0.08 0.10 0.14 0.17 0.20 0.34 1.04 0.55 0.18 2.67 0.14 2.68 0.03 0.05 0.07 0.07 0.08 0.13 0.36 1.12 0.68 0.41 2.66 0.14 2.67 0.02 0.03 0.05 0.04 0.06 0.05 0.13 0.24 0.34 0.44 2.68 51.53 2.68 0.06 0.06 0.06 0.04 0.05 0.05 0.10 0.17 0.33 0.23 0.78 0.03 2.67 0.14 0.10 0.10 0.07 0.07 0.07 0.10 0.15 0.09 0.12 0.02 0.33 2.65 0.07 0.04 0.04 0.02 0.14 0.05 0.02 0.22 0.01 0.01 0.01 0.01 0.01 0.01 0.01 0.01 0.01 0.01 0.01 0.01 0.01 0.01 0.01 0.01 0.01 0.11 0.79 0.06 0.01 0.01 0.01 0.01 0.01 0.01 0.20 0.07 0.05 0.25 0.19 2.67 0.07 0.75 0.26 0.12 0.09 0.09 0.09 0.20 0.08 0.04 0.22 0.14 2.66 0.14 2.66 0.70 0.20 0.12 0.11 0.08 0.23 0.07 0.04 0.20 0.11 2.66 0.12 2.67 0.71 0.61 0.24 0.17 0.10 0.31 0.09 0.05 0.21 0.11 2.66 0.14 2.67 0.26 0.79 0.81 0.34 0.17 0.31 0.08 0.03 0.22 0.09 2.66 0.16 2.65 0.08 0.19 0.56 0.71 0.17 0.41 0.10 0.04 0.17 0.07 2.67 0.13 2.67 0.05 0.09 0.20 0.60 0.45 1.31 0.35 0.13 0.22 0.10 2.71 0.16 2.67 0.05 0.09 0.15 0.28 0.73 1.11 0.36 0.36 0.18 2.67 0.10 2.69 0.07 0.10 0.14 0.17 0.19 0.56

I got: 0.52 0.37 0.19 2.69 0.14 2.69 0.08 0.10 0.14 0.17 0.17 0.39 1.05 0.55 0.18 2.67 0.13 2.67 0.03 0.05 0.07 0.07 0.08 0.22 0.36 1.12 0.68 0.41 2.68 0.12 2.67 0.02 0.03 0.05 0.04 0.12 0.15 0.13 0.24 0.34 0.45 2.68 0.10 2.69 0.06 0.05 0.06 0.05 0.08 0.12 0.09 0.16 0.33 0.23 0.78 0.04 2.68 0.14 0.10 0.10 0.07 0.10 0.15 0.10 0.15 0.09 0.12 0.02 0.33 2.65 0.07 0.04 0.04 0.02 0.27 0.19 0.02 0.22 0.01 0.01 0.01 0.01 0.01 0.01 0.01 0.01 0.01 0.01 0.01 0.01 0.01 0.01 0.01 0.01 0.01 0.08 0.69 0.07 0.00 0.01 0.01 0.01 0.01 0.01 0.20 0.08 0.05 0.25 0.19 2.67 0.08 0.75 0.26 0.09 0.19 0.10 0.08 0.20 0.08 0.04 0.22 0.14 2.68 0.13 2.67 0.70 0.11 0.21 0.11 0.08 0.23 0.08 0.03 0.20 0.11 2.68 0.13 2.66 0.71 0.52 0.33 0.16 0.11 0.31 0.09 0.04 0.21 0.11 2.66 0.13 2.66 0.26 0.79 0.90 0.34 0.17 0.30 0.09 0.02 0.22 0.09 2.65 0.14 2.66 0.08 0.19 0.55 0.70 0.17 0.36 0.09 0.04 0.16 0.06 2.68 0.12 2.68 0.04 0.09 0.19 0.56 0.42 1.31 0.36 0.12 0.22 0.10 2.66 0.15 2.66 0.05 0.09 0.15 0.27 0.68 1.11 0.35 0.36 0.18 2.66 0.10 2.66 0.07 0.10 0.14 0.17 0.14 0.62

I got: 0.52 0.37 0.19 2.67 0.15 2.66 0.08 0.10 0.14 0.17 0.14 0.42 1.04 0.55 0.18 2.67 0.14 2.68 0.03 0.05 0.07 0.07 0.08 0.22 0.36 1.13 0.69 0.42 2.67 0.14 2.67 0.02 0.03 0.05 0.04 0.12 0.15 0.13 0.24 0.34 0.45 2.68 0.10 2.67 0.06 0.05 0.06 0.05 0.09 0.12 0.10 0.17 0.33 0.23 0.78 0.03 2.67 0.14 0.10 0.10 0.07 0.10 0.15 0.10 0.15 0.09 0.12 0.02 0.33 2.65 0.07 0.04 0.04 0.02 0.28 0.18 0.02 0.22 0.01 0.01 0.01 0.01 0.01 0.01 0.01 0.01 0.01 0.01 0.01 0.01 0.02 0.01 0.01 0.01 0.01 0.09 0.49 0.06 0.00 0.01 0.01 0.01 0.01 0.01 0.20 0.08 0.05 0.26 0.19 2.67 0.11 0.75 0.26 0.09 0.18 0.09 0.09 0.20 0.08 0.03 0.22 0.14 2.66 0.14 2.66 0.70 0.11 0.21 0.11 0.07 0.23 0.08 0.03 0.20 0.11 2.66 0.15 2.66 0.71 0.53 0.32 0.16 0.10 0.31 0.10 0.04 0.21 0.11 2.66 0.14 2.67 0.26 0.79 0.90 0.34 0.17 0.28 0.08 0.02 0.22 0.09 2.67 0.14 2.66 0.11 0.24 0.68 0.90 0.24 0.48 0.12 0.04 0.20 0.08 2.67 0.17 2.66 0.05 0.11 0.23 0.70 0.52 1.30 0.35 0.12 0.22 0.10 2.67 0.15 2.67 0.05 0.09 0.15 0.28 0.78 1.12 0.35 0.36 0.18 2.66 0.10 2.66 0.07 0.10 0.14 0.17 0.24 0.49

I got: 0.51 0.37 0.19 2.68 0.14 2.69 0.08 0.11 0.14 0.17 0.21 0.33 1.04 0.55 0.18 2.67 0.14 2.67 0.04 0.05 0.07 0.07 0.08 0.12 0.36 1.12 0.70 0.42 2.66 0.13 2.71 0.02 0.03 0.05 0.04 0.04 0.06 0.13 0.24 0.34 0.44 2.69 0.10 2.73 0.06 0.06 0.06 0.04 0.04 0.05 0.09 0.16 0.33 0.23 0.78 0.02 2.73 0.14 0.11 0.10 0.07 0.06 0.07 0.10 0.15 0.09 0.12 0.02 0.33 2.65 0.07 0.04 0.04 0.02 0.06 0.12 0.02 0.23 0.01 0.01 0.01 0.01 0.01 0.01 0.01 0.01 0.01 0.01 0.01 0.01 0.02 0.01 0.01 0.01 0.01 0.06 0.36 0.05 0.01 0.01 0.01 0.01 0.01 0.01 0.20 0.08 0.05 0.25 0.19 2.67 0.10 0.75 0.26 0.12 0.09 0.09 0.09 0.20 0.08 0.03 0.22 0.14 2.66 0.15 2.65 0.70 0.21 0.11 0.11 0.08 0.23 0.08 0.03 0.20 0.11 2.67 0.13 2.66 0.71 0.63 0.22 0.17 0.10 0.32 0.10 0.04 0.21 0.11 2.66 0.14 2.66 0.26 0.79 0.79 0.34 0.17 0.37 0.11 0.03 0.20 0.09 2.67 0.14 2.65 0.11 0.23 0.67 0.89 0.24 0.48 0.12 0.04 0.20 0.08 2.66 0.16 2.66 0.05 0.11 0.23 0.69 0.52 1.30 0.36 0.11 0.23 0.10 2.67 0.16 2.66 0.05 0.09 0.15 0.27 0.78 1.12 0.35 0.36 0.18 2.67 0.11 2.66 0.07 0.10 0.14 0.17 0.24 0.49

I got: 0.51 0.37 0.19 2.69 0.15 2.68 0.08 0.10 0.14 0.17 0.21 0.33 1.04 0.55 0.18 2.67 0.14 2.66 0.03 0.05 0.07 0.07 0.08 0.12 0.36 1.13 0.69 0.42 2.66 0.15 2.65 0.02 0.03 0.05 0.03 0.04 0.06 0.12 0.24 0.34 0.45 2.67 0.09 2.68 0.06 0.05 0.06 0.04 0.04 0.05 0.09 0.17 0.33 0.23 0.77 0.03 2.67 0.14 0.11 0.10 0.07 0.06 0.07 0.10 0.15 0.09 0.11 0.02 0.34 2.63 0.07 0.04 0.04 0.02 0.06 0.12 0.02 0.22 0.01 0.01 0.01 0.01 0.01 0.01 0.01 0.01 0.01 0.01 0.01 0.01 0.02 0.01 0.01 0.01 0.01 0.10 0.64 0.05 0.01 0.01 0.01 0.01 0.01 0.01 0.20 0.09 0.04 0.25 0.19 2.66 0.08 0.75 0.26 0.12 0.09 0.09 0.09 0.20 0.08 0.03 0.22 0.14 2.66 0.15 2.66 0.70 0.21 0.11 0.11 0.08 0.23 0.08 0.03 0.20 0.11 2.67 0.14 2.67 0.71 0.63 0.22 0.16 0.11 0.31 0.10 0.03 0.21 0.11 2.67 0.12 2.68 0.26 0.79 0.79 0.34 0.17 0.37 0.12 0.03 0.20 0.09 2.66 0.14 2.66 0.11 0.24 0.67 0.89 0.24 0.48 0.13 0.04 0.20 0.08 2.67 0.14 2.67 0.05 0.11 0.23 0.69 0.52 1.31 0.36 0.12 0.23 0.10 2.68 0.18 2.66 0.05 0.09 0.15 0.28 0.78 1.12 0.35 0.36 0.18 2.67 0.09 2.66 0.07 0.10 0.14 0.17 0.24 0.49

I got: 0.51 0.37 0.19 2.68 0.14 2.68 0.08 0.10 0.14 0.17 0.21 0.33 1.04 0.55 0.18 2.68 0.12 2.66 0.03 0.05 0.07 0.07 0.08 0.12 0.36 1.12 0.69 0.42 2.67 0.15 2.66 0.02 0.03 0.05 0.04 0.04 0.06 0.13 0.25 0.34 0.45 2.68 0.10 2.69 0.06 0.06 0.06 0.05 0.04 0.05 0.09 0.17 0.33 0.24 0.78 0.03 2.67 0.14 0.11 0.10 0.07 0.06 0.07 0.10 0.15 0.09 0.11 0.01 0.34 2.64 0.07 0.04 0.04 0.02 0.06 0.11 0.02 0.22 0.01 0.01 0.01 0.01 0.01 0.01 0.01 0.01 0.01 0.01 0.01 0.01 0.01 0.01 0.01 0.01 0.01 0.07 0.78 0.07 0.00 0.01 0.00 0.01 0.01 0.01 0.20 0.08 0.04 0.25 0.19 2.70 0.09 0.75 0.26 0.12 0.09 0.09 0.09 0.20 0.08 0.03 0.22 0.14 2.68 0.13 2.70 0.70 0.20 0.11 0.11 0.08 0.23 0.08 0.03 0.20 0.11 2.68 0.13 2.69 0.71 0.62 0.23 0.16 0.10 0.31 0.10 0.04 0.21 0.11 2.67 0.14 2.67 0.26 0.79 0.80 0.34 0.17 0.36 0.10 0.03 0.21 0.09 2.66 0.15 2.67 0.10 0.22 0.64 0.84 0.22 0.45 0.12 0.04 0.19 0.08 2.67 0.15 2.67 0.05 0.10 0.21 0.65 0.48 1.31 0.35 0.11 0.23 0.10 2.66 0.15 2.66 0.05 0.09 0.15 0.28 0.76 1.13 0.35 0.36 0.18 2.66 0.08 2.66 0.07 0.10 0.14 0.17 0.22 0.51

I got: 0.51 0.37 0.19 2.69 0.13 2.67 0.08 0.10 0.14 0.17 0.20 0.34 1.04 0.55 0.18 2.68 0.12 2.67 0.04 0.05 0.07 0.07 0.08 0.13 0.36 1.12 0.69 0.42 2.67 0.12 2.66 0.02 0.03 0.05 0.04 0.05 0.05 0.13 0.24 0.34 0.44 2.70 0.09 2.68 0.06 0.05 0.06 0.04 0.05 0.05 0.09 0.16 0.33 0.23 0.78 0.04 2.67 0.14 0.11 0.10 0.07 0.07 0.06 0.10 0.15 0.09 0.11 0.01 0.34 2.66 0.06 0.04 0.04 0.02 0.13 0.05 0.02 0.22 0.01 0.01 0.01 0.01 0.01 0.01 0.01 0.01 0.01 0.01 0.01 0.01 0.01 0.01 0.01 0.01 0.01 0.08 0.58 0.06 0.01 0.01 0.01 0.01 0.01 0.01 0.20 0.08 0.04 0.25 0.19 2.66 0.07 0.75 0.26 0.12 0.09 0.09 0.08 0.20 0.08 0.03 0.22 0.14 2.66 0.15 2.67 0.70 0.20 0.12 0.11 0.08 0.23 0.08 0.03 0.20 0.11 2.66 0.12 2.66 0.71 0.61 0.23 0.16 0.11 0.31 0.10 0.03 0.21 0.11 2.66 0.16 2.67 0.26 0.79 0.81 0.34 0.17 0.37 0.10 0.03 0.21 0.09 2.67 0.15 2.66 0.11 0.23 0.67 0.88 0.24 0.48 0.13 0.04 0.20 0.08 2.66 0.14 2.66 0.05 0.11 0.23 0.69 0.51 1.30 0.36 0.12 0.23 0.10 2.67 0.17 2.67 0.05 0.09 0.15 0.27 0.77 1.12 0.35 0.36 0.18 2.66 0.10 2.66 0.07 0.10 0.14 0.17 0.24 0.49

I got: 0.51 0.37 0.19 2.68 0.14 2.68 0.08 0.11 0.14 0.17 0.21 0.33 1.04 0.55 0.18 2.67 0.13 2.66 0.03 0.05 0.07 0.07 0.08 0.12 0.36 1.13 0.69 0.42 2.67 0.14 2.66 0.02 0.03 0.05 0.04 0.04 0.05 0.13 0.24 0.34 0.45 2.69 0.09 2.69 0.06 0.06 0.06 0.05 0.05 0.05 0.10 0.17 0.33 0.23 0.77 0.04 2.68 0.14 0.10 0.10 0.07 0.07 0.06 0.10 0.15 0.09 0.12 0.02 0.34 2.65 0.07 0.04 0.04 0.02 0.13 0.05 0.02 0.22 0.01 0.01 0.01 0.01 0.01 0.01 0.01 0.01 0.01 0.01 0.01 0.01 0.02 0.01 0.01 0.01 0.01 0.05 0.46 0.05 0.01 0.01 0.01 0.01 0.01 0.01 0.20 0.08 0.04 0.25 0.19 2.66 0.09 0.75 0.26 0.12 0.09 0.09 0.09 0.20 0.07 0.03 0.22 0.14 2.66 0.13 2.66 0.70 0.20 0.12 0.11 0.07 0.23 0.08 0.03 0.21 0.11 2.66 0.15 2.67 0.71 0.61 0.23 0.16 0.10 0.31 0.10 0.04 0.21 0.11 2.67 0.14 2.68 0.26 0.79 0.80 0.34 0.17 0.37 0.11 0.03 0.21 0.09 2.66 0.14 2.72 0.10 0.23 0.67 0.88 0.23 0.47 0.13 0.03 0.20 0.08 2.68 0.14 2.71 0.05 0.11 0.23 0.68 0.51 1.30 0.36 0.12 0.23 0.10 2.69 0.15 2.67 0.05 0.09 0.15 0.28 0.77 1.12 0.35 0.36 0.18 2.69 0.09 2.66 0.07 0.10 0.14 0.17 0.24 0.50

I got: 0.50 0.37 0.19 2.70 0.16 2.68 0.08 0.10 0.14 0.17 0.21 0.33 1.04 0.55 0.18 2.67 0.13 2.66 0.03 0.05 0.07 0.07 0.08 0.13 0.36 1.13 0.70 0.42 2.66 0.15 2.67 0.02 0.03 0.05 0.04 0.06 0.05 0.13 0.24 0.34 0.46 2.71 0.10 2.68 0.06 0.05 0.06 0.04 0.05 0.05 0.09 0.16 0.33 0.24 0.76 0.05 2.67 0.14 0.10 0.10 0.07 0.07 0.06 0.10 0.15 0.09 0.11 0.02 0.34 2.64 0.07 0.04 0.04 0.02 0.14 0.05 0.02 0.22 0.01 0.01 0.01 0.01 0.01 0.01 0.01 0.01 0.01 0.01 0.01 0.01 0.01 0.01 0.01 0.01 0.01 0.07 0.44 0.07 0.01 0.01 0.01 0.01 0.01 0.01 0.20 0.08 0.03 0.25 0.19 2.66 0.09 0.75 0.26 0.12 0.09 0.09 0.08 0.20 0.08 0.03 0.22 0.14 2.67 0.13 2.66 0.70 0.20 0.12 0.11 0.08 0.23 0.09 0.03 0.20 0.11 2.67 0.12 2.66 0.71 0.61 0.24 0.16 0.11 0.31 0.10 0.03 0.21 0.11 2.68 0.13 2.67 0.26 0.79 0.81 0.34 0.17 0.34 0.11 0.02 0.21 0.09 2.66 0.19 2.66 0.09 0.21 0.62 0.81 0.21 0.44 0.12 0.03 0.18 0.07 2.67 0.14 2.66 0.05 0.10 0.21 0.63 0.47 1.30 0.36 0.11 0.23 0.10 2.68 0.15 2.67 0.05 0.09 0.15 0.27 0.75 1.13 0.34 0.36 0.18 2.66 0.10 2.66 0.07 0.10 0.14 0.17 0.22 0.52

I got: 0.51 0.37 0.19 2.67 0.13 2.67 0.08 0.10 0.14 0.17 0.20 0.35 1.04 0.55 0.18 2.68 0.13 2.66 0.03 0.05 0.07 0.07 0.08 0.14 0.36 1.13 0.70 0.42 2.66 0.14 2.67 0.02 0.04 0.05 0.04 0.07 0.06 0.12 0.24 0.34 0.46 2.69 0.11 2.70 0.06 0.05 0.06 0.04 0.06 0.05 0.10 0.16 0.33 0.23 0.77 0.05 2.68 0.14 0.11 0.10 0.07 0.08 0.07 0.10 0.15 0.09 0.11 0.02 0.34 2.64 0.06 0.04 0.04 0.02 0.16 0.04 0.02 0.22 0.01 0.01 0.01 0.01 0.01 0.01 0.01 0.01 0.01 0.01 0.01 0.01 0.02 0.01 0.01 0.01 0.01 0.09 0.75 0.07 0.01 0.01 0.01 0.01 0.01 0.01 0.20 0.08 0.04 0.25 0.19 2.67 0.09 0.75 0.26 0.12 0.10 0.09 0.08 0.20 0.08 0.03 0.22 0.14 2.67 0.14 2.67 0.70 0.19 0.13 0.11 0.08 0.23 0.08 0.03 0.20 0.11 2.67 0.13 2.67 0.71 0.60 0.24 0.16 0.11 0.31 0.11 0.03 0.21 0.11 2.67 0.12 2.66 0.26 0.79 0.81 0.34 0.17 0.37 0.11 0.02 0.21 0.09 2.66 0.15 2.66 0.11 0.23 0.66 0.88 0.24 0.47 0.14 0.04 0.20 0.08 2.68 0.16 2.66 0.05 0.11 0.23 0.69 0.52 1.31 0.37 0.10 0.23 0.10 2.66 0.16 2.66 0.05 0.09 0.15 0.28 0.77 1.13 0.34 0.37 0.18 2.66 0.10 2.66 0.07 0.10 0.14 0.17 0.24 0.50

I got: 0.50 0.37 0.19 2.66 0.14 2.66 0.08 0.10 0.14 0.17 0.21 0.33 1.04 0.55 0.18 2.71 0.13 2.67 0.03 0.05 0.07 0.07 0.08 0.14 0.36 1.14 0.69 0.42 2.67 0.13 2.67 0.02 0.03 0.05 0.04 0.07 0.06 0.13 0.24 0.34 0.45 2.70 0.11 2.69 0.06 0.05 0.06 0.04 0.06 0.06 0.09 0.16 0.32 0.24 0.76 0.03 2.69 0.14 0.11 0.10 0.07 0.08 0.07 0.10 0.16 0.09 0.11 0.03 0.34 2.64 0.07 0.04 0.04 0.02 0.16 0.04 0.02 0.22 0.01 0.01 0.01 0.01 0.01 0.01 0.01 0.01 0.01 0.01 0.01 0.01 0.01 0.01 0.01 0.01 0.01 0.07 0.74 0.10 0.01 0.01 0.01 0.01 0.01 0.01 0.20 0.09 0.03 0.25 0.19 2.66 0.09 0.75 0.26 0.12 0.10 0.09 0.08 0.20 0.08 0.02 0.22 0.14 2.66 0.13 2.66 0.70 0.19 0.13 0.11 0.08 0.23 0.08 0.02 0.21 0.11 2.66 0.13 2.66 0.71 0.60 0.25 0.16 0.10 0.31 0.11 0.02 0.21 0.11 2.68 0.15 2.67 0.26 0.79 0.82 0.34 0.17 0.37 0.12 0.01 0.21 0.09 2.66 0.16 2.66 0.11 0.23 0.67 0.88 0.23 0.47 0.14 0.03 0.20 0.08 2.67 0.16 2.67 0.05 0.11 0.23 0.68 0.51 1.30 0.37 0.10 0.23 0.10 2.67 0.16 2.67 0.05 0.09 0.15 0.27 0.75 1.13 0.33 0.37 0.18 2.67 0.10 2.67 0.07 0.10 0.14 0.17 0.21 0.53

I got: 0.50 0.37 0.19 2.66 0.15 2.69 0.08 0.10 0.14 0.17 0.19 0.35 1.04 0.55 0.18 2.68 0.13 2.66 0.04 0.05 0.07 0.07 0.08 0.15 0.36 1.14 0.70 0.42 2.67 0.13 2.67 0.02 0.03 0.05 0.04 0.07 0.07 0.13 0.24 0.34 0.45 2.68 0.10 2.69 0.06 0.05 0.06 0.05 0.06 0.06 0.09 0.16 0.32 0.24 0.76 0.04 2.68 0.14 0.10 0.10 0.07 0.08 0.07 0.10 0.16 0.09 0.11 0.02 0.34 2.65 0.07 0.04 0.04 0.02 0.17 0.04 0.02 0.22 0.01 0.01 0.01 0.01 0.01 0.01 0.01 0.01 0.01 0.01 0.01 0.01 0.01 0.01 0.01 0.01 0.01 0.09 0.48 0.06 0.01 0.01 0.01 0.01 0.01 0.00 0.20 0.08 0.04 0.25 0.19 2.66 0.09 0.74 0.26 0.12 0.10 0.09 0.09 0.20 0.09 0.02 0.22 0.14 2.68 0.14 2.67 0.70 0.18 0.13 0.11 0.08 0.23 0.09 0.03 0.20 0.11 2.67 0.14 2.67 0.71 0.60 0.25 0.16 0.10 0.31 0.11 0.03 0.21 0.11 2.68 0.14 2.66 0.26 0.79 0.82 0.34 0.17 0.37 0.12 0.02 0.21 0.09 2.66 0.15 2.66 0.10 0.23 0.66 0.87 0.23 0.47 0.13 0.03 0.20 0.08 2.67 0.15 2.66 0.05 0.11 0.22 0.68 0.51 1.30 0.37 0.10 0.23 0.10 2.67 0.17 2.66 0.05 0.09 0.15 0.28 0.77 1.13 0.34 0.36 0.18 2.67 0.07 2.66 0.07 0.10 0.14 0.17 0.24 0.50

I got: 0.50 0.37 0.19 2.66 0.15 2.66 0.08 0.10 0.14 0.17 0.19 0.35 1.04 0.55 0.18 2.66 0.11 2.68 0.03 0.05 0.07 0.07 0.08 0.15 0.36 1.13 0.70 0.42 2.67 0.13 2.66 0.02 0.03 0.05 0.04 0.07 0.07 0.13 0.25 0.34 0.45 2.68 0.09 2.68 0.05 0.05 0.06 0.05 0.06 0.06 0.09 0.17 0.33 0.24 0.76 0.04 2.66 0.14 0.10 0.10 0.07 0.08 0.07 0.10 0.15 0.09 0.10 0.03 0.34 2.69 0.07 0.04 0.04 0.02 0.17 0.04 0.02 0.22 0.01 0.01 0.01 0.01 0.01 0.01 0.01 0.01 0.01 0.01 0.01 0.01 0.01 0.01 0.01 0.01 0.01 0.07 0.41 0.07 0.01 0.01 0.01 0.01 0.01 0.01 0.20 0.09 0.03 0.26 0.19 2.70 0.08 0.75 0.26 0.12 0.10 0.09 0.09 0.20 0.09 0.02 0.22 0.14 2.70 0.15 2.68 0.70 0.19 0.13 0.11 0.08 0.23 0.09 0.02 0.21 0.11 2.70 0.13 2.68 0.71 0.60 0.25 0.16 0.11 0.31 0.11 0.02 0.21 0.11 2.66 0.14 2.66 0.26 0.79 0.82 0.34 0.17 0.36 0.12 0.02 0.21 0.09 2.66 0.16 2.66 0.10 0.23 0.66 0.87 0.23 0.46 0.13 0.03 0.20 0.08 2.66 0.14 2.66 0.05 0.11 0.23 0.68 0.51 1.30 0.37 0.11 0.23 0.10 2.66 0.16 2.66 0.05 0.09 0.15 0.27 0.77 1.12 0.34 0.37 0.18 2.66 0.10 2.66 0.07 0.10 0.14 0.17 0.24 0.49

I got: 0.51 0.37 0.19 2.67 0.15 2.67 0.08 0.10 0.14 0.17 0.21 0.33 1.04 0.55 0.18 2.68 0.12 2.67 0.03 0.05 0.07 0.07 0.08 0.12 0.36 1.14 0.70 0.42 2.67 0.13 2.66 0.02 0.03 0.05 0.04 0.04 0.05 0.13 0.24 0.34 0.45 2.68 0.12 2.68 0.06 0.05 0.06 0.04 0.04 0.05 0.09 0.17 0.33 0.24 0.76 0.03 2.68 0.14 0.11 0.10 0.07 0.06 0.07 0.10 0.15 0.09 0.11 0.04 0.34 2.66 0.07 0.04 0.04 0.02 0.09 0.10 0.02 0.22 0.01 0.01 0.01 0.01 0.01 0.01 0.01 0.01 0.01 0.01 0.01 0.01 0.01 0.01 0.01 0.01 0.01 0.07 0.59 0.06 0.01 0.01 0.01 0.01 0.01 0.01 0.20 0.09 0.03 0.25 0.19 2.67 0.08 0.75 0.26 0.12 0.10 0.09 0.09 0.20 0.08 0.02 0.22 0.14 2.67 0.15 2.67 0.70 0.18 0.13 0.11 0.08 0.23 0.08 0.02 0.20 0.11 2.67 0.13 2.66 0.71 0.60 0.25 0.16 0.11 0.31 0.10 0.02 0.21 0.11 2.66 0.16 2.66 0.26 0.79 0.82 0.34 0.17 0.37 0.11 0.02 0.21 0.09 2.68 0.15 2.67 0.10 0.23 0.66 0.87 0.23 0.47 0.14 0.03 0.20 0.08 2.66 0.13 2.66 0.05 0.11 0.22 0.68 0.51 1.30 0.37 0.10 0.23 0.10 2.67 0.17 2.66 0.05 0.09 0.15 0.27 0.74 1.13 0.33 0.37 0.18 2.66 0.11 2.66 0.07 0.10 0.14 0.17 0.21 0.54

