I got: 0.42 0.10 0.09 0.18 2.67 2.67 0.08 0.16 0.13 0.09 0.08 0.57 0.85 0.42 0.27 0.14 2.68 2.68 0.14 0.20 0.15 0.09 0.05 0.35 0.28 0.47 0.61 1.19 0.41 2.69 2.68 0.18 0.21 0.13 0.07 0.09 0.29 0.12 0.14 0.12 0.83 0.71 2.68 2.68 0.11 0.13 0.07 0.04 0.12 0.22 0.04 0.04 0.10 0.58 1.29 2.67 2.68 0.21 0.18 0.09 0.05 0.11 0.22 0.05 0.05 0.14 0.43 0.40 0.57 2.67 0.34 0.23 0.10 0.05 0.16 0.25 0.04 0.04 0.26 0.35 0.05 0.03 0.10 0.08 0.09 0.06 0.03 0.29 0.27 0.04 0.05 0.06 0.01 0.01 0.08 0.06 0.05 0.01 0.08 0.07 0.01 0.01 0.01 0.08 0.09 0.35 0.19 0.12 0.21 0.39 2.67 0.56 0.13 0.05 0.27 0.06 0.05 0.13 0.39 0.20 0.11 0.16 0.20 2.68 2.68 0.60 0.23 0.42 0.15 0.10 0.13 0.35 0.14 0.06 0.09 0.10 2.67 2.68 0.62 1.03 0.66 0.20 0.11 0.12 0.27 0.08 0.03 0.04 0.13 2.67 2.69 0.16 0.70 0.95 0.18 0.08 0.14 0.31 0.07 0.03 0.03 0.20 2.67 2.68 0.10 0.30 0.85 0.41 0.12 0.28 0.30 0.10 0.04 0.04 0.08 2.71 2.70 0.09 0.23 0.37 0.56 0.55 1.03 0.52 0.14 0.05 0.05 0.15 2.67 2.67 0.09 0.19 0.22 0.21 0.52 0.72 0.14 0.04 0.04 0.14 2.67 2.68 0.06 0.12 0.12 0.10 0.08 0.96

I got: 0.41 0.10 0.09 0.18 2.66 2.68 0.08 0.16 0.13 0.10 0.08 0.57 0.84 0.42 0.27 0.13 2.70 2.70 0.14 0.20 0.15 0.09 0.05 0.35 0.28 0.47 0.61 1.19 0.41 2.67 2.68 0.18 0.21 0.13 0.07 0.09 0.29 0.12 0.14 0.12 0.83 0.71 2.68 2.68 0.12 0.13 0.07 0.04 0.13 0.22 0.04 0.04 0.10 0.58 1.29 2.67 2.68 0.21 0.18 0.09 0.05 0.12 0.22 0.05 0.05 0.14 0.43 0.40 0.57 2.67 0.34 0.23 0.10 0.05 0.16 0.25 0.04 0.04 0.27 0.35 0.05 0.03 0.10 0.08 0.09 0.06 0.03 0.29 0.27 0.05 0.05 0.06 0.01 0.01 0.08 0.05 0.05 0.01 0.06 0.08 0.01 0.01 0.01 0.07 0.09 0.36 0.19 0.12 0.21 0.38 2.67 0.56 0.13 0.06 0.27 0.06 0.05 0.13 0.40 0.20 0.11 0.17 0.19 2.68 2.72 0.60 0.23 0.43 0.14 0.10 0.13 0.35 0.14 0.06 0.09 0.10 2.67 2.68 0.62 1.03 0.66 0.20 0.11 0.12 0.27 0.08 0.03 0.04 0.13 2.70 2.67 0.16 0.70 0.95 0.18 0.08 0.14 0.32 0.07 0.03 0.03 0.20 2.68 2.67 0.10 0.30 0.85 0.41 0.12 0.28 0.30 0.10 0.04 0.04 0.08 2.74 2.69 0.09 0.22 0.37 0.56 0.55 1.03 0.52 0.14 0.05 0.05 0.15 2.67 2.67 0.09 0.19 0.22 0.21 0.52 0.72 0.15 0.04 0.04 0.14 2.69 2.68 0.06 0.12 0.12 0.10 0.07 0.96

I got: 0.41 0.10 0.09 0.18 2.67 2.67 0.08 0.16 0.13 0.09 0.20 0.60 0.95 0.49 0.31 0.15 2.70 2.67 0.15 0.22 0.16 0.10 0.06 0.38 0.31 0.51 0.63 1.19 0.41 2.68 2.68 0.18 0.21 0.13 0.07 0.09 0.29 0.12 0.14 0.15 0.77 0.71 2.67 2.68 0.12 0.13 0.07 0.04 0.13 0.22 0.04 0.05 0.13 0.51 1.29 2.68 2.67 0.21 0.19 0.09 0.05 0.12 0.22 0.04 0.04 0.13 0.35 0.40 0.57 2.68 0.34 0.23 0.10 0.05 0.16 0.25 0.03 0.04 0.20 0.27 0.05 0.03 0.09 0.08 0.09 0.06 0.03 0.29 0.27 0.05 0.05 0.07 0.01 0.01 0.07 0.06 0.06 0.01 0.06 0.07 0.01 0.01 0.01 0.07 0.10 0.31 0.19 0.12 0.21 0.39 2.68 0.56 0.13 0.06 0.27 0.06 0.05 0.16 0.35 0.21 0.11 0.16 0.20 2.69 2.69 0.60 0.23 0.42 0.15 0.10 0.16 0.30 0.14 0.06 0.09 0.10 2.68 2.67 0.62 1.03 0.66 0.20 0.11 0.13 0.22 0.08 0.03 0.04 0.13 2.68 2.67 0.16 0.70 0.95 0.18 0.08 0.15 0.26 0.08 0.03 0.03 0.20 2.66 2.66 0.10 0.30 0.85 0.41 0.12 0.31 0.27 0.10 0.04 0.04 0.08 2.71 2.71 0.09 0.23 0.37 0.56 0.55 1.08 0.47 0.14 0.05 0.05 0.15 2.68 2.67 0.09 0.19 0.22 0.21 0.52 0.68 0.14 0.05 0.05 0.14 2.68 2.69 0.06 0.12 0.12 0.10 0.08 0.96

I got: 0.46 0.11 0.10 0.17 2.67 2.66 0.09 0.17 0.15 0.10 0.09 0.59 0.93 0.47 0.29 0.15 2.69 2.69 0.15 0.21 0.16 0.09 0.06 0.38 0.30 0.50 0.63 1.19 0.41 2.68 2.68 0.18 0.21 0.13 0.07 0.09 0.29 0.12 0.14 0.14 0.78 0.71 2.67 2.67 0.12 0.13 0.07 0.04 0.12 0.22 0.04 0.05 0.13 0.53 1.28 2.69 2.68 0.21 0.18 0.09 0.05 0.11 0.22 0.05 0.05 0.13 0.37 0.40 0.57 2.66 0.34 0.23 0.10 0.05 0.16 0.25 0.03 0.04 0.21 0.29 0.05 0.02 0.10 0.08 0.09 0.06 0.03 0.29 0.27 0.05 0.05 0.07 0.01 0.01 0.06 0.07 0.06 0.01 0.07 0.06 0.01 0.01 0.01 0.08 0.09 0.36 0.19 0.12 0.21 0.38 2.68 0.56 0.13 0.05 0.27 0.06 0.05 0.13 0.40 0.20 0.11 0.17 0.19 2.69 2.67 0.60 0.24 0.42 0.15 0.10 0.13 0.35 0.14 0.06 0.09 0.10 2.69 2.68 0.62 1.04 0.66 0.20 0.11 0.12 0.27 0.08 0.03 0.04 0.14 2.68 2.68 0.16 0.70 0.95 0.18 0.08 0.14 0.32 0.08 0.03 0.03 0.20 2.71 2.67 0.10 0.30 0.85 0.41 0.12 0.28 0.30 0.10 0.04 0.04 0.07 2.75 2.71 0.09 0.22 0.37 0.56 0.55 1.03 0.53 0.14 0.05 0.05 0.15 2.68 2.67 0.09 0.19 0.22 0.21 0.52 0.73 0.15 0.04 0.05 0.14 2.68 2.67 0.06 0.12 0.12 0.10 0.08 0.96

I got: 0.41 0.10 0.09 0.17 2.67 2.69 0.08 0.16 0.13 0.09 0.08 0.57 0.84 0.41 0.26 0.13 2.70 2.68 0.14 0.20 0.15 0.09 0.05 0.35 0.28 0.47 0.61 1.19 0.41 2.69 2.69 0.18 0.21 0.13 0.07 0.09 0.29 0.12 0.14 0.12 0.84 0.71 2.67 2.68 0.12 0.13 0.07 0.04 0.12 0.22 0.04 0.04 0.10 0.58 1.29 2.68 2.68 0.21 0.18 0.09 0.05 0.11 0.22 0.05 0.05 0.14 0.43 0.40 0.57 2.68 0.34 0.23 0.10 0.05 0.16 0.25 0.03 0.04 0.27 0.36 0.05 0.03 0.10 0.08 0.09 0.06 0.03 0.29 0.27 0.05 0.05 0.09 0.01 0.01 0.06 0.06 0.07 0.01 0.06 0.06 0.01 0.01 0.01 0.08 0.09 0.36 0.19 0.12 0.21 0.40 2.69 0.56 0.13 0.05 0.27 0.06 0.05 0.12 0.40 0.20 0.11 0.16 0.21 2.68 2.68 0.60 0.23 0.43 0.14 0.10 0.13 0.36 0.14 0.06 0.09 0.10 2.68 2.67 0.62 1.03 0.66 0.20 0.11 0.12 0.27 0.08 0.03 0.04 0.12 2.68 2.68 0.16 0.70 0.95 0.18 0.08 0.14 0.33 0.07 0.03 0.04 0.17 2.66 2.66 0.10 0.30 0.85 0.41 0.12 0.28 0.30 0.10 0.04 0.04 0.07 2.69 2.71 0.09 0.22 0.37 0.55 0.54 1.02 0.53 0.14 0.05 0.05 0.13 2.68 2.68 0.09 0.19 0.22 0.21 0.52 0.73 0.15 0.04 0.04 0.13 2.67 2.69 0.06 0.13 0.12 0.09 0.07 0.96

I got: 0.41 0.10 0.08 0.16 2.67 2.67 0.08 0.16 0.14 0.10 0.08 0.58 0.87 0.43 0.27 0.14 2.68 2.69 0.14 0.20 0.15 0.09 0.05 0.36 0.29 0.48 0.61 1.19 0.40 2.67 2.67 0.18 0.21 0.13 0.07 0.09 0.29 0.12 0.14 0.12 0.82 0.71 2.67 2.68 0.12 0.13 0.07 0.04 0.12 0.22 0.04 0.05 0.10 0.57 1.28 2.69 2.67 0.21 0.19 0.09 0.05 0.11 0.22 0.04 0.04 0.14 0.42 0.40 0.57 2.66 0.34 0.23 0.10 0.05 0.16 0.25 0.03 0.04 0.26 0.34 0.05 0.02 0.10 0.07 0.09 0.06 0.03 0.29 0.27 0.04 0.05 0.07 0.01 0.00 0.07 0.07 0.05 0.01 0.05 0.07 0.01 0.01 0.01 0.06 0.09 0.35 0.19 0.12 0.21 0.37 2.67 0.56 0.14 0.05 0.27 0.06 0.05 0.13 0.39 0.20 0.11 0.17 0.19 2.68 2.68 0.60 0.23 0.42 0.14 0.10 0.14 0.34 0.14 0.06 0.09 0.10 2.69 2.68 0.62 1.03 0.66 0.20 0.11 0.12 0.27 0.08 0.03 0.04 0.13 2.68 2.68 0.16 0.70 0.95 0.18 0.08 0.14 0.31 0.07 0.03 0.03 0.20 2.66 2.67 0.10 0.30 0.85 0.41 0.12 0.28 0.29 0.10 0.04 0.04 0.08 2.69 2.70 0.09 0.22 0.37 0.55 0.54 1.03 0.52 0.14 0.05 0.05 0.15 2.67 2.68 0.09 0.19 0.22 0.21 0.52 0.72 0.15 0.04 0.05 0.14 2.68 2.67 0.06 0.12 0.12 0.10 0.07 0.96

I got: 0.42 0.10 0.09 0.17 2.68 2.67 0.08 0.16 0.14 0.10 0.08 0.58 0.86 0.42 0.27 0.13 2.67 2.75 0.14 0.20 0.15 0.09 0.05 0.36 0.28 0.47 0.61 1.19 0.40 2.68 2.72 0.18 0.21 0.13 0.07 0.09 0.29 0.12 0.14 0.12 0.83 0.71 2.69 2.68 0.11 0.13 0.07 0.04 0.13 0.22 0.04 0.04 0.10 0.59 1.29 2.70 2.67 0.21 0.19 0.09 0.05 0.12 0.22 0.04 0.05 0.14 0.44 0.40 0.57 2.68 0.34 0.23 0.10 0.05 0.17 0.25 0.03 0.04 0.27 0.36 0.05 0.03 0.10 0.07 0.09 0.06 0.03 0.29 0.27 0.05 0.05 0.05 0.01 0.01 0.06 0.09 0.05 0.01 0.06 0.06 0.01 0.01 0.01 0.06 0.09 0.36 0.19 0.12 0.21 0.37 2.67 0.56 0.13 0.05 0.27 0.06 0.05 0.12 0.40 0.21 0.11 0.17 0.18 2.67 2.67 0.60 0.23 0.43 0.14 0.10 0.13 0.36 0.14 0.06 0.09 0.10 2.67 2.68 0.62 1.03 0.66 0.20 0.11 0.11 0.28 0.08 0.03 0.04 0.14 2.68 2.68 0.16 0.70 0.95 0.18 0.09 0.14 0.32 0.07 0.03 0.03 0.20 2.67 2.67 0.10 0.30 0.85 0.41 0.12 0.28 0.30 0.10 0.04 0.04 0.08 2.71 2.70 0.09 0.22 0.37 0.55 0.54 1.02 0.53 0.14 0.05 0.05 0.15 2.67 2.67 0.09 0.19 0.22 0.21 0.52 0.73 0.15 0.05 0.05 0.14 2.67 2.68 0.06 0.12 0.12 0.10 0.07 0.96

I got: 0.41 0.10 0.08 0.18 2.67 2.68 0.08 0.16 0.13 0.09 0.08 0.56 0.83 0.42 0.27 0.13 2.69 2.69 0.14 0.20 0.15 0.09 0.05 0.35 0.28 0.47 0.61 1.19 0.40 2.68 2.68 0.18 0.21 0.13 0.07 0.09 0.29 0.12 0.14 0.12 0.84 0.71 2.69 2.68 0.11 0.13 0.07 0.04 0.12 0.22 0.04 0.04 0.10 0.59 1.28 2.67 2.67 0.21 0.18 0.09 0.05 0.11 0.22 0.04 0.05 0.14 0.44 0.56 0.83 2.68 0.51 0.32 0.13 0.06 0.11 0.24 0.05 0.05 0.28 0.37 0.05 0.02 0.10 0.08 0.09 0.07 0.03 0.29 0.27 0.05 0.05 0.07 0.01 0.01 0.06 0.06 0.06 0.01 0.06 0.06 0.01 0.01 0.01 0.08 0.09 0.36 0.19 0.12 0.21 0.53 2.68 0.56 0.14 0.06 0.27 0.06 0.05 0.12 0.40 0.21 0.11 0.17 0.31 2.67 2.68 0.60 0.23 0.42 0.14 0.10 0.13 0.36 0.14 0.06 0.09 0.14 2.68 2.67 0.62 1.03 0.66 0.20 0.11 0.12 0.28 0.08 0.03 0.04 0.06 2.67 2.67 0.16 0.70 0.95 0.18 0.08 0.14 0.32 0.08 0.03 0.03 0.05 2.68 2.67 0.10 0.30 0.86 0.41 0.12 0.28 0.30 0.10 0.04 0.04 0.06 2.68 2.70 0.09 0.22 0.37 0.55 0.54 1.02 0.53 0.14 0.05 0.05 0.07 2.67 2.68 0.09 0.19 0.22 0.21 0.52 0.73 0.15 0.05 0.04 0.05 2.68 2.68 0.06 0.12 0.12 0.10 0.08 0.96

I got: 0.41 0.10 0.08 0.09 2.68 2.67 0.08 0.16 0.13 0.09 0.08 0.57 0.83 0.42 0.26 0.22 2.69 2.71 0.14 0.20 0.15 0.09 0.05 0.35 0.28 0.47 0.61 1.19 0.54 2.69 2.68 0.18 0.21 0.13 0.07 0.08 0.29 0.12 0.14 0.12 0.84 0.86 2.68 2.67 0.12 0.13 0.07 0.04 0.12 0.22 0.04 0.04 0.10 0.59 1.29 2.68 2.68 0.21 0.19 0.09 0.05 0.11 0.22 0.04 0.05 0.10 0.48 0.57 0.83 2.67 0.52 0.32 0.13 0.06 0.11 0.24 0.05 0.05 0.28 0.37 0.05 0.03 0.10 0.08 0.09 0.06 0.03 0.29 0.27 0.05 0.05 0.08 0.01 0.01 0.09 0.05 0.06 0.01 0.07 0.09 0.01 0.01 0.01 0.08 0.09 0.36 0.19 0.12 0.21 0.53 2.69 0.56 0.13 0.05 0.27 0.06 0.05 0.12 0.41 0.20 0.11 0.17 0.31 2.68 2.67 0.60 0.23 0.42 0.14 0.10 0.13 0.36 0.14 0.06 0.09 0.14 2.69 2.71 0.62 1.03 0.66 0.20 0.11 0.11 0.28 0.08 0.03 0.04 0.06 2.69 2.69 0.16 0.70 0.95 0.18 0.08 0.14 0.33 0.08 0.03 0.03 0.05 2.67 2.67 0.10 0.30 0.86 0.41 0.12 0.28 0.30 0.10 0.04 0.05 0.06 2.71 2.71 0.09 0.22 0.37 0.55 0.54 1.02 0.53 0.14 0.05 0.05 0.07 2.67 2.68 0.09 0.19 0.22 0.21 0.52 0.74 0.14 0.04 0.05 0.05 2.67 2.68 0.06 0.12 0.12 0.10 0.08 0.96

I got: 0.40 0.09 0.08 0.09 2.67 2.67 0.08 0.16 0.13 0.09 0.08 0.57 0.82 0.41 0.26 0.22 2.69 2.69 0.14 0.19 0.15 0.09 0.05 0.35 0.28 0.47 0.60 1.19 0.54 2.68 2.68 0.18 0.21 0.13 0.07 0.08 0.29 0.12 0.14 0.12 0.84 0.86 2.69 2.69 0.11 0.13 0.07 0.04 0.13 0.22 0.04 0.04 0.10 0.59 1.29 2.67 2.67 0.21 0.18 0.09 0.04 0.11 0.22 0.04 0.05 0.10 0.49 0.57 0.83 2.69 0.51 0.32 0.13 0.06 0.11 0.23 0.05 0.05 0.28 0.37 0.05 0.03 0.10 0.08 0.09 0.07 0.03 0.29 0.27 0.05 0.05 0.11 0.01 0.01 0.06 0.06 0.09 0.01 0.03 0.07 0.01 0.01 0.01 0.06 0.08 0.37 0.19 0.12 0.21 0.53 2.68 0.56 0.14 0.05 0.27 0.06 0.05 0.11 0.41 0.21 0.11 0.17 0.31 2.68 2.68 0.60 0.23 0.43 0.14 0.10 0.13 0.36 0.14 0.06 0.09 0.14 2.67 2.67 0.61 1.03 0.66 0.20 0.11 0.11 0.28 0.08 0.03 0.04 0.06 2.67 2.67 0.16 0.70 0.95 0.18 0.08 0.14 0.33 0.08 0.03 0.03 0.05 2.67 2.67 0.10 0.30 0.85 0.41 0.12 0.27 0.30 0.10 0.04 0.04 0.06 2.71 2.69 0.09 0.22 0.36 0.55 0.54 1.01 0.53 0.14 0.05 0.05 0.07 2.67 2.67 0.09 0.19 0.22 0.21 0.52 0.74 0.15 0.05 0.05 0.05 2.68 2.67 0.06 0.12 0.12 0.10 0.07 0.96

I got: 0.40 0.09 0.08 0.09 2.68 2.67 0.08 0.15 0.13 0.09 0.07 0.56 0.82 0.41 0.26 0.22 2.69 2.71 0.13 0.19 0.14 0.09 0.05 0.35 0.28 0.46 0.60 1.19 0.54 2.68 2.69 0.18 0.21 0.13 0.07 0.08 0.29 0.12 0.14 0.11 0.84 0.86 2.68 2.68 0.12 0.13 0.07 0.04 0.13 0.22 0.04 0.04 0.10 0.59 1.28 2.68 2.68 0.21 0.18 0.09 0.05 0.11 0.22 0.04 0.05 0.10 0.49 0.56 0.83 2.67 0.51 0.32 0.13 0.06 0.10 0.24 0.05 0.05 0.29 0.38 0.05 0.03 0.10 0.08 0.09 0.07 0.03 0.29 0.27 0.05 0.05 0.05 0.01 0.01 0.06 0.07 0.05 0.01 0.07 0.06 0.01 0.01 0.01 0.06 0.09 0.37 0.19 0.12 0.21 0.52 2.68 0.56 0.13 0.05 0.27 0.06 0.05 0.12 0.41 0.21 0.11 0.17 0.31 2.67 2.67 0.60 0.23 0.43 0.14 0.10 0.12 0.36 0.14 0.06 0.09 0.14 2.67 2.68 0.61 1.02 0.66 0.20 0.11 0.11 0.28 0.08 0.03 0.04 0.06 2.67 2.68 0.16 0.70 0.95 0.18 0.08 0.14 0.33 0.08 0.03 0.03 0.05 2.67 2.66 0.10 0.30 0.86 0.41 0.12 0.27 0.30 0.10 0.04 0.04 0.06 2.71 2.75 0.09 0.22 0.36 0.55 0.54 1.01 0.54 0.14 0.05 0.05 0.06 2.70 2.68 0.09 0.19 0.22 0.21 0.52 0.74 0.15 0.05 0.04 0.05 2.71 2.68 0.06 0.12 0.12 0.10 0.07 0.96

I got: 0.40 0.09 0.08 0.09 2.67 2.66 0.08 0.15 0.13 0.09 0.07 0.56 0.82 0.41 0.26 0.21 2.69 2.71 0.14 0.19 0.15 0.09 0.05 0.35 0.28 0.46 0.60 1.19 0.54 2.68 2.68 0.18 0.21 0.13 0.07 0.09 0.29 0.12 0.14 0.11 0.84 0.86 2.68 2.67 0.11 0.13 0.07 0.04 0.13 0.22 0.04 0.05 0.10 0.59 1.29 2.68 2.69 0.21 0.18 0.09 0.05 0.12 0.22 0.05 0.05 0.10 0.50 0.57 0.83 2.67 0.51 0.32 0.13 0.06 0.11 0.24 0.05 0.05 0.29 0.38 0.05 0.03 0.10 0.08 0.09 0.07 0.03 0.29 0.27 0.05 0.05 0.06 0.01 0.01 0.06 0.08 0.05 0.01 0.02 0.06 0.01 0.01 0.01 0.06 0.09 0.37 0.19 0.12 0.21 0.52 2.68 0.56 0.13 0.06 0.27 0.06 0.05 0.11 0.41 0.21 0.11 0.17 0.31 2.68 2.69 0.60 0.23 0.42 0.14 0.10 0.12 0.36 0.14 0.06 0.09 0.14 2.68 2.67 0.61 1.03 0.66 0.20 0.11 0.12 0.28 0.08 0.03 0.04 0.06 2.69 2.67 0.16 0.70 0.95 0.18 0.09 0.14 0.33 0.08 0.03 0.03 0.05 2.67 2.67 0.10 0.30 0.86 0.41 0.12 0.27 0.30 0.10 0.04 0.04 0.06 2.70 2.70 0.09 0.22 0.36 0.55 0.54 1.01 0.54 0.14 0.05 0.05 0.07 2.69 2.67 0.09 0.19 0.22 0.21 0.52 0.74 0.15 0.04 0.05 0.05 2.69 2.67 0.06 0.12 0.12 0.10 0.07 0.96

I got: 0.40 0.09 0.08 0.09 2.67 2.66 0.08 0.15 0.13 0.09 0.07 0.56 0.82 0.41 0.26 0.21 2.70 2.70 0.14 0.19 0.15 0.09 0.05 0.35 0.28 0.46 0.60 1.19 0.54 2.68 2.68 0.18 0.21 0.13 0.07 0.08 0.29 0.12 0.14 0.11 0.84 0.86 2.68 2.67 0.12 0.13 0.07 0.04 0.12 0.22 0.04 0.04 0.10 0.59 1.29 2.69 2.67 0.21 0.18 0.09 0.05 0.11 0.22 0.04 0.05 0.10 0.49 0.56 0.83 2.68 0.51 0.32 0.13 0.06 0.10 0.24 0.05 0.05 0.29 0.38 0.05 0.03 0.10 0.08 0.09 0.06 0.03 0.29 0.27 0.05 0.05 0.07 0.01 0.01 0.06 0.05 0.06 0.01 0.04 0.07 0.01 0.01 0.01 0.07 0.08 0.37 0.19 0.12 0.21 0.52 2.68 0.56 0.13 0.05 0.27 0.06 0.05 0.11 0.41 0.21 0.11 0.17 0.31 2.68 2.68 0.60 0.23 0.42 0.14 0.10 0.12 0.36 0.14 0.06 0.09 0.14 2.69 2.68 0.61 1.03 0.65 0.20 0.11 0.11 0.28 0.08 0.03 0.04 0.06 2.69 2.68 0.16 0.70 0.95 0.19 0.09 0.14 0.33 0.08 0.03 0.03 0.05 2.67 2.68 0.10 0.31 0.86 0.41 0.12 0.28 0.31 0.10 0.04 0.04 0.06 2.70 2.71 0.09 0.22 0.37 0.55 0.54 1.01 0.54 0.14 0.05 0.05 0.07 2.67 2.67 0.09 0.19 0.22 0.21 0.52 0.74 0.15 0.04 0.05 0.05 2.68 2.68 0.06 0.12 0.12 0.10 0.08 0.96

I got: 0.40 0.09 0.08 0.09 2.72 2.67 0.08 0.15 0.13 0.09 0.07 0.56 0.82 0.41 0.26 0.21 2.71 2.70 0.14 0.19 0.14 0.09 0.05 0.35 0.28 0.46 0.60 1.19 0.54 2.69 2.70 0.18 0.21 0.13 0.07 0.08 0.29 0.12 0.14 0.11 0.85 0.86 2.67 2.71 0.12 0.13 0.07 0.04 0.12 0.21 0.04 0.05 0.10 0.59 1.29 2.69 2.69 0.21 0.18 0.09 0.04 0.11 0.22 0.04 0.05 0.10 0.49 0.56 0.83 2.68 0.51 0.32 0.13 0.06 0.10 0.24 0.05 0.05 0.29 0.38 0.05 0.03 0.10 0.08 0.09 0.07 0.03 0.29 0.27 0.05 0.05 0.07 0.01 0.01 0.06 0.06 0.06 0.01 0.01 0.06 0.01 0.01 0.01 0.07 0.09 0.37 0.19 0.12 0.21 0.53 2.68 0.55 0.13 0.05 0.27 0.06 0.05 0.12 0.41 0.21 0.11 0.17 0.31 2.69 2.67 0.60 0.23 0.42 0.14 0.10 0.12 0.36 0.14 0.06 0.09 0.14 2.68 2.68 0.61 1.02 0.66 0.20 0.11 0.11 0.28 0.08 0.03 0.04 0.06 2.68 2.68 0.16 0.70 0.96 0.18 0.09 0.14 0.34 0.08 0.03 0.03 0.05 2.65 2.67 0.10 0.30 0.86 0.41 0.12 0.27 0.31 0.10 0.04 0.04 0.06 2.71 2.69 0.09 0.22 0.37 0.55 0.54 1.01 0.54 0.14 0.05 0.05 0.07 2.67 2.68 0.09 0.19 0.22 0.21 0.52 0.74 0.15 0.04 0.04 0.05 2.69 2.68 0.06 0.12 0.12 0.10 0.07 0.96

I got: 0.40 0.09 0.08 0.09 2.67 2.66 0.08 0.15 0.13 0.09 0.07 0.56 0.81 0.41 0.26 0.22 2.69 2.68 0.14 0.19 0.14 0.09 0.05 0.35 0.28 0.46 0.60 1.19 0.54 2.68 2.67 0.18 0.21 0.13 0.07 0.08 0.29 0.12 0.14 0.11 0.85 0.86 2.67 2.67 0.11 0.13 0.07 0.04 0.12 0.22 0.04 0.05 0.09 0.59 1.29 2.68 2.67 0.21 0.18 0.09 0.05 0.11 0.22 0.04 0.05 0.09 0.50 0.56 0.83 2.68 0.51 0.32 0.13 0.06 0.11 0.23 0.05 0.05 0.29 0.38 0.05 0.03 0.10 0.08 0.09 0.07 0.03 0.29 0.27 0.05 0.05 0.06 0.01 0.01 0.06 0.06 0.05 0.01 0.01 0.07 0.01 0.01 0.01 0.06 0.08 0.37 0.19 0.12 0.21 0.52 2.67 0.56 0.13 0.06 0.27 0.06 0.05 0.11 0.42 0.20 0.11 0.17 0.31 2.68 2.67 0.60 0.23 0.43 0.14 0.10 0.12 0.37 0.14 0.06 0.09 0.14 2.69 2.68 0.61 1.03 0.66 0.20 0.11 0.11 0.29 0.08 0.03 0.04 0.06 2.69 2.68 0.16 0.70 0.95 0.18 0.08 0.14 0.34 0.08 0.03 0.03 0.05 2.67 2.68 0.10 0.30 0.86 0.41 0.12 0.27 0.31 0.10 0.04 0.04 0.06 2.71 2.71 0.09 0.22 0.36 0.55 0.54 1.01 0.54 0.14 0.05 0.05 0.07 2.67 2.67 0.09 0.19 0.22 0.21 0.52 0.75 0.15 0.05 0.04 0.05 2.69 2.68 0.06 0.12 0.12 0.10 0.07 0.96

I got: 0.40 0.09 0.08 0.09 2.67 2.68 0.08 0.15 0.13 0.09 0.07 0.56 0.81 0.41 0.26 0.21 2.71 2.69 0.14 0.19 0.14 0.09 0.05 0.35 0.28 0.46 0.60 1.19 0.54 2.68 2.68 0.18 0.21 0.13 0.07 0.08 0.29 0.12 0.14 0.11 0.85 0.86 2.69 2.68 0.12 0.13 0.07 0.04 0.12 0.22 0.04 0.04 0.09 0.59 1.29 2.68 2.71 0.21 0.18 0.09 0.05 0.12 0.22 0.04 0.05 0.10 0.50 0.56 0.83 2.71 0.51 0.32 0.13 0.06 0.11 0.24 0.05 0.05 0.29 0.38 0.05 0.03 0.10 0.08 0.09 0.07 0.03 0.29 0.27 0.05 0.05 0.07 0.01 0.01 0.07 0.07 0.07 0.01 0.01 0.06 0.01 0.01 0.01 0.05 0.08 0.38 0.19 0.12 0.21 0.52 2.71 0.56 0.13 0.05 0.27 0.06 0.05 0.11 0.42 0.21 0.11 0.17 0.31 2.71 2.68 0.60 0.23 0.43 0.14 0.10 0.12 0.37 0.14 0.06 0.09 0.14 2.68 2.68 0.61 1.03 0.66 0.20 0.11 0.11 0.29 0.08 0.03 0.04 0.06 2.68 2.69 0.16 0.70 0.96 0.18 0.09 0.14 0.34 0.08 0.03 0.03 0.05 2.67 2.67 0.10 0.30 0.86 0.41 0.12 0.27 0.31 0.10 0.04 0.04 0.06 2.71 2.70 0.09 0.22 0.36 0.55 0.54 1.00 0.54 0.14 0.05 0.05 0.06 2.68 2.67 0.09 0.19 0.22 0.21 0.52 0.75 0.15 0.04 0.04 0.05 2.69 2.69 0.06 0.12 0.12 0.10 0.07 0.96

