I got: 0.13 0.03 0.07 0.02 2.73 2.72 0.08 0.02 0.01 0.03 0.06 0.40 2.25 0.05 0.10 0.03 2.72 2.70 0.13 0.03 0.01 0.06 0.14 0.79 1.59 0.53 0.40 0.13 0.04 2.69 2.69 0.11 0.03 0.01 0.04 0.08 0.06 0.10 0.21 0.21 0.07 0.59 2.72 2.69 0.21 0.04 0.01 0.05 0.07 0.04 0.04 0.20 0.23 0.06 0.07 2.69 2.69 0.20 0.04 0.01 0.05 0.08 0.04 0.05 0.24 0.17 0.05 0.04 0.48 2.70 0.12 0.03 0.01 0.03 0.07 0.03 0.04 0.17 0.34 0.09 0.09 0.11 0.05 0.16 0.05 0.02 0.05 0.15 0.03 0.07 0.35 0.01 0.01 0.01 0.01 0.01 0.06 0.01 0.06 0.01 0.05 0.06 0.05 0.01 0.14 0.04 0.04 0.11 0.09 0.06 2.71 0.30 0.62 0.63 0.30 0.09 0.15 0.21 0.06 0.05 0.07 0.11 0.05 2.69 2.70 2.71 0.84 0.26 0.09 0.22 0.20 0.05 0.05 0.05 0.11 0.04 2.70 2.69 0.56 0.50 0.10 0.05 0.21 0.19 0.06 0.05 0.05 0.10 0.03 2.70 2.69 0.99 2.77 0.63 0.11 0.18 0.31 0.14 0.06 0.07 0.12 0.05 2.69 2.69 0.87 0.75 0.43 0.51 0.21 0.42 0.57 0.05 0.03 0.10 0.04 2.69 2.69 0.35 0.17 0.05 0.42 0.16 2.46 1.24 0.07 0.02 0.09 0.03 2.69 2.72 0.15 0.05 0.02 0.09 0.46 0.56 0.05 0.03 0.14 0.04 2.69 2.68 0.13 0.04 0.01 0.05 0.07 0.34

I got: 0.12 0.02 0.09 0.03 2.71 2.71 0.09 0.03 0.01 0.04 0.05 0.32 1.81 0.02 0.08 0.03 2.72 2.73 0.10 0.03 0.01 0.05 0.10 0.59 1.18 0.39 0.32 0.13 0.04 2.70 2.69 0.10 0.03 0.01 0.03 0.08 0.07 0.10 0.19 0.09 0.19 0.62 2.70 2.69 0.22 0.04 0.01 0.05 0.07 0.04 0.05 0.21 0.09 0.18 0.08 2.69 2.69 0.19 0.04 0.01 0.05 0.08 0.04 0.05 0.23 0.07 0.14 0.03 0.44 2.71 0.12 0.03 0.01 0.03 0.07 0.02 0.04 0.17 0.13 0.28 0.05 0.06 0.05 0.16 0.05 0.02 0.05 0.14 0.03 0.06 0.35 0.07 0.06 0.01 0.01 0.01 0.07 0.01 0.07 0.01 0.05 0.07 0.06 0.01 0.07 0.12 0.03 0.09 0.09 0.07 2.71 0.30 0.62 0.63 0.30 0.09 0.15 0.09 0.18 0.03 0.04 0.10 0.05 2.69 2.70 2.71 0.84 0.26 0.09 0.20 0.08 0.17 0.03 0.03 0.11 0.04 2.70 2.69 0.57 0.49 0.10 0.05 0.21 0.09 0.16 0.03 0.03 0.09 0.04 2.70 2.69 0.99 2.76 0.63 0.11 0.18 0.18 0.28 0.04 0.04 0.12 0.05 2.69 2.69 0.87 0.75 0.43 0.51 0.21 0.42 0.56 0.05 0.03 0.10 0.04 2.70 2.69 0.35 0.17 0.05 0.42 0.15 2.46 1.24 0.07 0.02 0.09 0.03 2.70 2.71 0.15 0.05 0.02 0.09 0.46 0.56 0.05 0.03 0.14 0.05 2.69 2.68 0.13 0.04 0.01 0.05 0.07 0.34

I got: 0.12 0.02 0.09 0.03 2.70 2.72 0.09 0.03 0.01 0.04 0.05 0.32 1.80 0.02 0.08 0.03 2.72 2.73 0.10 0.03 0.01 0.05 0.10 0.59 1.18 0.40 0.33 0.13 0.04 2.71 2.69 0.10 0.03 0.01 0.03 0.08 0.07 0.10 0.19 0.09 0.19 0.63 2.69 2.69 0.22 0.04 0.01 0.05 0.07 0.04 0.05 0.22 0.09 0.18 0.08 2.69 2.69 0.19 0.04 0.01 0.04 0.08 0.04 0.05 0.23 0.07 0.14 0.03 0.44 2.71 0.11 0.03 0.01 0.03 0.07 0.02 0.04 0.18 0.13 0.27 0.06 0.06 0.05 0.15 0.05 0.02 0.05 0.15 0.04 0.07 0.34 0.05 0.07 0.05 0.01 0.01 0.06 0.01 0.06 0.01 0.09 0.06 0.07 0.01 0.07 0.13 0.03 0.09 0.08 0.07 2.72 0.30 0.62 0.62 0.30 0.09 0.15 0.09 0.18 0.03 0.04 0.11 0.05 2.70 2.69 2.70 0.83 0.26 0.09 0.20 0.08 0.16 0.03 0.03 0.11 0.04 2.68 2.69 0.56 0.49 0.10 0.05 0.21 0.09 0.16 0.03 0.03 0.09 0.04 2.69 2.70 0.98 2.76 0.62 0.11 0.18 0.18 0.28 0.04 0.04 0.12 0.06 2.69 2.69 0.87 0.75 0.43 0.51 0.20 0.42 0.56 0.05 0.03 0.10 0.04 2.69 2.69 0.35 0.17 0.05 0.42 0.15 2.46 1.24 0.06 0.02 0.09 0.04 2.71 2.70 0.15 0.05 0.02 0.09 0.45 0.56 0.05 0.03 0.14 0.05 2.69 2.69 0.13 0.03 0.01 0.05 0.07 0.34

I got: 0.12 0.02 0.09 0.03 2.71 2.72 0.09 0.03 0.01 0.04 0.05 0.32 1.80 0.02 0.08 0.03 2.71 2.71 0.10 0.03 0.01 0.04 0.10 0.59 1.18 0.39 0.33 0.13 0.04 2.69 2.69 0.10 0.03 0.01 0.03 0.08 0.06 0.10 0.19 0.10 0.19 0.62 2.70 2.69 0.22 0.04 0.01 0.05 0.07 0.04 0.04 0.21 0.09 0.18 0.08 2.70 2.70 0.19 0.04 0.01 0.05 0.08 0.04 0.05 0.23 0.07 0.14 0.03 0.44 2.70 0.11 0.03 0.01 0.03 0.07 0.03 0.04 0.17 0.14 0.28 0.06 0.07 0.05 0.16 0.05 0.02 0.05 0.15 0.03 0.07 0.34 0.07 0.06 0.01 0.01 0.01 0.06 0.01 0.07 0.01 0.05 0.06 0.06 0.01 0.07 0.13 0.03 0.09 0.09 0.06 2.72 0.30 0.62 0.62 0.31 0.09 0.14 0.10 0.18 0.04 0.04 0.11 0.05 2.69 2.69 2.70 0.84 0.25 0.08 0.21 0.08 0.17 0.03 0.03 0.11 0.04 2.68 2.69 0.56 0.49 0.09 0.05 0.21 0.09 0.16 0.03 0.03 0.09 0.04 2.70 2.70 0.98 2.76 0.63 0.11 0.17 0.18 0.28 0.04 0.04 0.12 0.05 2.69 2.70 0.87 0.75 0.43 0.51 0.20 0.42 0.55 0.05 0.03 0.10 0.04 2.69 2.71 0.35 0.17 0.05 0.42 0.15 2.46 1.23 0.07 0.02 0.09 0.04 2.72 2.69 0.15 0.05 0.02 0.09 0.45 0.56 0.05 0.03 0.14 0.04 2.69 2.69 0.13 0.04 0.01 0.05 0.07 0.34

I got: 0.12 0.02 0.09 0.03 2.71 2.72 0.09 0.03 0.01 0.21 0.06 0.38 2.19 0.03 0.10 0.03 2.70 2.70 0.12 0.03 0.01 0.06 0.13 0.77 1.55 0.51 0.41 0.13 0.04 2.70 2.69 0.10 0.03 0.01 0.03 0.08 0.06 0.10 0.19 0.21 0.07 0.62 2.69 2.69 0.22 0.04 0.01 0.05 0.07 0.05 0.05 0.21 0.22 0.07 0.08 2.69 2.69 0.19 0.04 0.01 0.05 0.08 0.04 0.05 0.24 0.17 0.07 0.03 0.44 2.70 0.11 0.03 0.01 0.03 0.07 0.03 0.04 0.17 0.33 0.11 0.06 0.06 0.05 0.15 0.05 0.02 0.04 0.14 0.03 0.06 0.35 0.01 0.01 0.01 0.01 0.06 0.07 0.01 0.06 0.07 0.01 0.06 0.05 0.01 0.14 0.05 0.03 0.09 0.08 0.06 2.72 0.30 0.57 0.68 0.30 0.09 0.15 0.21 0.06 0.04 0.04 0.10 0.05 2.70 2.69 2.67 0.90 0.25 0.08 0.21 0.19 0.06 0.03 0.03 0.11 0.04 2.69 2.74 0.57 0.55 0.09 0.05 0.21 0.19 0.06 0.03 0.03 0.09 0.04 2.70 2.77 0.99 2.77 0.63 0.11 0.18 0.31 0.14 0.04 0.04 0.12 0.05 2.70 2.69 0.88 0.75 0.43 0.51 0.21 0.51 0.46 0.05 0.03 0.10 0.04 2.72 2.71 0.35 0.17 0.05 0.42 0.15 2.49 1.16 0.07 0.02 0.09 0.03 2.72 2.69 0.15 0.05 0.02 0.09 0.45 0.43 0.05 0.03 0.14 0.04 2.69 2.68 0.13 0.04 0.01 0.05 0.07 0.34

I got: 0.14 0.02 0.07 0.03 2.75 2.72 51.53 0.02 0.01 0.04 0.06 0.39 2.22 0.02 0.10 0.04 2.69 2.69 0.12 0.03 0.01 0.06 0.13 0.77 1.55 0.52 0.40 0.13 0.04 2.71 2.69 0.10 0.03 0.01 0.03 0.08 0.06 0.10 0.19 0.20 0.08 0.63 2.70 2.70 0.22 0.04 0.01 0.05 0.08 0.04 0.05 0.22 0.22 0.08 0.08 2.70 2.69 0.19 0.04 0.01 0.05 0.08 0.04 0.05 0.23 0.16 0.06 0.03 0.44 2.70 0.11 0.03 0.01 0.03 0.07 0.02 0.04 0.18 0.33 0.11 0.06 0.06 0.05 0.16 0.05 0.02 0.05 0.15 0.04 0.06 0.35 0.01 0.01 0.01 0.01 0.06 0.08 0.01 0.06 0.01 0.05 0.08 0.06 0.01 0.14 0.06 0.03 0.09 0.08 0.06 2.71 0.30 0.62 0.62 0.30 0.09 0.15 0.21 0.07 0.04 0.04 0.11 0.04 2.69 2.69 2.70 0.83 0.25 0.08 0.22 0.19 0.06 0.03 0.03 0.11 0.04 2.69 2.69 0.56 0.49 0.10 0.05 0.20 0.19 0.06 0.03 0.03 0.09 0.04 2.70 2.70 0.98 2.76 0.63 0.11 0.18 0.31 0.15 0.04 0.04 0.12 0.05 2.69 2.69 0.88 0.75 0.43 0.51 0.21 0.51 0.47 0.05 0.03 0.10 0.04 2.70 2.71 0.35 0.17 0.05 0.42 0.15 2.49 1.16 0.06 0.02 0.09 0.03 2.71 2.69 0.15 0.05 0.02 0.09 0.45 0.42 0.05 0.03 0.14 0.05 2.68 2.68 0.13 0.04 0.01 0.05 0.07 0.34

I got: 0.14 0.02 0.07 0.03 2.71 2.72 0.08 0.02 0.01 0.03 0.06 0.38 2.20 0.02 0.10 0.03 2.70 2.70 0.13 0.03 0.01 0.06 0.13 0.76 1.54 0.52 0.40 0.13 0.04 2.70 2.69 0.10 0.03 0.01 0.04 0.08 0.06 0.10 0.18 0.20 0.07 0.63 2.69 2.69 0.22 0.04 0.01 0.05 0.07 0.04 0.04 0.21 0.22 0.07 0.08 2.70 2.69 0.20 0.04 0.01 0.05 0.08 0.04 0.05 0.23 0.16 0.06 0.03 0.44 2.70 0.11 0.03 0.01 0.03 0.07 0.03 0.03 0.18 0.33 0.12 0.06 0.06 0.05 0.15 0.05 0.02 0.05 0.15 0.03 0.07 0.34 0.01 0.01 0.01 0.01 0.05 0.05 0.01 0.09 0.01 0.06 0.05 0.07 0.01 0.14 0.05 0.03 0.09 0.08 0.06 2.73 0.30 0.62 0.62 0.31 0.09 0.14 0.21 0.08 0.04 0.04 0.11 0.05 2.69 2.69 2.70 0.84 0.26 0.08 0.21 0.19 0.07 0.04 0.02 0.11 0.04 2.69 2.70 0.56 0.49 0.09 0.05 0.21 0.19 0.07 0.03 0.03 0.09 0.04 2.70 2.71 0.99 2.76 0.63 0.11 0.18 0.30 0.15 0.04 0.04 0.12 0.05 2.68 2.68 0.88 0.75 0.43 0.51 0.21 0.51 0.47 0.05 0.03 0.10 0.03 2.70 2.71 0.35 0.17 0.05 0.42 0.15 2.49 1.17 0.07 0.02 0.09 0.03 2.73 2.69 0.15 0.05 0.02 0.09 0.45 0.43 0.05 0.03 0.14 0.04 2.72 2.69 0.13 0.04 0.01 0.05 0.07 0.34

I got: 0.14 0.02 0.07 0.02 2.75 2.70 0.08 0.02 0.01 0.03 0.06 0.38 2.19 0.02 0.10 0.03 2.70 2.72 0.12 0.03 0.01 0.06 0.13 0.75 1.53 0.51 0.40 0.13 0.04 2.69 2.72 0.10 0.03 0.01 0.03 0.08 0.07 0.10 0.18 0.20 0.08 0.62 2.70 2.69 0.22 0.04 0.01 0.05 0.07 0.04 0.04 0.22 0.09 0.20 0.08 2.68 2.68 0.19 0.04 0.01 0.05 0.09 0.04 0.05 0.23 0.07 0.14 0.03 0.44 2.70 0.12 0.03 0.01 0.03 0.07 0.02 0.04 0.18 0.13 0.28 0.06 0.07 0.05 0.15 0.05 0.02 0.05 0.15 0.03 0.06 0.35 0.01 0.02 0.05 0.01 0.01 0.06 0.01 0.05 0.01 0.05 0.06 0.06 0.01 0.07 0.12 0.03 0.09 0.08 0.06 2.71 0.30 0.61 0.62 0.30 0.09 0.15 0.09 0.18 0.04 0.04 0.10 0.04 2.69 2.70 2.70 0.83 0.25 0.08 0.21 0.08 0.16 0.04 0.03 0.11 0.04 2.70 2.69 0.56 0.48 0.10 0.05 0.20 0.09 0.16 0.03 0.04 0.09 0.03 2.70 2.69 0.99 2.77 0.63 0.11 0.18 0.18 0.28 0.04 0.04 0.12 0.04 2.69 2.69 0.88 0.75 0.43 0.51 0.21 0.42 0.56 0.05 0.03 0.10 0.03 2.70 2.69 0.35 0.17 0.05 0.42 0.15 2.46 1.24 0.06 0.02 0.09 0.02 2.69 2.72 0.14 0.05 0.02 0.09 0.45 0.56 0.05 0.03 0.14 0.03 2.69 2.69 0.13 0.03 0.01 0.05 0.07 0.35

I got: 0.12 0.02 0.09 0.02 2.70 2.69 0.09 0.02 0.01 0.03 0.06 0.37 2.11 0.02 0.10 0.03 2.69 2.70 0.12 0.03 0.01 0.06 0.12 0.73 1.46 0.48 0.40 0.13 0.03 2.69 2.70 0.10 0.03 0.01 0.04 0.08 0.06 0.10 0.19 0.19 0.10 0.61 2.69 2.70 0.22 0.04 0.01 0.05 0.07 0.04 0.04 0.21 0.21 0.09 0.08 2.69 2.68 0.20 0.04 0.01 0.05 0.09 0.04 0.05 0.23 0.16 0.07 0.03 0.44 2.71 0.11 0.03 0.01 0.03 0.07 0.03 0.04 0.18 0.31 0.15 0.06 0.07 0.05 0.15 0.05 0.02 0.05 0.15 0.03 0.07 0.35 0.01 0.01 0.01 0.01 0.01 0.05 0.01 0.09 0.01 0.05 0.06 0.06 0.01 0.14 0.06 0.03 0.09 0.08 0.06 2.69 0.30 0.61 0.62 0.31 0.09 0.14 0.20 0.09 0.04 0.04 0.10 0.04 2.69 2.69 2.70 0.83 0.25 0.08 0.22 0.18 0.09 0.04 0.02 0.11 0.03 2.70 2.69 0.56 0.48 0.09 0.05 0.21 0.10 0.15 0.03 0.03 0.09 0.03 2.70 2.69 0.98 2.77 0.63 0.11 0.17 0.19 0.26 0.05 0.04 0.12 0.04 2.69 2.69 0.88 0.75 0.43 0.51 0.20 0.43 0.55 0.05 0.03 0.10 0.03 2.70 2.69 0.36 0.17 0.05 0.42 0.14 2.46 1.23 0.07 0.02 0.09 0.03 2.71 2.71 0.15 0.05 0.02 0.09 0.45 0.56 0.05 0.03 0.14 0.04 2.69 2.68 0.13 0.04 0.01 0.05 0.07 0.34

I got: 0.14 0.02 0.07 0.02 2.73 2.73 0.07 0.02 0.01 0.03 0.06 0.39 2.22 0.02 0.10 0.03 2.70 2.70 0.13 0.03 0.01 0.06 0.13 0.78 1.56 0.52 0.41 0.13 0.03 2.69 2.70 0.10 0.03 0.01 0.04 0.08 0.06 0.10 0.19 0.21 0.07 0.61 2.69 2.74 0.21 0.04 0.01 0.05 0.07 0.04 0.04 0.21 0.22 0.07 0.08 2.69 2.74 0.19 0.04 0.01 0.05 0.09 0.04 0.05 0.23 0.18 0.07 0.04 0.49 2.71 0.12 0.03 0.01 0.03 0.07 0.03 0.04 0.18 0.13 0.29 0.06 0.07 0.05 0.15 0.05 0.02 0.05 0.15 0.03 0.07 0.35 0.01 0.01 0.01 0.00 0.01 0.07 0.01 0.07 0.01 0.05 0.06 0.05 0.01 0.07 0.13 0.03 0.10 0.09 0.06 2.72 0.30 0.61 0.62 0.31 0.09 0.15 0.09 0.18 0.04 0.04 0.10 0.05 2.69 2.70 2.70 0.83 0.26 0.08 0.21 0.08 0.16 0.04 0.02 0.11 0.04 2.70 2.69 0.57 0.49 0.09 0.05 0.20 0.09 0.16 0.04 0.03 0.09 0.04 2.71 2.70 0.98 2.76 0.62 0.11 0.18 0.18 0.28 0.05 0.04 0.12 0.05 2.69 2.69 0.88 0.75 0.43 0.51 0.21 0.42 0.56 0.05 0.03 0.10 0.04 2.69 2.69 0.35 0.17 0.05 0.42 0.15 2.46 1.23 0.06 0.02 0.10 0.03 2.69 2.70 0.14 0.05 0.02 0.09 0.45 0.56 0.05 0.03 0.14 0.04 2.69 2.69 0.13 0.04 0.01 0.05 0.08 0.35

I got: 0.12 0.02 0.09 0.02 2.71 2.72 0.07 0.02 0.01 0.03 0.06 0.39 2.24 0.02 0.10 0.03 2.70 2.71 0.13 0.03 0.01 0.06 0.14 0.80 1.60 0.53 0.41 0.13 0.04 2.69 2.69 0.10 0.03 0.01 0.03 0.08 0.07 0.10 0.19 0.21 0.07 0.61 2.70 2.69 0.22 0.04 0.01 0.05 0.07 0.04 0.04 0.21 0.23 0.06 0.08 2.69 2.69 0.19 0.04 0.01 0.05 0.09 0.04 0.05 0.23 0.17 0.05 0.04 0.44 2.70 51.53 0.03 0.01 0.03 0.07 0.03 0.04 0.17 0.34 0.09 0.06 0.07 0.05 0.15 0.05 0.02 0.05 0.15 0.04 0.06 0.35 0.01 0.01 0.01 0.01 0.01 0.06 0.01 0.09 0.01 0.06 0.07 0.06 0.01 0.14 0.04 0.03 0.09 0.09 0.06 2.69 0.30 0.61 0.62 0.30 0.09 0.15 0.21 0.06 0.04 0.04 0.10 0.05 2.70 2.69 2.70 0.83 0.26 0.08 0.21 0.20 0.05 0.04 0.03 0.11 0.04 2.70 2.69 0.56 0.48 0.10 0.05 0.20 0.19 0.06 0.03 0.04 0.09 0.04 2.70 2.70 0.98 2.76 0.63 0.11 0.18 0.31 0.14 0.04 0.04 0.12 0.05 2.69 2.69 0.88 0.75 0.43 0.51 0.21 0.51 0.47 0.05 0.03 0.10 0.04 2.70 2.70 0.35 0.17 0.05 0.42 0.15 2.49 1.17 0.07 0.02 0.09 0.03 2.70 2.71 0.15 0.05 0.02 0.09 0.45 0.42 0.05 0.03 0.14 0.05 2.69 2.68 0.13 0.03 0.01 0.05 0.07 0.35

I got: 0.15 0.02 0.07 0.02 2.73 2.72 0.07 0.02 0.01 0.03 0.06 0.38 2.22 0.02 0.10 0.03 2.71 2.69 0.13 0.03 0.01 0.06 0.13 0.78 1.57 0.52 0.40 0.13 0.04 2.69 2.70 0.10 0.03 0.01 0.03 0.08 0.07 0.10 0.19 0.20 0.08 0.62 2.70 2.70 0.22 0.04 0.01 0.05 0.07 0.04 0.04 0.22 0.09 0.19 0.08 2.69 2.69 0.19 0.04 0.01 0.05 0.09 0.04 0.04 0.22 0.07 0.16 0.04 0.48 2.70 0.12 0.03 0.01 0.03 0.07 0.02 0.04 0.18 0.13 0.28 0.06 0.07 0.04 0.15 0.05 0.02 0.05 0.15 0.04 0.06 0.34 0.01 0.01 0.07 0.01 0.03 0.07 0.01 0.06 0.01 0.07 0.06 0.07 0.01 0.07 0.12 0.03 0.09 0.08 0.06 2.70 0.30 0.61 0.62 0.30 0.09 0.14 0.09 0.18 0.04 0.03 0.10 0.05 2.75 2.69 2.69 0.83 0.25 0.08 0.21 0.08 0.16 0.04 0.03 0.11 0.04 2.70 2.69 0.56 0.48 0.10 0.05 0.20 0.09 0.16 0.04 0.04 0.09 0.04 2.69 2.71 0.98 2.76 0.63 0.11 0.17 0.18 0.28 0.04 0.04 0.12 0.05 2.68 2.69 0.88 0.75 0.43 0.51 0.21 0.42 0.56 0.05 0.03 0.10 0.03 2.69 2.71 0.35 0.16 0.05 0.42 0.15 2.46 1.23 0.06 0.03 0.09 0.03 2.71 2.69 0.15 0.05 0.02 0.09 0.45 0.55 0.05 0.03 0.14 0.04 2.68 2.69 0.12 0.03 0.01 0.05 0.08 0.35

I got: 0.14 0.02 0.07 0.02 2.72 2.74 0.07 0.02 0.01 0.03 0.06 0.39 2.24 0.02 0.10 0.04 2.70 2.70 0.13 0.03 0.01 0.06 0.14 0.80 1.60 0.53 0.41 0.13 0.04 2.70 2.70 0.10 0.03 0.01 0.04 0.08 0.06 0.10 0.19 0.21 0.07 0.62 2.69 2.68 0.22 0.04 0.01 0.05 0.07 0.04 0.04 0.21 0.22 0.06 0.08 2.70 2.70 0.19 0.04 0.01 0.05 0.09 0.04 0.05 0.24 0.17 0.05 0.03 0.43 2.70 0.12 0.03 0.01 0.03 0.07 0.03 0.04 0.17 0.34 0.09 0.06 0.07 0.05 0.15 0.05 0.02 0.05 0.15 0.04 0.06 0.35 0.01 0.01 0.07 0.01 0.01 0.06 0.01 0.08 0.01 0.06 0.07 0.06 0.01 0.15 0.04 0.03 0.09 0.08 0.06 2.71 0.30 0.61 0.62 0.30 0.09 0.15 0.21 0.06 0.04 0.04 0.11 0.05 2.69 2.69 2.69 0.83 0.26 0.08 0.21 0.20 0.06 0.04 0.02 0.11 0.04 2.68 2.69 0.56 0.48 0.09 0.04 0.21 0.19 0.06 0.03 0.03 0.09 0.04 2.69 2.70 0.98 2.76 0.62 0.11 0.18 0.31 0.13 0.05 0.05 0.12 0.06 2.68 2.69 0.88 0.75 0.43 0.51 0.20 0.51 0.46 0.05 0.03 0.10 0.04 2.69 2.70 0.35 0.17 0.05 0.42 0.14 2.49 1.16 0.07 0.02 0.10 0.03 2.69 2.69 0.15 0.05 0.02 0.09 0.45 0.42 0.05 0.03 0.14 0.05 2.69 2.69 0.12 0.04 0.01 0.05 0.08 0.35

I got: 0.14 0.02 0.07 0.02 2.72 2.73 0.07 0.02 0.01 0.03 0.06 0.39 2.23 0.02 0.10 0.04 2.70 2.69 0.13 0.03 0.01 0.06 0.14 0.80 1.60 0.54 0.41 0.13 0.05 2.70 2.70 0.10 0.03 0.01 0.04 0.08 0.07 0.10 0.19 0.21 0.06 0.63 2.68 2.69 0.22 0.04 0.01 0.05 0.08 0.04 0.04 0.21 0.22 0.06 0.08 2.69 2.69 0.19 0.04 0.01 0.05 0.09 0.04 0.05 0.23 0.17 0.05 0.03 0.44 2.70 0.11 0.03 0.01 0.03 0.07 0.03 0.03 0.18 0.34 0.10 0.06 0.07 0.05 0.16 0.05 0.02 0.05 0.15 0.04 0.07 0.34 0.01 0.01 0.01 0.01 0.05 0.05 0.01 0.09 0.00 0.05 0.05 0.08 0.01 0.14 0.04 0.03 0.09 0.08 0.07 2.72 0.29 0.61 0.61 0.30 0.09 0.14 0.21 0.06 0.04 0.04 0.10 0.05 2.69 2.69 2.70 0.83 0.25 0.08 0.21 0.20 0.06 0.04 0.02 0.11 0.04 2.69 2.70 0.56 0.48 0.09 0.05 0.21 0.19 0.06 0.03 0.03 0.09 0.04 2.70 2.70 0.98 2.77 0.62 0.11 0.18 0.31 0.14 0.04 0.04 0.12 0.05 2.69 2.67 0.88 0.75 0.43 0.51 0.20 0.51 0.46 0.05 0.03 0.10 0.04 2.70 2.74 0.35 0.16 0.06 0.42 0.14 2.49 1.16 0.07 0.03 0.09 0.03 2.69 2.74 0.15 0.05 0.02 0.09 0.45 0.42 0.05 0.03 0.14 0.04 2.68 2.69 0.13 0.04 0.01 0.05 0.07 0.34

I got: 0.15 0.02 0.07 0.02 2.73 2.75 0.07 0.02 0.01 0.03 0.06 0.39 2.23 0.02 0.11 0.04 2.69 2.69 0.13 0.03 0.01 0.06 0.14 0.80 1.60 0.53 0.41 0.13 0.04 2.72 2.70 0.10 0.03 0.01 0.03 0.08 0.07 0.10 0.19 0.21 0.07 0.63 2.69 2.69 0.22 0.04 0.01 0.05 0.07 0.04 0.04 0.21 0.23 0.06 0.08 2.70 2.69 0.19 0.04 0.01 0.05 0.09 0.04 0.05 0.23 0.16 0.05 0.03 0.44 2.71 0.12 0.03 0.01 0.03 0.07 0.03 0.04 0.18 0.34 0.09 0.06 0.07 0.04 0.15 0.05 0.02 0.05 0.15 0.04 0.06 0.35 0.01 0.01 0.04 0.01 0.01 0.05 0.01 0.05 0.01 0.05 0.05 0.06 0.01 0.15 0.05 0.03 0.09 0.08 0.07 2.72 0.29 0.61 0.61 0.30 0.09 0.15 0.21 0.06 0.04 0.04 0.11 0.04 2.68 2.69 2.70 0.83 0.26 0.08 0.20 0.19 0.05 0.04 0.03 0.11 0.04 2.69 2.69 0.56 0.48 0.10 0.05 0.21 0.19 0.06 0.03 0.03 0.09 0.04 2.69 2.69 0.98 2.76 0.62 0.11 0.18 0.31 0.14 0.05 0.04 0.12 0.05 2.68 2.69 0.88 0.75 0.43 0.51 0.21 0.50 0.47 0.05 0.03 0.10 0.04 2.70 2.71 0.35 0.17 0.06 0.42 0.15 2.49 1.16 0.07 0.02 0.10 0.03 2.70 2.70 0.15 0.05 0.02 0.09 0.45 0.42 0.05 0.03 0.14 0.05 2.67 2.69 0.13 0.04 0.01 0.05 0.08 0.34

I got: 0.15 0.02 0.07 0.02 2.73 2.73 0.08 0.02 0.01 0.03 0.06 0.39 2.23 0.02 0.10 0.03 2.69 2.69 0.13 0.04 0.01 0.06 0.14 0.79 1.60 0.53 0.40 0.13 0.04 2.70 2.70 0.10 0.03 0.01 0.03 0.08 0.07 0.10 0.18 0.21 0.07 0.62 2.69 2.68 0.22 0.04 0.01 0.05 0.07 0.04 0.04 0.21 0.23 0.07 0.08 2.70 2.69 0.20 0.04 0.01 0.05 0.08 0.04 0.04 0.20 0.20 0.06 0.04 0.54 2.68 0.14 0.03 0.01 0.04 0.08 0.03 0.04 0.21 0.34 0.09 0.06 0.07 0.13 0.15 0.05 0.02 0.05 0.15 0.04 0.06 0.35 0.01 0.01 0.05 0.01 0.07 0.07 0.01 0.05 0.01 0.05 0.07 0.06 0.01 0.14 0.04 0.03 0.09 0.10 0.04 2.72 0.29 0.61 0.61 0.30 0.09 0.14 0.21 0.06 0.04 0.04 0.06 0.04 2.69 2.69 2.70 0.83 0.25 0.08 0.21 0.19 0.09 0.04 0.02 0.05 0.04 2.69 2.70 0.56 0.48 0.09 0.05 0.20 0.09 0.16 0.04 0.04 0.05 0.03 2.70 2.70 0.98 2.76 0.62 0.11 0.17 0.17 0.28 0.05 0.05 0.07 0.04 2.70 2.68 0.88 0.75 0.43 0.51 0.20 0.41 0.55 0.05 0.03 0.05 0.04 2.69 2.70 0.35 0.16 0.05 0.42 0.15 2.45 1.23 0.07 0.03 0.05 0.03 2.69 2.71 0.15 0.05 0.02 0.09 0.45 0.55 0.05 0.03 0.07 0.05 2.68 2.68 0.13 0.04 0.01 0.05 0.07 0.35

