I got: 0.34 0.09 0.04 0.03 2.71 2.73 0.07 0.02 0.01 0.03 0.05 0.40 2.31 0.82 0.13 0.03 2.69 2.70 0.12 0.03 0.01 0.04 0.11 0.85 1.48 0.49 0.74 0.60 0.06 2.68 2.69 0.15 0.03 0.01 0.04 0.08 0.38 0.42 0.15 0.24 0.64 0.46 2.70 2.70 0.17 0.03 0.01 0.03 0.06 0.11 0.12 0.14 0.21 0.11 0.60 2.70 2.70 0.16 0.03 0.01 0.04 0.09 0.04 0.05 0.20 0.19 0.04 0.07 0.56 2.69 0.12 0.03 0.01 0.03 0.08 0.03 0.03 0.18 0.32 0.04 0.08 0.20 0.12 0.17 0.05 0.02 0.05 0.15 0.05 0.05 0.32 0.01 0.01 0.01 0.01 0.07 0.08 0.01 0.06 0.05 0.06 0.01 0.06 0.01 0.12 0.03 0.05 0.11 0.07 0.02 2.71 0.32 0.63 0.37 0.07 0.03 0.13 0.19 0.02 0.07 0.07 0.06 0.04 2.69 2.70 2.77 0.84 0.11 0.04 0.19 0.19 0.02 0.07 0.06 0.06 0.04 2.70 2.69 0.58 0.52 0.06 0.03 0.19 0.17 0.02 0.06 0.05 0.06 0.04 2.70 2.70 0.98 2.77 0.44 0.06 0.17 0.26 0.11 0.09 0.08 0.07 0.05 2.70 2.69 0.56 0.75 0.44 0.41 0.20 0.50 0.56 0.27 0.12 0.06 0.04 2.69 2.70 0.13 0.07 0.03 0.30 0.17 2.42 1.10 0.33 0.12 0.06 0.03 2.70 2.70 0.10 0.03 0.01 0.05 0.32 0.41 0.11 0.07 0.07 0.05 2.75 2.69 0.12 0.03 0.01 0.04 0.07 0.32

I got: 0.44 0.10 0.04 0.03 2.77 2.72 0.07 0.02 0.01 0.03 0.05 0.40 2.31 0.82 0.13 0.03 2.70 2.73 0.12 0.03 0.01 0.04 0.11 0.85 1.48 0.49 0.74 0.59 0.06 2.69 2.72 0.15 0.03 0.01 0.04 0.08 0.38 0.41 0.14 0.24 0.64 0.46 2.72 2.71 0.17 0.03 0.01 0.03 0.06 0.10 0.11 0.15 0.21 0.10 0.59 2.72 2.70 0.16 0.04 0.01 0.03 0.09 0.05 0.05 0.19 0.19 0.04 0.07 0.56 2.69 0.12 0.03 0.01 0.03 0.09 0.03 0.03 0.18 0.31 0.05 0.09 0.20 0.11 0.17 0.05 0.02 0.05 0.15 0.05 0.05 0.31 0.01 0.01 0.01 0.01 0.07 0.06 0.01 0.08 0.07 0.06 0.06 0.08 0.01 0.12 0.02 0.05 0.11 0.07 0.02 2.71 0.32 0.63 0.37 0.06 0.03 0.14 0.19 0.03 0.08 0.07 0.06 0.04 2.70 2.69 2.77 0.83 0.11 0.04 0.20 0.19 0.03 0.07 0.06 0.06 0.04 2.68 2.69 0.58 0.51 0.06 0.03 0.19 0.17 0.02 0.06 0.06 0.06 0.04 2.69 2.70 0.98 2.76 0.44 0.06 0.16 0.27 0.11 0.09 0.08 0.07 0.05 2.68 2.70 0.56 0.75 0.44 0.41 0.19 0.50 0.56 0.28 0.12 0.06 0.04 2.70 2.71 0.13 0.07 0.03 0.30 0.16 2.41 1.08 0.32 0.12 0.06 0.03 2.70 2.70 0.10 0.03 0.01 0.05 0.31 0.41 0.11 0.07 0.07 0.05 2.68 2.69 0.12 0.03 0.01 0.04 0.07 0.32

I got: 0.44 0.09 0.04 0.02 2.72 2.72 0.07 0.02 0.01 0.03 0.05 0.40 2.31 0.82 0.13 0.03 2.70 2.69 0.12 0.03 0.01 0.04 0.11 0.85 1.48 0.49 0.74 0.59 0.06 2.69 2.70 0.15 0.04 0.01 0.04 0.08 0.38 0.41 0.15 0.24 0.64 0.45 2.72 2.71 0.17 0.03 0.01 0.03 0.06 0.11 0.11 0.13 0.21 0.10 0.59 2.70 2.70 0.16 0.03 0.01 0.04 0.09 0.05 0.04 0.13 0.19 0.04 0.07 0.55 2.70 0.12 0.03 0.01 0.04 0.08 0.03 0.05 0.11 0.32 0.04 0.09 0.20 0.12 0.17 0.05 0.02 0.05 0.15 0.05 0.09 0.21 0.01 0.01 0.01 0.01 0.06 0.09 0.01 0.06 0.06 0.05 0.01 0.01 0.01 0.12 0.03 0.05 0.11 0.07 0.02 2.72 0.32 0.63 0.37 0.06 0.04 0.09 0.20 0.02 0.08 0.07 0.06 0.04 2.70 2.68 2.77 0.83 0.11 0.05 0.13 0.19 0.02 0.07 0.06 0.06 0.03 2.69 2.70 0.58 0.51 0.06 0.06 0.13 0.17 0.02 0.07 0.06 0.06 0.03 2.70 2.69 0.98 2.77 0.44 0.05 0.11 0.27 0.11 0.09 0.08 0.07 0.04 2.69 2.69 0.56 0.75 0.44 0.36 0.11 0.50 0.56 0.28 0.12 0.06 0.03 2.70 2.70 0.13 0.07 0.03 0.30 0.18 2.25 0.95 0.27 0.12 0.07 0.03 2.69 2.70 0.10 0.03 0.01 0.05 0.36 0.42 0.11 0.08 0.07 0.04 2.69 2.69 0.12 0.04 0.01 0.04 0.07 0.35

I got: 0.43 0.10 0.04 0.02 2.73 2.71 0.07 0.02 0.01 0.03 0.05 0.42 2.30 0.82 0.13 0.02 2.70 2.69 0.12 0.03 0.01 0.04 0.11 0.87 1.45 0.48 0.74 0.59 0.06 2.70 2.70 0.15 0.03 0.01 0.04 0.08 0.40 0.39 0.15 0.24 0.64 0.46 2.71 2.77 0.17 0.03 0.01 0.03 0.06 0.11 0.11 0.14 0.21 0.11 0.59 2.70 2.68 0.16 0.03 0.01 0.04 0.09 0.04 0.05 0.13 0.19 0.04 0.07 0.55 2.73 0.12 0.03 0.01 0.03 0.08 0.03 0.05 0.12 0.32 0.04 0.09 0.20 0.12 0.17 0.05 0.02 0.05 0.15 0.04 0.09 0.21 0.01 0.01 0.01 0.01 0.08 0.10 0.01 0.06 0.06 0.07 0.01 0.05 0.01 0.13 0.03 0.05 0.11 0.07 0.02 2.74 0.32 0.63 0.37 0.06 0.04 0.09 0.20 0.02 0.07 0.07 0.06 0.03 2.69 2.69 2.76 0.83 0.11 0.06 0.13 0.19 0.02 0.07 0.06 0.06 0.04 2.69 2.69 0.58 0.51 0.06 0.06 0.13 0.17 0.02 0.07 0.06 0.06 0.03 2.71 2.71 0.99 2.77 0.44 0.05 0.11 0.27 0.12 0.09 0.08 0.07 0.04 2.69 2.69 0.56 0.75 0.44 0.35 0.12 0.50 0.56 0.28 0.12 0.06 0.03 2.69 2.70 0.14 0.07 0.03 0.29 0.19 2.42 1.11 0.33 0.12 0.06 0.03 2.69 2.69 0.10 0.03 0.01 0.04 0.32 0.41 0.11 0.08 0.07 0.03 2.69 2.69 0.12 0.03 0.01 0.04 0.07 0.32

I got: 0.44 0.10 0.04 0.02 2.71 2.72 0.07 0.02 0.01 0.02 0.05 0.40 2.30 0.81 0.13 0.02 2.69 2.70 0.12 0.03 0.01 0.04 0.11 0.85 1.47 0.49 0.74 0.59 0.06 2.69 2.69 0.15 0.03 0.01 0.04 0.08 0.38 0.40 0.08 0.24 0.65 0.47 2.71 2.71 0.17 0.03 0.01 0.03 0.06 0.10 0.08 0.09 0.21 0.11 0.59 2.70 2.69 0.16 0.03 0.01 0.03 0.09 0.05 0.05 0.12 0.19 0.03 0.07 0.55 2.68 0.12 0.03 0.01 0.03 0.08 0.03 0.05 0.12 0.32 0.04 0.09 0.20 0.11 0.17 0.05 0.02 0.05 0.15 0.05 0.09 0.20 0.01 0.01 0.01 0.01 0.08 0.06 0.01 0.05 0.05 0.06 0.01 0.04 0.01 0.12 0.02 0.05 0.11 0.07 0.02 2.71 0.32 0.63 0.37 0.06 0.04 0.09 0.19 0.02 0.07 0.06 0.06 0.03 2.70 2.69 2.77 0.83 0.11 0.06 0.13 0.19 0.02 0.07 0.06 0.06 0.03 2.69 2.69 0.57 0.51 0.06 0.06 0.13 0.17 0.02 0.06 0.05 0.06 0.03 2.71 2.70 0.98 2.76 0.44 0.05 0.11 0.27 0.11 0.09 0.08 0.07 0.03 2.69 2.69 0.56 0.75 0.44 0.36 0.12 0.50 0.56 0.28 0.12 0.06 0.03 2.69 2.71 0.13 0.07 0.03 0.30 0.18 2.25 1.07 0.32 0.12 0.06 0.03 2.69 2.70 0.10 0.03 0.01 0.05 0.31 0.40 0.11 0.08 0.07 0.04 2.68 2.69 0.12 0.04 0.01 0.04 0.07 0.32

I got: 0.44 0.10 0.04 0.02 2.72 2.73 0.07 0.02 0.01 0.03 0.05 0.40 2.30 0.81 0.13 0.02 2.70 2.69 0.12 0.03 0.01 0.04 0.11 0.85 1.47 0.49 0.74 0.59 0.06 2.69 2.69 0.15 0.03 0.01 0.04 0.08 0.37 0.36 0.09 0.24 0.64 0.47 2.71 2.71 0.17 0.03 0.01 0.03 0.06 0.11 0.08 0.08 0.21 0.11 0.59 2.70 2.69 0.16 0.03 0.01 0.04 0.09 0.04 0.05 0.13 0.19 0.04 0.07 0.56 2.69 0.12 0.03 0.01 0.03 0.08 0.03 0.05 0.11 0.32 0.04 0.09 0.20 0.12 0.17 0.05 0.02 0.05 0.15 0.05 0.09 0.21 0.01 0.01 0.01 0.01 0.08 0.10 0.01 0.06 0.06 0.07 0.01 0.01 0.01 0.13 0.03 0.05 0.11 0.07 0.02 2.70 0.32 0.63 0.37 0.06 0.04 0.09 0.20 0.02 0.07 0.07 0.06 0.03 2.74 2.69 2.77 0.83 0.11 0.06 0.13 0.19 0.02 0.07 0.06 0.06 0.03 2.69 2.69 0.58 0.51 0.06 0.06 0.13 0.17 0.02 0.07 0.06 0.06 0.03 2.71 2.69 0.98 2.77 0.44 0.05 0.11 0.27 0.11 0.09 0.08 0.07 0.04 2.68 2.72 0.56 0.75 0.44 0.35 0.12 0.50 0.57 0.28 0.12 0.06 0.03 2.70 2.70 0.13 0.07 0.03 0.30 0.18 2.25 0.95 0.28 0.12 0.07 0.03 2.69 2.71 0.10 0.03 0.01 0.05 0.28 0.36 0.10 0.06 0.07 0.04 2.69 2.69 0.10 0.03 0.01 0.03 0.07 0.28

I got: 0.43 0.09 0.04 0.02 2.72 2.72 0.07 0.02 0.01 0.02 0.05 0.40 2.28 0.81 0.12 0.02 2.70 2.69 0.12 0.03 0.01 0.04 0.11 0.85 1.43 0.53 0.73 0.59 0.06 2.69 2.69 0.15 0.03 0.01 0.04 0.08 0.38 0.37 0.08 0.24 0.64 0.46 2.69 2.71 0.17 0.03 0.01 0.03 0.06 0.11 0.08 0.10 0.21 0.11 0.59 2.69 2.69 0.16 0.03 0.01 0.04 0.09 0.04 0.05 0.13 0.19 0.03 0.07 0.55 2.70 0.12 0.03 0.01 0.03 0.08 0.03 0.05 0.12 0.32 0.04 0.08 0.20 0.11 0.17 0.05 0.02 0.05 0.15 0.04 0.09 0.21 0.01 0.01 0.01 0.01 0.07 0.07 0.01 0.06 0.05 0.07 0.01 0.01 0.01 0.13 0.02 0.05 0.11 0.07 0.02 2.72 0.32 0.63 0.37 0.06 0.04 0.09 0.19 0.02 0.07 0.06 0.07 0.03 2.69 2.69 2.76 0.83 0.11 0.05 0.14 0.19 0.02 0.07 0.06 0.06 0.03 2.69 2.70 0.58 0.51 0.06 0.06 0.13 0.17 0.02 0.07 0.06 0.06 0.03 2.69 2.69 0.98 2.77 0.44 0.05 0.11 0.27 0.12 0.09 0.08 0.07 0.04 2.68 2.69 0.56 0.75 0.44 0.35 0.13 0.50 0.57 0.28 0.11 0.06 0.03 2.71 2.70 0.13 0.07 0.03 0.30 0.18 2.37 1.07 0.32 0.12 0.06 0.03 2.70 2.71 0.10 0.03 0.01 0.05 0.31 0.40 0.11 0.07 0.07 0.04 2.68 2.68 0.12 0.03 0.01 0.04 0.07 0.31

I got: 0.44 0.09 0.05 0.02 2.71 2.71 0.07 0.02 0.01 0.02 0.05 0.40 2.27 0.80 0.12 0.02 2.69 2.69 0.12 0.03 0.01 0.04 0.11 0.85 1.43 0.52 0.73 0.58 0.06 2.69 2.70 0.15 0.04 0.01 0.04 0.08 0.37 0.36 0.09 0.24 0.65 0.46 2.70 2.70 0.17 0.03 0.01 0.03 0.06 0.11 0.08 0.09 0.21 0.10 0.58 2.70 2.68 0.16 0.03 0.01 0.03 0.09 0.04 0.06 0.14 0.19 0.03 0.07 0.56 2.70 0.12 0.03 0.01 0.03 0.08 0.04 0.05 0.11 0.32 0.05 0.09 0.21 0.06 0.17 0.05 0.02 0.05 0.15 0.04 0.09 0.21 0.01 0.01 0.01 0.01 0.05 0.06 0.02 0.09 0.02 0.06 0.05 0.02 0.01 0.13 0.02 0.05 0.11 0.07 0.04 2.72 0.32 0.63 0.37 0.06 0.04 0.09 0.20 0.03 0.08 0.07 0.10 0.03 2.70 2.68 2.77 0.83 0.11 0.06 0.13 0.19 0.04 0.07 0.06 0.10 0.03 2.69 2.70 0.58 0.51 0.06 0.06 0.13 0.17 0.02 0.07 0.05 0.09 0.02 2.70 2.70 0.98 2.76 0.44 0.05 0.11 0.27 0.11 0.09 0.08 0.11 0.03 2.68 2.69 0.56 0.75 0.44 0.35 0.12 0.50 0.56 0.28 0.12 0.09 0.03 2.70 2.69 0.13 0.07 0.03 0.30 0.18 2.26 0.96 0.28 0.12 0.10 0.03 2.69 2.74 0.11 0.03 0.01 0.05 0.27 0.35 0.10 0.07 0.11 0.03 2.69 2.72 0.12 0.03 0.01 0.04 0.07 0.31

I got: 0.44 0.10 0.06 0.02 2.72 2.71 0.07 0.02 0.01 0.02 0.05 0.40 2.29 0.81 0.10 0.04 2.72 2.69 0.12 0.03 0.01 0.04 0.11 0.85 1.46 0.49 0.73 0.54 0.10 2.72 2.69 0.15 0.03 0.01 0.04 0.08 0.38 0.36 0.08 0.24 0.64 0.49 2.71 2.71 0.17 0.03 0.01 0.03 0.06 0.11 0.07 0.10 0.22 0.09 0.55 2.69 2.69 0.16 0.03 0.01 0.03 0.09 0.04 0.06 0.14 0.19 0.03 0.08 0.56 2.69 0.12 0.03 0.01 0.03 0.08 0.03 0.05 0.12 0.32 0.05 0.09 0.21 0.12 0.17 0.05 0.02 0.05 0.15 0.04 0.09 0.21 0.01 0.01 0.01 0.01 0.06 0.06 0.01 0.07 0.05 0.05 0.06 0.01 0.01 0.12 0.02 0.06 0.11 0.07 0.02 2.70 0.32 0.63 0.37 0.07 0.04 0.10 0.20 0.03 0.08 0.07 0.06 0.03 2.70 2.68 2.77 0.83 0.11 0.06 0.14 0.19 0.02 0.08 0.06 0.06 0.03 2.69 2.70 0.58 0.51 0.06 0.06 0.12 0.17 0.02 0.07 0.06 0.06 0.03 2.71 2.71 0.98 2.77 0.44 0.05 0.11 0.27 0.11 0.09 0.08 0.08 0.03 2.69 2.69 0.56 0.75 0.44 0.35 0.12 0.50 0.56 0.28 0.12 0.07 0.02 2.70 2.71 0.13 0.07 0.03 0.30 0.19 2.25 0.96 0.28 0.12 0.07 0.02 2.70 2.69 51.53 0.03 0.01 0.05 0.27 0.35 0.10 0.06 0.08 0.03 2.70 2.69 0.10 0.03 0.01 0.04 0.07 0.28

I got: 0.44 0.09 0.05 0.02 2.72 2.70 0.07 0.02 0.01 0.03 0.05 0.40 2.27 0.80 0.12 0.01 2.70 2.69 0.11 0.03 0.01 0.04 0.11 0.84 1.42 0.52 0.73 0.58 0.06 2.69 2.69 0.15 0.04 0.01 0.04 0.08 0.37 0.37 0.09 0.24 0.63 0.46 2.71 2.71 0.17 0.03 0.01 0.03 0.06 0.10 0.08 0.10 0.21 0.10 0.58 2.71 2.69 0.16 0.03 0.01 0.03 0.09 0.05 0.05 0.12 0.19 0.04 0.08 0.60 2.70 0.12 0.03 0.01 0.03 0.08 0.03 0.05 0.12 0.32 0.05 0.09 0.21 0.12 0.17 0.05 0.02 0.05 0.15 0.05 0.09 0.21 0.01 0.01 0.01 0.01 0.08 0.06 0.01 0.06 0.06 0.07 0.05 0.01 0.01 0.12 0.02 0.06 0.11 0.07 0.02 2.70 0.32 0.63 0.37 0.07 0.04 0.09 0.20 0.03 0.08 0.07 0.06 0.03 2.70 2.69 2.76 0.83 0.11 0.06 0.13 0.19 0.03 0.08 0.06 0.06 0.03 2.69 2.69 0.58 0.51 0.06 0.05 0.13 0.17 0.02 0.07 0.05 0.05 0.03 2.70 2.69 0.98 2.76 0.44 0.05 0.11 0.27 0.11 0.09 0.08 0.07 0.04 2.68 2.69 0.56 0.75 0.44 0.36 0.12 0.50 0.56 0.28 0.12 0.06 0.03 2.70 2.71 0.13 0.07 0.03 0.29 0.18 2.25 0.96 0.28 0.12 0.06 0.03 2.69 2.70 0.10 0.03 0.01 0.05 0.28 0.35 0.10 0.07 0.06 0.04 2.69 2.69 0.11 0.03 0.01 0.03 0.07 0.28

I got: 0.44 0.10 0.04 0.02 2.70 2.71 0.07 0.02 0.01 0.03 0.05 0.40 2.27 0.80 0.12 0.02 2.69 2.69 0.12 0.03 0.01 0.04 0.11 0.84 1.42 0.52 0.73 0.58 0.06 2.69 2.70 0.15 0.03 0.01 0.04 0.08 0.37 0.36 0.08 0.24 0.64 0.46 2.75 2.70 0.17 0.03 0.01 0.03 0.06 0.10 0.08 0.10 0.21 0.11 0.59 2.76 2.69 0.16 0.03 0.01 0.04 0.09 0.04 0.06 0.13 0.18 0.03 0.08 0.62 2.73 0.12 0.03 0.01 0.03 0.08 0.03 0.05 0.12 0.32 0.04 0.09 0.21 0.12 0.17 0.05 0.02 0.05 0.15 0.05 0.09 0.21 0.01 0.01 0.01 0.01 0.08 0.07 0.01 0.06 0.05 0.06 0.02 0.01 0.01 0.12 0.02 0.05 0.11 0.07 0.02 2.72 0.31 0.62 0.37 0.07 0.04 0.09 0.19 0.02 0.08 0.07 0.06 0.03 2.69 2.70 2.76 0.83 0.11 0.06 0.14 0.19 0.02 0.07 0.06 0.06 0.03 2.70 2.69 0.58 0.51 0.06 0.06 0.12 0.17 0.02 0.07 0.06 0.05 0.03 2.70 2.70 0.98 2.76 0.44 0.05 0.10 0.27 0.11 0.09 0.08 0.07 0.04 2.69 2.68 0.56 0.75 0.44 0.36 0.12 0.50 0.56 0.27 0.12 0.06 0.03 2.69 2.69 0.13 0.07 0.03 0.30 0.17 2.25 0.96 0.28 0.12 0.06 0.04 2.70 2.69 0.11 0.03 0.01 0.05 0.27 0.35 0.10 0.06 0.06 0.04 2.70 2.69 0.10 0.03 0.01 0.03 0.07 0.28

I got: 0.43 0.10 0.04 0.03 2.73 2.72 0.07 0.02 0.01 0.03 0.05 0.39 2.26 0.80 0.12 0.03 2.70 2.70 0.12 0.03 0.01 0.04 0.11 0.83 1.41 0.52 0.73 0.58 0.06 2.70 2.69 0.15 0.03 0.01 0.04 0.08 0.37 0.36 0.08 0.24 0.63 0.46 2.70 2.69 0.17 0.03 0.01 0.03 0.06 0.11 0.08 0.10 0.21 0.11 0.59 2.69 2.69 0.16 0.03 0.01 0.04 0.09 0.05 0.05 0.12 0.18 0.04 0.08 0.61 2.70 0.12 0.03 0.01 0.03 0.08 0.03 0.05 0.12 0.28 0.12 0.09 0.21 0.12 0.17 0.05 0.02 0.05 0.15 0.04 0.09 0.20 0.01 0.06 0.01 0.01 0.08 0.04 0.01 0.06 0.06 0.07 0.04 0.01 0.01 0.05 0.09 0.05 0.11 0.07 0.02 2.72 0.31 0.62 0.37 0.06 0.04 0.10 0.07 0.14 0.08 0.07 0.06 0.04 2.68 2.70 2.77 0.83 0.11 0.06 0.13 0.07 0.13 0.08 0.07 0.06 0.04 2.70 2.69 0.57 0.51 0.06 0.06 0.12 0.06 0.13 0.07 0.06 0.05 0.04 2.70 2.70 0.98 2.77 0.44 0.05 0.11 0.13 0.25 0.09 0.08 0.07 0.05 2.69 2.68 0.56 0.75 0.44 0.36 0.13 0.40 0.64 0.28 0.12 0.06 0.03 2.70 2.69 0.13 0.07 0.03 0.29 0.18 2.17 1.04 0.28 0.12 0.06 0.04 2.70 2.70 0.11 0.03 0.01 0.05 0.34 0.53 0.12 0.08 0.07 0.05 2.68 2.69 0.12 0.04 0.01 0.04 0.08 0.33

I got: 0.34 0.09 0.05 0.03 2.69 2.72 0.09 0.03 0.01 0.03 0.05 0.32 1.89 0.60 0.09 0.02 2.69 2.69 0.11 0.03 0.01 0.04 0.11 0.84 1.46 0.47 0.73 0.58 0.06 2.69 2.69 0.15 0.03 0.01 0.04 0.08 0.37 0.40 0.16 0.24 0.63 0.46 2.70 2.69 0.17 0.03 0.01 0.03 0.06 0.10 0.11 0.15 0.21 0.10 0.59 2.69 2.69 0.16 0.03 0.01 0.03 0.09 0.04 0.05 0.21 0.18 0.03 0.08 0.60 2.69 0.12 0.03 0.01 0.03 0.08 0.03 0.03 0.18 0.32 0.05 0.09 0.21 0.11 0.17 0.05 0.02 0.05 0.15 0.04 0.05 0.34 0.05 0.06 0.00 0.01 0.06 0.06 0.01 0.07 0.04 0.06 0.06 0.05 0.01 0.12 0.02 0.05 0.11 0.07 0.02 2.73 0.31 0.62 0.37 0.07 0.03 0.14 0.20 0.02 0.08 0.07 0.06 0.04 2.69 2.75 2.77 0.83 0.12 0.04 0.21 0.19 0.03 0.08 0.06 0.06 0.03 2.72 2.70 0.58 0.51 0.06 0.04 0.21 0.17 0.03 0.07 0.06 0.06 0.03 2.73 2.69 0.98 2.77 0.44 0.06 0.18 0.27 0.11 0.09 0.08 0.07 0.03 2.69 2.68 0.56 0.75 0.44 0.41 0.21 0.50 0.56 0.28 0.12 0.06 0.03 2.70 2.69 0.13 0.07 0.03 0.29 0.16 2.46 1.14 0.34 0.12 0.06 0.03 2.70 2.70 0.09 0.03 0.01 0.05 0.33 0.42 0.11 0.08 0.08 0.03 2.68 2.69 0.12 0.04 0.01 0.04 0.08 0.33

I got: 0.44 0.09 0.04 0.02 2.72 2.72 0.07 0.02 0.01 0.02 0.05 0.39 2.27 0.80 0.12 0.02 2.69 2.69 0.12 0.03 0.01 0.04 0.11 0.84 1.42 0.51 0.73 0.58 0.06 2.69 2.69 0.15 0.03 0.01 0.04 0.08 0.37 0.35 0.09 0.24 0.64 0.46 2.70 2.69 0.17 0.03 0.01 0.03 0.07 0.11 0.08 0.09 0.22 0.10 0.58 2.69 2.69 0.17 0.04 0.01 0.03 0.09 0.05 0.06 0.14 0.19 0.03 0.07 0.58 2.71 0.12 0.03 0.01 0.03 0.08 0.03 0.05 0.12 0.33 0.04 0.09 0.21 0.11 0.17 0.05 0.02 0.05 0.15 0.04 0.09 0.22 0.01 0.01 0.01 0.01 0.05 0.07 0.01 0.09 0.05 0.04 0.06 0.07 0.01 0.13 0.02 0.05 0.11 0.07 0.02 2.73 0.31 0.62 0.37 0.07 0.04 0.10 0.20 0.02 0.08 0.07 0.07 0.03 2.69 2.69 2.76 0.83 0.11 0.06 0.14 0.19 0.02 0.08 0.06 0.06 0.03 2.70 2.69 0.57 0.51 0.06 0.06 0.13 0.17 0.03 0.07 0.06 0.06 0.03 2.69 2.69 0.98 2.77 0.44 0.05 0.12 0.27 0.12 0.10 0.08 0.07 0.03 2.69 2.68 0.56 0.75 0.44 0.36 0.13 0.50 0.56 0.28 0.12 0.06 0.02 2.70 2.69 0.13 0.07 0.03 0.30 0.18 2.49 1.17 0.35 0.12 0.06 0.03 2.69 2.70 0.09 0.03 0.01 0.05 0.34 0.43 0.12 0.08 0.08 0.04 2.68 2.69 0.13 0.04 0.01 0.04 0.08 0.34

I got: 0.44 0.10 0.04 0.02 2.71 2.73 0.07 0.02 0.01 0.02 0.05 0.39 2.27 0.80 0.13 0.02 2.70 2.69 0.11 0.03 0.01 0.04 0.11 0.84 1.46 0.48 0.73 0.58 0.06 2.69 2.69 0.15 0.03 0.01 0.04 0.08 0.38 0.40 0.16 0.24 0.63 0.47 2.71 2.69 0.17 0.03 0.01 0.03 0.06 0.11 0.11 0.16 0.22 0.10 0.58 2.69 2.69 0.16 0.03 0.01 0.04 0.09 0.05 0.05 0.21 0.19 0.03 0.08 0.57 2.70 0.12 0.03 0.01 0.03 0.08 0.03 0.03 0.19 0.33 0.05 0.09 0.21 0.11 0.17 0.05 0.02 0.05 0.15 0.04 0.05 0.34 0.01 0.01 0.01 0.01 0.09 0.08 0.01 0.05 0.05 0.09 0.01 0.07 0.01 0.13 0.02 0.05 0.11 0.07 0.02 2.72 0.31 0.62 0.37 0.06 0.03 0.15 0.20 0.02 0.08 0.07 0.07 0.03 2.69 2.70 2.76 0.83 0.11 0.04 0.21 0.19 0.02 0.08 0.06 0.06 0.03 2.70 2.69 0.57 0.51 0.06 0.04 0.21 0.17 0.02 0.07 0.06 0.06 0.03 2.69 2.70 0.97 2.77 0.43 0.06 0.19 0.27 0.11 0.09 0.08 0.08 0.04 2.70 2.69 0.56 0.75 0.44 0.41 0.21 0.50 0.56 0.28 0.12 0.07 0.03 2.73 2.69 0.13 0.07 0.03 0.30 0.17 2.48 1.16 0.34 0.13 0.06 0.03 2.73 2.72 0.09 0.03 0.01 0.05 0.34 0.42 0.12 0.08 0.08 0.04 2.69 2.70 0.13 0.04 0.01 0.04 0.08 0.34

I got: 0.44 0.09 0.04 0.02 2.72 2.72 0.06 0.02 0.01 0.03 0.05 0.39 2.27 0.80 0.12 0.02 2.70 2.69 0.11 0.03 0.01 0.04 0.11 0.84 1.46 0.47 0.73 0.57 0.06 2.70 2.69 0.15 0.04 0.01 0.04 0.08 0.37 0.40 0.17 0.24 0.63 0.46 2.71 2.70 0.17 0.03 0.01 0.03 0.06 0.11 0.12 0.15 0.22 0.11 0.58 2.70 2.70 0.16 0.03 0.01 0.04 0.09 0.04 0.05 0.21 0.19 0.04 0.07 0.58 2.69 0.12 0.03 0.01 0.03 0.08 0.03 0.04 0.18 0.33 0.05 0.09 0.21 0.11 0.17 0.05 0.02 0.05 0.15 0.05 0.05 0.34 0.01 0.01 0.01 0.01 0.06 0.07 0.01 0.07 0.06 0.06 0.04 0.07 0.01 0.13 0.03 0.05 0.11 0.07 0.02 2.71 0.31 0.62 0.37 0.06 0.03 0.15 0.20 0.02 0.07 0.07 0.07 0.02 2.70 2.69 2.76 0.83 0.11 0.04 0.21 0.19 0.02 0.08 0.06 0.06 0.03 2.69 2.69 0.57 0.51 0.06 0.04 0.21 0.17 0.02 0.07 0.06 0.06 0.03 2.71 2.71 0.97 2.76 0.43 0.06 0.19 0.27 0.11 0.09 0.08 0.08 0.03 2.68 2.70 0.56 0.75 0.44 0.41 0.21 0.50 0.55 0.27 0.12 0.07 0.02 2.70 2.70 0.13 0.07 0.03 0.30 0.16 2.49 1.16 0.35 0.13 0.06 0.02 2.71 2.71 0.09 0.03 0.01 0.05 0.34 0.42 0.12 0.08 0.08 0.04 2.69 2.68 0.13 0.04 0.01 0.04 0.08 0.34

