I got: 0.38 0.10 0.13 0.03 2.71 2.70 0.11 0.03 0.01 0.04 0.05 0.29 1.72 0.41 0.12 0.03 2.72 2.72 0.21 0.06 0.02 0.09 0.19 0.65 1.05 0.32 0.72 0.15 0.03 2.69 2.69 0.32 0.09 0.03 0.12 0.27 0.56 0.44 0.15 0.13 0.67 0.04 2.72 2.72 0.13 0.03 0.01 0.05 0.05 0.14 0.10 0.12 0.11 0.20 0.04 2.69 2.67 0.12 0.05 0.02 0.04 0.14 0.03 0.05 0.27 0.07 0.12 0.02 0.10 2.70 0.07 0.03 0.01 0.03 0.09 0.03 0.03 0.17 0.13 0.26 0.04 0.19 0.19 0.15 0.06 0.02 0.05 0.17 0.04 0.06 0.33 0.06 0.05 0.08 0.01 0.01 0.05 0.01 0.07 0.01 0.05 0.06 0.05 0.01 0.09 0.20 0.18 0.09 0.11 0.03 2.72 0.29 0.61 0.60 0.34 0.13 0.13 0.10 0.20 0.11 0.12 0.16 0.05 2.69 2.70 2.69 0.80 0.25 0.09 0.20 0.08 0.15 0.04 0.11 0.15 0.04 2.69 2.70 0.56 0.46 0.10 0.05 0.20 0.10 0.18 0.12 0.10 0.13 0.04 2.70 2.73 0.97 2.76 0.60 0.12 0.17 0.18 0.37 0.29 0.14 0.18 0.06 2.69 2.73 0.86 0.72 0.42 0.49 0.20 0.37 0.61 0.40 0.12 0.14 0.04 2.71 2.69 0.37 0.16 0.05 0.40 0.14 2.38 1.14 0.38 0.10 0.13 0.04 2.73 2.71 0.19 0.06 0.02 0.10 0.43 0.52 0.11 0.13 0.19 0.06 2.69 2.68 0.13 0.03 0.01 0.05 0.07 0.34

I got: 0.38 0.10 0.13 0.04 2.73 2.70 0.11 0.03 0.01 0.04 0.05 0.29 1.71 0.41 0.12 0.03 2.71 2.72 0.21 0.06 0.02 0.09 0.20 0.65 1.05 0.33 0.72 0.15 0.04 2.69 2.69 0.32 0.10 0.03 0.12 0.27 0.56 0.44 0.14 0.13 0.66 0.04 2.73 2.71 0.13 0.03 0.01 0.05 0.05 0.14 0.10 0.13 0.11 0.21 0.04 2.69 2.66 0.12 0.05 0.02 0.04 0.14 0.03 0.05 0.27 0.07 0.13 0.02 0.10 2.71 0.07 0.03 0.01 0.03 0.09 0.03 0.03 0.17 0.13 0.25 0.04 0.19 0.19 0.15 0.06 0.02 0.05 0.17 0.04 0.06 0.33 0.01 0.06 0.07 0.01 0.01 0.07 0.01 0.06 0.01 0.07 0.06 0.04 0.01 0.09 0.19 0.18 0.09 0.11 0.03 2.71 0.29 0.61 0.60 0.33 0.12 0.13 0.10 0.20 0.11 0.11 0.16 0.04 2.69 2.70 2.69 0.80 0.25 0.09 0.20 0.08 0.15 0.04 0.11 0.16 0.04 2.69 2.70 0.56 0.46 0.09 0.05 0.20 0.10 0.18 0.12 0.10 0.14 0.04 2.69 2.70 0.97 2.76 0.61 0.12 0.16 0.18 0.36 0.29 0.14 0.18 0.05 2.69 2.69 0.86 0.72 0.42 0.50 0.20 0.37 0.60 0.40 0.12 0.14 0.04 2.71 2.69 0.37 0.16 0.05 0.40 0.14 2.38 1.14 0.38 0.10 0.13 0.04 2.70 2.71 0.19 0.06 0.02 0.10 0.44 0.51 0.12 0.12 0.19 0.05 2.69 2.68 0.13 0.03 0.01 0.05 0.07 0.34

I got: 0.38 0.09 0.13 0.04 2.70 2.70 0.11 0.03 0.01 0.05 0.05 0.29 1.71 0.41 0.12 0.03 2.71 2.72 0.21 0.06 0.02 0.09 0.20 0.65 1.05 0.33 0.72 0.15 0.04 2.70 2.69 0.32 0.10 0.03 0.12 0.27 0.56 0.44 0.13 0.13 0.66 0.04 2.72 2.71 0.13 0.03 0.01 0.05 0.05 0.13 0.10 0.13 0.11 0.19 0.04 2.69 2.67 0.11 0.05 0.02 0.04 0.14 0.04 0.05 0.26 0.07 0.13 0.03 0.10 2.70 0.08 0.03 0.01 0.03 0.09 0.02 0.03 0.17 0.13 0.25 0.04 0.19 0.19 0.15 0.06 0.02 0.05 0.17 0.05 0.06 0.33 0.07 0.06 0.06 0.01 0.01 0.07 0.01 0.06 0.01 0.06 0.08 0.01 0.01 0.09 0.20 0.18 0.09 0.11 0.03 2.71 0.29 0.61 0.60 0.33 0.12 0.13 0.10 0.20 0.11 0.12 0.16 0.05 2.69 2.70 2.68 0.80 0.25 0.09 0.20 0.08 0.14 0.04 0.11 0.15 0.04 2.70 2.69 0.55 0.47 0.10 0.04 0.19 0.10 0.18 0.12 0.10 0.13 0.03 2.71 2.70 0.97 2.76 0.60 0.12 0.16 0.18 0.37 0.29 0.14 0.18 0.05 2.68 2.69 0.86 0.72 0.42 0.49 0.20 0.37 0.60 0.40 0.12 0.14 0.04 2.70 2.69 0.38 0.16 0.05 0.40 0.14 2.38 1.14 0.37 0.10 0.13 0.04 2.72 2.69 0.19 0.06 0.02 0.10 0.44 0.52 0.11 0.13 0.19 0.05 2.70 2.69 0.13 0.03 0.01 0.05 0.07 0.34

I got: 0.38 0.10 0.12 0.03 2.70 2.70 0.11 0.03 0.01 0.04 0.05 0.29 1.71 0.41 0.11 0.03 2.69 2.70 0.21 0.06 0.02 0.09 0.20 0.65 1.05 0.33 0.72 0.15 0.04 2.70 2.70 0.32 0.10 0.03 0.12 0.26 0.57 0.44 0.13 0.13 0.67 0.04 2.72 2.72 0.13 0.03 0.01 0.05 0.05 0.14 0.10 0.13 0.11 0.20 0.03 2.68 2.69 0.11 0.05 0.02 0.04 0.14 0.04 0.05 0.26 0.07 0.13 0.02 0.10 2.71 0.08 0.03 0.01 0.03 0.09 0.02 0.03 0.17 0.13 0.25 0.04 0.19 0.19 0.15 0.06 0.02 0.05 0.17 0.04 0.06 0.33 0.01 0.07 0.07 0.01 0.01 0.06 0.01 0.07 0.01 0.07 0.07 0.02 0.01 0.09 0.19 0.18 0.09 0.11 0.03 2.71 0.29 0.60 0.60 0.33 0.12 0.13 0.10 0.19 0.11 0.12 0.16 0.04 2.69 2.69 2.68 0.79 0.25 0.09 0.20 0.08 0.14 0.04 0.11 0.16 0.04 2.69 2.69 0.55 0.46 0.09 0.05 0.20 0.10 0.18 0.12 0.10 0.14 0.03 2.69 2.69 0.97 2.76 0.61 0.12 0.16 0.18 0.36 0.29 0.14 0.18 0.05 2.69 2.68 0.86 0.72 0.42 0.50 0.19 0.37 0.60 0.39 0.12 0.14 0.04 2.70 2.71 0.37 0.16 0.05 0.40 0.13 2.38 1.14 0.38 0.11 0.13 0.03 2.69 2.71 0.19 0.06 0.02 0.10 0.43 0.51 0.11 0.13 0.19 0.05 2.68 2.69 0.13 0.03 0.01 0.05 0.07 0.34

I got: 0.38 0.10 0.13 0.03 2.73 2.71 0.11 0.02 0.01 0.04 0.05 0.29 1.72 0.41 0.12 0.03 2.72 2.71 0.21 0.06 0.02 0.09 0.20 0.65 1.05 0.32 0.72 0.15 0.04 2.69 2.69 0.32 0.10 0.03 0.12 0.26 0.56 0.44 0.14 0.13 0.66 0.04 2.72 2.72 0.13 0.03 0.01 0.05 0.05 0.14 0.11 0.12 0.11 0.20 0.04 2.69 2.69 0.11 0.05 0.02 0.04 0.14 0.03 0.05 0.26 0.07 0.13 0.02 0.10 2.71 0.08 0.03 0.01 0.03 0.09 0.03 0.03 0.17 0.13 0.25 0.04 0.19 0.19 0.15 0.06 0.02 0.05 0.17 0.04 0.06 0.33 0.01 0.06 0.06 0.00 0.01 0.06 0.01 0.05 0.01 0.08 0.07 0.01 0.01 0.09 0.19 0.18 0.09 0.11 0.03 2.72 0.29 0.61 0.60 0.33 0.12 0.14 0.10 0.20 0.11 0.11 0.16 0.05 2.68 2.69 2.68 0.79 0.25 0.10 0.20 0.08 0.14 0.04 0.11 0.15 0.04 2.68 2.70 0.55 0.46 0.10 0.05 0.20 0.10 0.18 0.12 0.10 0.13 0.04 2.69 2.70 0.97 2.76 0.61 0.12 0.17 0.19 0.37 0.29 0.14 0.18 0.05 2.69 2.69 0.86 0.72 0.42 0.49 0.20 0.37 0.60 0.40 0.12 0.14 0.04 2.69 2.70 0.37 0.16 0.05 0.40 0.14 2.38 1.15 0.38 0.10 0.13 0.04 2.69 2.72 0.19 0.06 0.02 0.10 0.44 0.51 0.11 0.13 0.19 0.06 2.69 2.68 0.13 0.03 0.01 0.05 0.07 0.34

I got: 0.38 0.09 0.13 0.03 2.71 2.71 0.10 0.03 0.01 0.04 0.05 0.29 1.71 0.41 0.11 0.03 2.72 2.72 0.21 0.06 0.02 0.09 0.19 0.65 1.05 0.33 0.72 0.15 0.04 2.69 2.69 0.32 0.10 0.03 0.12 0.26 0.56 0.44 0.14 0.13 0.66 0.04 2.71 2.77 0.13 0.03 0.01 0.05 0.05 0.14 0.10 0.14 0.11 0.19 0.04 2.69 2.69 0.11 0.05 0.02 0.04 0.14 0.04 0.05 0.26 0.07 0.12 0.02 0.10 2.73 0.08 0.03 0.01 0.03 0.09 0.03 0.03 0.17 0.14 0.25 0.03 0.19 0.19 0.15 0.06 0.02 0.05 0.17 0.05 0.06 0.33 0.01 0.06 0.05 0.01 0.01 0.05 0.01 0.06 0.01 0.07 0.06 0.05 0.01 0.09 0.20 0.18 0.09 0.11 0.03 2.72 0.29 0.61 0.60 0.34 0.12 0.13 0.10 0.19 0.11 0.11 0.16 0.05 2.69 2.70 2.68 0.79 0.25 0.09 0.20 0.08 0.15 0.04 0.11 0.16 0.05 2.69 2.70 0.55 0.46 0.10 0.05 0.20 0.10 0.18 0.12 0.10 0.14 0.05 2.69 2.69 0.97 2.76 0.61 0.12 0.17 0.19 0.36 0.28 0.14 0.18 0.06 2.69 2.69 0.86 0.72 0.42 0.49 0.20 0.37 0.60 0.39 0.12 0.14 0.04 2.71 2.71 51.53 0.16 0.05 0.40 0.14 2.38 1.14 0.37 0.11 0.13 0.04 2.70 2.70 0.19 0.06 0.02 0.10 0.44 0.51 0.11 0.13 0.19 0.06 2.69 2.69 0.13 0.03 0.01 0.05 0.07 0.34

I got: 0.38 0.10 0.13 0.04 2.71 2.72 0.11 0.03 0.01 0.04 0.05 0.29 1.71 0.41 0.12 0.04 2.71 2.72 0.21 0.06 0.02 0.09 0.19 0.65 1.05 0.33 0.72 0.15 0.04 2.69 2.69 0.32 0.09 0.03 0.12 0.26 0.56 0.44 0.14 0.13 0.66 0.04 2.72 2.71 0.13 0.03 0.01 0.05 0.05 0.13 0.10 0.12 0.11 0.19 0.04 2.69 2.69 0.12 0.05 0.02 0.04 0.14 0.04 0.05 0.27 0.07 0.12 0.02 0.10 2.71 0.07 0.03 0.01 0.03 0.09 0.03 0.04 0.17 0.14 0.25 0.04 0.19 0.19 0.15 0.06 0.02 0.05 0.18 0.04 0.07 0.33 0.06 0.07 0.08 0.01 0.01 0.05 0.01 0.07 0.01 0.07 0.05 0.07 0.01 0.09 0.20 0.18 0.09 0.11 0.03 2.70 0.30 0.61 0.61 0.34 0.13 0.13 0.11 0.19 0.11 0.12 0.16 0.05 2.69 2.69 2.68 0.79 0.26 0.09 0.20 0.08 0.15 0.05 0.11 0.15 0.04 2.69 2.69 0.55 0.46 0.10 0.04 0.20 0.10 0.19 0.12 0.10 0.13 0.04 2.69 2.70 0.96 2.76 0.60 0.12 0.17 0.19 0.37 0.28 0.14 0.18 0.05 2.69 2.68 0.86 0.72 0.42 0.49 0.20 0.37 0.60 0.39 0.12 0.14 0.04 2.70 2.69 0.37 0.16 0.05 0.40 0.14 2.39 1.14 0.38 0.10 0.13 0.04 2.71 2.71 0.19 0.06 0.02 0.10 0.44 0.51 0.11 0.13 0.19 0.05 2.69 2.69 0.13 0.03 0.01 0.05 0.07 0.34

I got: 0.38 0.10 0.12 0.04 2.72 2.70 0.11 0.03 0.01 0.04 0.05 0.29 1.71 0.41 0.11 0.04 2.72 2.71 0.21 0.06 0.02 0.09 0.19 0.65 1.05 0.33 0.72 0.15 0.05 2.70 2.69 0.32 0.10 0.03 0.12 0.27 0.56 0.44 0.13 0.13 0.66 0.04 2.70 2.71 0.12 0.03 0.01 0.05 0.05 0.13 0.10 0.13 0.11 0.20 0.03 2.69 2.67 0.11 0.05 0.02 0.04 0.14 0.04 0.05 0.26 0.07 0.12 0.02 0.10 2.70 0.07 0.03 0.01 0.03 0.09 0.02 0.04 0.17 0.14 0.25 0.04 0.20 0.19 0.15 0.06 0.02 0.05 0.18 0.05 0.06 0.33 0.01 0.06 0.05 0.01 0.01 0.06 0.01 0.06 0.01 0.07 0.06 0.06 0.01 0.09 0.20 0.18 0.09 0.11 0.03 2.70 0.29 0.61 0.60 0.33 0.12 0.13 0.11 0.20 0.11 0.12 0.16 0.04 2.70 2.68 2.68 0.79 0.25 0.09 0.20 0.08 0.14 0.04 0.11 0.15 0.04 2.75 2.69 0.55 0.46 0.10 0.05 0.20 0.10 0.18 0.12 0.10 0.14 0.04 2.75 2.71 0.97 2.76 0.60 0.12 0.17 0.19 0.36 0.28 0.14 0.18 0.05 2.69 2.72 0.86 0.72 0.42 0.50 0.20 0.37 0.60 0.39 0.12 0.14 0.04 2.70 2.73 0.37 0.16 0.05 0.40 0.14 2.38 1.14 0.37 0.11 0.14 0.04 2.70 2.71 0.20 0.06 0.02 52.50 0.48 0.51 0.11 0.13 0.19 0.06 2.67 2.69 51.53 0.03 0.01 0.05 0.07 0.38

I got: 0.37 0.10 0.13 0.04 2.69 2.69 0.11 0.03 0.01 0.04 0.05 0.29 1.72 0.42 0.12 0.03 2.71 2.70 0.21 0.06 0.02 0.09 0.19 0.65 1.05 0.32 0.72 0.15 0.05 2.70 2.70 0.32 0.09 0.03 0.12 0.26 0.56 0.44 0.14 0.13 0.66 0.04 2.73 2.72 0.13 0.03 0.01 0.05 0.05 0.14 0.11 0.12 0.11 0.19 0.04 2.68 2.68 0.11 0.05 0.01 0.04 0.14 0.04 0.05 0.27 0.07 0.14 0.02 0.10 2.70 0.07 0.03 0.01 0.03 0.09 0.03 0.03 0.17 0.14 0.25 0.04 0.19 0.19 0.15 0.06 0.02 0.05 0.18 0.05 0.06 0.34 0.01 0.06 0.06 0.01 0.01 0.10 0.01 0.06 0.01 0.09 0.10 0.01 0.00 0.09 0.21 0.18 0.09 0.11 0.03 2.71 0.29 0.61 0.60 0.34 0.12 0.14 0.11 0.19 0.11 0.12 0.16 0.05 2.69 2.69 2.67 0.79 0.25 0.09 0.20 0.08 0.15 0.04 0.11 0.16 0.04 2.69 2.69 0.55 0.46 0.09 0.05 0.20 0.10 0.18 0.12 0.10 0.14 0.04 2.70 2.70 0.96 2.75 0.61 0.12 0.17 0.19 0.36 0.28 0.14 0.18 0.05 2.69 2.68 0.86 0.72 0.42 0.50 0.19 0.37 0.60 0.39 0.12 0.14 0.04 2.69 2.70 0.37 0.16 0.05 0.40 0.13 2.38 1.14 0.38 0.10 0.13 0.04 2.69 2.70 0.19 0.06 0.02 0.10 0.43 0.51 0.11 0.13 0.19 0.05 2.68 2.69 0.13 0.03 0.01 0.05 0.07 0.34

I got: 0.38 0.09 0.12 0.03 2.69 2.71 0.11 0.03 52.50 0.04 0.05 0.29 1.71 0.41 0.11 0.03 2.72 2.71 0.21 0.06 0.02 0.09 0.19 0.65 1.05 0.33 0.72 0.15 0.05 2.70 2.69 0.32 0.09 0.03 0.12 0.26 0.56 0.44 0.13 0.13 0.65 0.04 2.72 2.72 0.13 0.03 0.01 0.05 0.05 0.14 0.10 0.13 0.12 0.20 0.03 2.68 2.68 0.11 0.05 0.02 0.04 0.14 0.04 0.05 0.26 0.07 0.12 0.02 0.10 2.71 0.08 0.03 0.01 0.03 0.09 0.03 0.03 0.17 0.14 0.25 0.04 0.19 0.19 0.15 0.06 0.02 0.05 0.18 0.05 0.06 0.33 0.01 0.06 0.06 0.01 0.01 0.06 0.01 0.05 0.01 0.06 0.06 0.05 0.01 0.09 0.20 0.18 0.09 0.11 0.03 2.71 0.29 0.61 0.60 0.33 0.12 0.13 0.11 0.20 0.11 0.12 0.16 0.05 2.69 2.69 2.68 0.79 0.25 0.09 0.20 0.08 0.14 0.04 0.11 0.15 0.05 2.69 2.70 0.56 0.46 0.10 0.05 0.20 0.10 0.17 0.12 0.10 0.14 0.04 2.71 2.69 0.96 2.76 0.61 0.12 0.16 0.19 0.36 0.28 0.14 0.18 0.06 2.69 2.69 0.86 0.72 0.42 0.50 0.19 0.37 0.59 0.39 0.12 0.14 0.04 2.69 2.70 0.37 0.16 0.05 0.40 0.13 2.38 1.13 0.37 0.10 0.13 0.04 2.69 2.75 0.19 0.06 0.02 0.10 0.43 0.51 0.11 0.13 0.19 0.06 2.69 2.72 0.13 0.03 0.02 0.06 0.07 0.34

I got: 0.38 0.10 0.13 0.04 2.69 2.77 0.10 0.03 0.01 0.05 0.05 0.29 1.71 0.41 0.12 0.04 2.75 2.72 0.22 0.06 0.02 0.09 0.19 0.65 1.05 0.32 0.72 0.15 0.04 2.72 2.69 0.32 0.10 0.03 0.12 0.26 0.56 0.43 0.14 0.13 0.65 0.04 2.73 2.70 0.13 0.03 0.01 0.05 0.04 0.14 0.11 0.12 0.11 0.19 0.04 2.67 2.69 0.11 0.05 0.02 0.04 0.14 0.05 0.05 0.27 0.07 0.13 0.03 0.10 2.71 0.08 0.03 0.01 0.03 0.09 0.03 0.04 0.18 0.14 0.25 0.04 0.19 0.19 0.15 0.06 0.02 0.05 0.18 0.05 0.06 0.34 0.01 0.01 0.07 0.01 0.01 0.07 0.01 0.07 0.00 0.05 0.09 0.01 0.01 0.09 0.21 0.18 0.09 0.11 0.03 2.71 0.29 0.61 0.60 0.33 0.12 0.14 0.11 0.20 0.11 0.12 0.16 0.05 2.69 2.69 2.68 0.79 0.25 0.09 0.21 0.09 0.15 0.04 0.11 0.15 0.05 2.69 2.70 0.55 0.45 0.10 0.05 0.20 0.10 0.18 0.12 0.10 0.14 0.04 2.70 2.70 0.96 2.76 0.60 0.12 0.16 0.19 0.36 0.28 0.14 0.18 0.05 2.69 2.68 0.86 0.72 0.42 0.49 0.20 0.37 0.59 0.39 0.12 0.14 0.04 2.70 2.71 0.37 0.16 0.05 0.40 0.13 2.38 1.13 0.37 0.11 0.13 0.04 2.69 2.70 0.19 0.06 0.02 0.10 0.43 0.51 0.11 0.13 0.19 0.05 2.69 2.69 0.13 0.04 0.01 0.05 0.07 0.34

I got: 0.37 0.09 0.12 0.04 2.69 2.69 0.11 0.03 0.01 0.04 0.05 0.29 1.71 0.41 0.11 0.03 2.71 2.72 0.21 0.06 0.02 0.09 0.19 0.65 1.05 0.32 0.72 0.15 0.04 2.69 2.70 0.32 0.09 0.03 0.12 0.26 0.56 0.43 0.14 0.13 0.66 0.04 2.73 2.71 0.13 0.03 0.01 0.05 0.05 0.14 0.10 0.12 0.12 0.19 0.03 2.68 2.69 0.12 0.05 0.02 0.04 0.14 0.04 0.05 0.27 0.07 0.12 0.02 0.10 2.71 0.07 0.03 0.01 0.03 0.09 0.03 0.04 0.17 0.14 0.25 0.04 0.19 0.19 0.15 0.06 0.02 0.05 0.18 0.05 0.06 0.34 0.06 0.07 0.08 0.01 0.01 0.06 0.01 0.08 0.01 0.05 0.07 0.06 0.01 0.09 0.20 0.18 0.09 0.11 0.03 2.72 0.29 0.60 0.60 0.34 0.13 0.13 0.11 0.19 0.11 0.12 0.16 0.05 2.69 2.70 2.68 0.79 0.26 0.10 0.20 0.08 0.14 0.05 0.11 0.15 0.05 2.69 2.70 0.56 0.46 0.10 0.05 0.20 0.10 0.18 0.12 0.10 0.13 0.04 2.69 2.69 0.96 2.76 0.60 0.12 0.17 0.19 0.37 0.28 0.14 0.18 0.05 2.69 2.69 0.86 0.72 0.42 0.49 0.20 0.37 0.60 0.39 0.12 0.14 0.05 2.70 2.71 0.37 0.16 0.05 0.40 0.13 2.38 1.14 0.38 0.11 0.13 0.04 2.69 2.72 0.19 0.06 0.02 0.10 0.44 0.51 0.11 0.13 0.19 0.06 2.69 2.69 0.13 0.03 0.01 0.05 0.07 0.34

I got: 0.38 0.10 0.12 0.04 2.71 2.72 0.11 0.03 0.01 0.04 0.05 0.29 1.71 0.41 0.11 0.04 2.72 2.71 0.21 0.06 0.02 0.09 0.19 0.65 1.05 0.32 0.72 0.15 0.05 2.69 2.70 0.32 0.09 0.03 0.12 0.26 0.56 0.43 0.14 0.13 0.65 0.04 2.71 2.69 0.13 0.03 0.01 0.05 0.04 0.14 0.10 0.13 0.11 0.19 0.04 2.69 2.68 0.11 0.05 0.02 0.04 0.14 0.04 0.05 0.26 0.07 0.13 0.02 0.10 2.69 0.08 0.03 0.01 0.03 0.09 0.03 0.03 0.18 0.14 0.25 0.04 0.20 0.19 0.15 0.06 0.02 0.05 0.18 0.05 0.06 0.34 0.01 0.01 0.06 0.01 0.01 0.09 0.01 0.05 0.01 0.06 0.08 0.01 0.00 0.09 0.21 0.18 0.09 0.11 0.04 2.71 0.29 0.60 0.60 0.33 0.12 0.14 0.11 0.19 0.11 0.12 0.16 0.05 2.70 2.69 2.67 0.79 0.26 0.09 0.19 0.08 0.15 0.04 0.11 0.15 0.05 2.70 2.69 0.55 0.45 0.10 0.05 0.20 0.10 0.18 0.12 0.10 0.14 0.04 2.71 2.71 0.96 2.75 0.60 0.12 0.17 0.19 0.36 0.28 0.14 0.18 0.06 2.68 2.69 0.85 0.72 0.42 0.49 0.19 0.37 0.60 0.39 0.12 0.14 0.05 2.69 2.69 0.37 0.16 0.05 0.40 0.13 2.38 1.14 0.37 0.11 0.13 0.04 2.70 2.69 0.19 0.06 0.02 0.10 0.43 0.50 0.11 0.13 0.19 0.06 2.68 2.69 0.13 0.03 0.01 0.05 0.07 0.34

I got: 0.37 0.10 0.12 0.04 2.69 2.71 0.11 0.02 0.01 0.04 0.05 0.29 1.71 0.41 0.11 0.04 2.71 2.70 0.22 0.06 0.02 0.09 0.19 0.65 1.05 0.32 0.72 0.15 0.05 2.70 2.70 0.32 0.10 0.03 0.12 0.26 0.56 0.43 0.14 0.13 0.65 0.04 2.73 2.72 0.12 0.03 0.01 0.05 0.04 0.14 0.10 0.12 0.11 0.19 0.03 2.68 2.68 0.12 0.05 0.01 0.04 0.14 0.04 0.05 0.27 0.07 0.12 0.02 0.10 2.70 0.07 0.03 0.01 0.03 0.09 0.03 0.04 0.17 0.14 0.26 0.04 0.19 0.19 0.15 0.06 0.02 0.05 0.18 0.05 0.06 0.34 0.01 0.06 0.05 0.01 0.01 0.06 0.01 0.05 0.01 0.06 0.06 0.06 0.01 0.09 0.20 0.18 0.09 0.11 0.04 2.72 0.29 0.60 0.60 0.33 0.13 0.14 0.11 0.19 0.11 0.12 0.16 0.05 2.69 2.69 2.67 0.79 0.26 0.09 0.20 0.08 0.15 0.05 0.11 0.15 0.05 2.69 2.69 0.55 0.45 0.10 0.05 0.20 0.10 0.19 0.11 0.10 0.13 0.04 2.72 2.70 0.96 2.76 0.60 0.12 0.17 0.19 0.36 0.28 0.15 0.18 0.05 2.69 2.68 0.85 0.72 0.42 0.49 0.20 0.37 0.59 0.39 0.12 0.14 0.04 2.69 2.70 0.37 0.16 0.05 0.40 0.13 2.37 1.13 0.37 0.11 0.13 0.04 2.70 2.71 0.21 0.06 0.02 0.11 0.48 0.50 0.11 0.13 0.19 0.06 2.68 2.69 0.13 0.03 0.01 0.05 0.07 0.34

I got: 0.37 0.10 0.12 0.04 2.69 2.70 0.10 0.03 0.01 0.04 0.05 0.29 1.71 0.41 0.11 0.04 2.73 2.72 0.21 0.06 0.02 0.09 0.19 0.65 1.05 0.32 0.72 0.15 0.05 2.70 2.69 0.31 0.09 0.03 0.12 0.26 0.56 0.43 0.14 0.13 0.65 0.04 2.73 2.73 0.12 0.03 0.01 0.05 0.05 0.14 0.10 0.13 0.11 0.20 0.04 2.69 2.69 0.11 0.05 0.02 0.04 0.14 0.04 0.05 0.27 0.07 0.12 0.02 0.10 2.70 0.07 0.03 0.01 0.03 0.09 0.03 0.04 0.17 0.14 0.25 0.04 0.20 0.19 0.14 0.06 0.02 0.05 0.18 0.05 0.07 0.34 0.01 0.07 0.09 0.01 0.01 0.07 0.01 0.08 0.01 0.06 0.05 0.04 0.01 0.09 0.20 0.18 0.09 0.11 0.04 2.72 0.29 0.61 0.60 0.34 0.12 0.14 0.11 0.20 0.11 0.12 0.16 0.05 2.69 2.74 2.68 0.79 0.26 0.09 0.21 0.09 0.15 0.04 0.11 0.15 0.05 2.68 2.70 0.55 0.46 0.10 0.05 0.20 0.10 0.19 0.11 0.10 0.13 0.04 2.71 2.69 0.96 2.76 0.60 0.12 0.18 0.19 0.37 0.28 0.15 0.18 0.06 2.69 2.68 0.85 0.72 0.42 0.49 0.21 0.37 0.60 0.39 0.13 0.14 0.04 2.69 2.70 0.37 0.16 0.05 0.40 0.13 2.38 1.14 0.37 0.11 0.13 0.04 2.70 2.70 0.18 0.06 0.02 0.11 0.46 0.50 0.11 0.13 0.19 0.05 2.69 2.69 0.13 0.03 0.01 0.05 0.07 0.35

