I got: 0.33 0.13 0.05 0.03 2.69 2.69 0.18 0.06 0.01 0.04 0.09 0.36 2.12 0.74 0.13 0.03 2.70 2.70 0.24 0.05 0.01 0.04 0.16 0.79 1.25 0.41 0.71 0.59 0.07 2.69 2.69 0.34 0.07 0.01 0.05 0.16 0.54 0.42 0.09 0.21 0.67 0.46 2.71 2.76 0.31 0.05 0.01 0.04 0.09 0.25 0.10 0.05 0.17 0.18 0.62 2.70 2.73 0.27 0.06 0.01 0.05 0.13 0.11 0.03 0.08 0.15 0.10 0.05 0.64 2.69 0.21 0.06 0.01 0.05 0.15 0.05 0.04 0.09 0.23 0.15 0.09 0.23 0.15 0.28 0.11 0.01 0.08 0.26 0.06 0.08 0.15 0.01 0.05 0.01 0.01 0.05 0.05 0.04 0.04 0.04 0.05 0.05 0.05 0.01 0.10 0.12 0.14 0.23 0.10 0.04 2.74 0.01 0.02 0.05 0.14 0.04 0.04 0.17 0.09 0.10 0.09 0.05 0.04 2.69 2.68 1.93 0.20 0.06 0.07 0.11 0.13 0.08 0.08 0.08 0.04 0.03 2.70 2.69 0.19 0.16 0.05 0.05 0.09 0.10 0.06 0.07 0.06 0.03 0.02 2.72 2.71 0.15 1.92 0.04 0.04 0.07 0.27 0.27 0.16 0.21 0.08 0.03 2.69 2.66 0.30 0.09 0.01 0.45 0.09 0.46 0.61 0.36 0.25 0.08 0.02 2.69 2.69 0.26 0.06 0.01 0.05 0.20 2.15 0.90 0.23 0.16 0.25 0.02 2.70 2.70 0.20 0.06 0.01 0.04 0.35 0.46 0.12 0.09 0.05 0.03 2.69 2.69 0.21 0.07 0.01 0.05 0.12 0.33

I got: 0.40 0.13 0.05 0.02 2.69 2.71 0.16 0.06 0.01 0.04 0.08 0.35 2.07 0.68 0.12 0.02 2.71 2.72 0.21 0.05 0.01 0.03 0.15 0.72 1.09 0.43 0.63 0.59 0.07 2.69 2.69 0.33 0.07 0.01 0.05 0.16 0.54 0.35 0.06 0.14 0.74 0.48 2.72 2.71 0.30 0.05 0.01 0.04 0.09 0.24 0.10 0.05 0.08 0.26 0.62 2.70 2.69 0.26 0.07 0.01 0.04 0.13 0.11 0.03 0.08 0.06 0.17 0.05 0.63 2.68 0.20 0.06 0.01 0.04 0.12 0.04 0.04 0.07 0.08 0.25 0.09 0.22 0.07 0.28 0.11 0.02 0.07 0.24 0.06 0.08 0.14 0.01 0.06 0.01 0.01 0.07 0.05 0.03 0.05 0.05 0.08 0.05 0.05 0.01 0.05 0.16 0.14 0.23 0.09 0.05 2.73 0.01 0.02 0.05 0.13 0.04 0.04 0.06 0.17 0.10 0.09 0.12 0.04 2.69 2.69 1.94 0.19 0.06 0.07 0.11 0.05 0.14 0.08 0.07 0.08 0.03 2.70 2.69 0.18 0.15 0.05 0.05 0.09 0.04 0.11 0.06 0.06 0.07 0.03 2.71 2.71 0.14 1.89 0.04 0.04 0.07 0.15 0.38 0.16 0.21 0.11 0.06 2.69 2.66 0.30 0.09 0.01 0.45 0.08 0.38 0.69 0.36 0.25 0.10 0.07 2.69 2.69 0.25 0.06 0.01 0.05 0.20 2.10 1.13 0.30 0.17 0.07 0.04 2.71 2.69 0.19 0.05 0.01 0.04 0.36 0.56 0.12 0.09 0.11 0.05 2.69 2.68 0.21 0.07 0.01 0.05 0.11 0.33

I got: 0.36 0.12 0.08 0.04 2.71 2.69 0.17 0.06 0.01 0.04 0.08 0.35 2.06 0.66 0.09 0.05 2.69 2.71 0.20 0.05 0.01 0.03 0.15 0.70 1.11 0.37 0.63 0.55 0.12 2.69 2.69 0.33 0.07 0.01 0.05 0.17 0.54 0.42 0.12 0.14 0.73 0.51 2.71 2.72 0.30 0.05 0.01 0.03 0.09 0.25 0.16 0.12 0.08 0.25 0.60 2.69 2.69 0.26 0.07 0.01 0.04 0.13 0.11 0.09 0.16 0.06 0.17 0.06 0.62 2.68 0.20 0.06 0.01 0.04 0.13 0.05 0.05 0.16 0.09 0.25 0.09 0.23 0.14 0.27 0.10 0.02 0.07 0.23 0.06 0.07 0.27 0.07 0.06 0.01 0.01 0.06 0.06 0.06 0.07 0.06 0.06 0.07 0.05 0.01 0.05 0.16 0.14 0.23 0.10 0.04 2.77 0.01 0.02 0.05 0.13 0.07 0.08 0.06 0.17 0.10 0.09 0.05 0.04 2.70 2.68 1.94 0.18 0.06 0.05 0.20 0.05 0.13 0.08 0.07 0.04 0.03 2.70 2.69 0.18 0.14 0.05 0.04 0.16 0.04 0.10 0.06 0.05 0.03 0.02 2.72 2.75 0.13 2.01 0.04 0.04 0.07 0.16 0.39 0.17 0.21 0.08 0.03 2.69 2.68 0.31 0.09 0.01 0.47 0.09 0.38 0.69 0.37 0.25 0.08 0.02 2.69 2.69 0.25 0.06 0.01 0.05 0.20 2.38 1.13 0.30 0.16 0.07 0.01 2.70 2.69 0.19 0.06 0.01 0.05 0.35 0.56 0.12 0.09 0.11 0.05 2.68 2.68 0.20 0.07 0.01 0.06 0.12 0.33

I got: 0.38 0.12 0.08 0.04 2.70 2.69 0.17 0.06 0.01 0.05 0.09 0.36 2.09 0.74 0.10 0.06 2.69 2.69 0.23 0.06 0.01 0.05 0.17 0.81 1.29 0.44 0.71 0.54 0.12 2.70 2.69 0.33 0.07 0.01 0.06 0.17 0.54 0.42 0.12 0.21 0.67 0.50 2.70 2.72 0.30 0.05 0.01 0.04 0.10 0.24 0.15 0.11 0.16 0.16 0.62 2.70 2.69 0.26 0.06 0.01 0.06 0.14 0.11 0.03 0.08 0.14 0.09 0.06 0.62 2.69 0.20 0.06 0.01 0.05 0.14 0.05 0.04 0.08 0.23 0.13 0.08 0.23 0.14 0.27 0.11 0.01 0.09 0.25 0.06 0.08 0.15 0.01 0.06 0.01 0.01 0.06 0.07 0.07 0.05 0.05 0.06 0.06 0.07 0.01 0.09 0.11 0.14 0.23 0.10 0.03 2.74 0.01 0.03 0.06 0.13 0.04 0.04 0.17 0.08 0.10 0.09 0.06 0.04 2.69 2.68 1.95 0.20 0.06 0.07 0.11 0.14 0.06 0.08 0.07 0.04 0.03 2.69 2.69 0.18 0.16 0.05 0.05 0.09 0.10 0.05 0.06 0.05 0.04 0.02 2.71 2.71 0.13 2.02 0.04 0.04 0.07 0.28 0.27 0.18 0.21 0.08 0.03 2.69 2.67 0.30 0.09 0.01 0.47 0.09 0.47 0.61 0.37 0.25 0.08 0.02 2.70 2.69 0.25 0.06 0.01 0.05 0.20 2.20 1.09 0.31 0.16 0.06 0.02 2.71 2.69 0.18 0.06 0.01 0.05 0.37 0.46 0.12 0.09 0.06 0.03 2.68 2.68 0.21 0.07 0.01 0.06 0.13 0.34

I got: 0.43 0.13 0.05 0.02 2.71 2.71 0.15 0.05 0.01 0.04 0.08 0.39 2.27 0.78 0.13 0.02 2.71 2.69 0.24 0.06 0.01 0.05 0.18 0.82 1.31 0.45 0.71 0.59 0.07 2.70 2.70 0.33 0.07 0.01 0.06 0.17 0.55 0.43 0.12 0.22 0.66 0.47 2.71 2.71 0.30 0.05 0.01 0.04 0.11 0.24 0.16 0.12 0.17 0.15 0.61 2.69 2.69 0.25 0.07 0.01 0.06 0.14 0.11 0.08 0.17 0.15 0.08 0.06 0.61 2.69 0.19 0.06 0.01 0.05 0.14 0.05 0.05 0.15 0.25 0.11 0.08 0.22 0.13 0.26 0.11 0.01 0.09 0.25 0.06 0.08 0.15 0.01 0.06 0.01 0.01 0.06 0.05 0.01 0.05 0.05 0.06 0.05 0.05 0.01 0.10 0.11 0.15 0.23 0.10 0.04 2.75 0.01 0.03 0.06 0.13 0.04 0.04 0.18 0.06 0.10 0.09 0.07 0.03 2.69 2.68 1.95 0.20 0.06 0.07 0.11 0.15 0.05 0.08 0.07 0.05 0.02 2.70 2.69 0.18 0.16 0.05 0.06 0.09 0.11 0.04 0.06 0.05 0.04 0.01 2.73 2.72 0.13 2.02 0.04 0.04 0.07 0.29 0.26 0.18 0.21 0.11 0.06 2.69 2.66 0.30 0.09 0.01 0.47 0.09 0.47 0.60 0.37 0.25 0.08 0.05 2.71 2.70 0.25 0.06 0.01 0.05 0.20 2.21 0.90 0.25 0.15 0.08 0.05 2.70 2.74 0.19 0.06 0.01 0.05 0.37 0.44 0.11 0.09 0.10 0.05 2.69 2.67 0.20 0.07 0.01 0.06 0.12 0.33

I got: 0.44 0.13 0.07 0.04 2.70 2.72 0.15 0.05 0.01 0.04 0.09 0.39 2.28 0.76 0.11 0.06 2.73 2.70 0.23 0.06 0.01 0.05 0.18 0.81 1.28 0.44 0.70 0.54 0.12 2.69 2.70 0.32 0.07 0.01 0.06 0.18 0.54 0.42 0.12 0.21 0.66 0.50 2.71 2.71 0.30 0.05 0.01 0.05 0.10 0.24 0.15 0.11 0.17 0.16 0.60 2.69 2.69 0.25 0.07 0.01 0.06 0.14 0.10 0.08 0.16 0.14 0.08 0.06 0.60 2.69 0.19 0.06 0.01 0.05 0.14 0.05 0.05 0.15 0.23 0.12 0.08 0.22 0.12 0.26 0.10 0.02 0.09 0.25 0.06 0.06 0.26 0.01 0.05 0.01 0.01 0.05 0.06 0.01 0.05 0.06 0.05 0.05 0.05 0.01 0.09 0.11 0.14 0.23 0.10 0.04 2.74 0.01 0.03 0.06 0.13 0.07 0.07 0.17 0.07 0.10 0.09 0.07 0.01 2.69 2.69 1.95 0.20 0.06 0.05 0.19 0.14 0.06 0.08 0.07 0.06 0.01 2.70 2.69 0.18 0.16 0.05 0.04 0.16 0.10 0.05 0.06 0.05 0.07 0.03 2.71 2.70 0.13 2.02 0.04 0.03 0.12 0.28 0.27 0.18 0.20 0.11 0.07 2.68 2.66 0.30 0.09 0.01 0.56 0.18 0.46 0.61 0.38 0.25 0.08 0.05 2.70 2.69 0.24 0.06 0.01 0.05 0.16 2.41 1.06 0.30 0.16 0.08 0.04 2.70 2.71 0.19 0.06 0.01 0.05 0.37 0.47 0.12 0.08 0.10 0.05 2.69 2.68 0.20 0.07 0.01 0.06 0.12 0.32

I got: 0.37 0.12 0.08 0.04 2.70 2.70 0.16 0.06 0.01 0.05 0.09 0.35 2.06 0.76 0.11 0.06 2.71 2.69 0.23 0.06 0.01 0.05 0.18 0.81 1.28 0.44 0.70 0.55 0.12 2.69 2.69 0.32 0.07 0.01 0.06 0.18 0.54 0.42 0.12 0.21 0.66 0.50 2.70 2.71 0.30 0.05 0.01 0.04 0.11 0.24 0.15 0.11 0.17 0.16 0.59 2.69 2.69 0.25 0.07 0.01 0.06 0.14 0.10 0.08 0.16 0.14 0.08 0.06 0.59 2.70 0.18 0.06 0.01 0.05 0.14 0.05 0.04 0.15 0.23 0.12 0.08 0.22 0.12 0.26 0.11 0.02 0.09 0.25 0.06 0.06 0.26 0.01 0.04 0.01 0.01 0.06 0.05 0.06 0.06 0.05 0.06 0.05 0.05 0.01 0.09 0.11 0.14 0.23 0.10 0.04 2.74 0.01 0.03 0.06 0.13 0.07 0.07 0.17 0.07 0.10 0.08 0.07 0.01 2.69 2.69 1.95 0.19 0.06 0.05 0.19 0.14 0.06 0.08 0.07 0.06 0.01 2.70 2.69 0.18 0.15 0.05 0.04 0.16 0.10 0.04 0.06 0.05 0.05 0.01 2.70 2.72 0.13 2.01 0.04 0.03 0.12 0.28 0.26 0.18 0.20 0.10 0.01 2.68 2.67 0.30 0.09 0.01 0.56 0.18 0.46 0.61 0.38 0.25 0.09 0.02 2.71 2.69 0.24 0.06 0.01 0.05 0.16 2.41 1.06 0.30 0.16 0.07 0.01 2.70 2.70 0.18 0.06 0.01 0.05 0.37 0.44 0.11 0.08 0.10 0.04 2.70 2.69 0.20 0.07 0.01 0.06 0.12 0.32

I got: 0.37 0.12 0.08 0.04 2.70 2.70 0.16 0.06 0.01 0.04 0.09 0.35 2.09 0.78 0.11 0.06 2.71 2.69 0.23 0.06 0.01 0.05 0.19 0.83 1.32 0.46 0.71 0.55 0.12 2.69 2.69 0.32 0.07 0.01 0.06 0.18 0.54 0.41 0.12 0.22 0.65 0.50 2.75 2.69 0.29 0.05 0.01 0.04 0.10 0.24 0.15 0.11 0.18 0.14 0.57 2.74 2.69 0.25 0.07 0.01 0.06 0.14 0.10 0.07 0.16 0.15 0.07 0.06 0.57 2.73 0.18 0.06 0.01 0.05 0.13 0.04 0.04 0.14 0.25 0.09 0.08 0.22 0.09 0.26 0.11 0.01 0.09 0.25 0.05 0.06 0.26 0.01 0.06 0.01 0.01 0.06 0.05 0.01 0.05 0.06 0.06 0.05 0.06 0.01 0.10 0.10 0.15 0.23 0.09 0.05 2.74 0.01 0.03 0.06 0.13 0.07 0.07 0.19 0.05 0.10 0.08 0.09 0.01 2.68 2.69 1.95 0.19 0.06 0.04 0.19 0.15 0.04 0.08 0.07 0.07 0.01 2.69 2.70 0.17 0.15 0.05 0.04 0.16 0.11 0.03 0.06 0.05 0.05 0.01 2.70 2.71 0.13 2.01 0.04 0.03 0.12 0.30 0.25 0.18 0.20 0.11 0.03 2.68 2.70 0.30 0.09 0.01 0.56 0.18 0.48 0.60 0.38 0.25 0.09 0.03 2.69 2.70 0.24 0.06 0.01 0.05 0.16 2.41 1.05 0.30 0.16 0.07 0.02 2.70 2.69 0.18 0.06 0.01 0.05 0.37 0.43 0.11 0.08 0.09 0.02 2.68 2.69 0.20 0.07 0.01 0.06 0.12 0.32

I got: 0.44 0.12 0.06 0.01 2.72 2.72 0.14 0.05 0.01 0.04 0.09 0.40 2.29 0.78 0.13 0.04 2.69 2.69 0.23 0.06 0.01 0.05 0.19 0.83 1.32 0.46 0.71 0.57 0.09 2.69 2.68 0.32 0.07 0.01 0.06 0.18 0.54 0.41 0.12 0.22 0.65 0.48 2.72 2.69 0.29 0.05 0.01 0.04 0.11 0.24 0.15 0.11 0.18 0.14 0.56 2.70 2.70 0.25 0.07 0.01 0.06 0.14 0.10 0.07 0.16 0.15 0.07 0.06 0.58 2.69 0.18 0.06 0.01 0.05 0.13 0.04 0.04 0.13 0.26 0.09 0.08 0.22 0.07 0.26 0.11 0.01 0.09 0.25 0.05 0.06 0.27 0.01 0.04 0.01 0.01 0.04 0.05 0.01 0.05 0.05 0.05 0.05 0.06 0.01 0.10 0.10 0.15 0.23 0.08 0.06 2.75 0.01 0.03 0.06 0.13 0.07 0.07 0.19 0.05 0.10 0.08 0.11 0.04 2.68 2.69 1.95 0.19 0.06 0.05 0.20 0.15 0.04 0.08 0.07 0.09 0.04 2.69 2.70 0.17 0.15 0.05 0.03 0.16 0.11 0.03 0.06 0.05 0.07 0.03 2.72 2.71 0.13 2.01 0.04 0.03 0.12 0.30 0.25 0.18 0.20 0.11 0.06 2.68 2.70 0.29 0.09 0.01 0.56 0.18 0.48 0.60 0.38 0.24 0.08 0.05 2.69 2.69 0.24 0.06 0.01 0.05 0.16 2.40 1.04 0.30 0.16 0.08 0.04 2.70 2.69 0.18 0.06 0.01 0.05 0.37 0.43 0.11 0.08 0.10 0.05 2.69 2.70 0.20 0.07 0.01 0.06 0.12 0.32

I got: 0.44 0.12 0.06 0.04 2.73 2.72 0.14 0.05 0.01 0.04 0.09 0.39 2.29 0.78 0.11 0.06 2.70 2.69 0.23 0.06 0.01 0.05 0.19 0.83 1.32 0.46 0.71 0.55 0.12 2.69 2.68 0.32 0.07 0.01 0.06 0.18 0.54 0.41 0.12 0.22 0.66 0.50 2.70 2.70 0.29 0.05 0.01 0.04 0.11 0.24 0.15 0.11 0.19 0.14 0.53 2.69 2.69 0.24 0.07 0.01 0.06 0.14 0.10 0.07 0.15 0.15 0.07 0.06 0.60 2.69 0.18 0.06 0.01 0.05 0.13 0.05 0.04 0.15 0.25 0.10 0.08 0.22 0.13 0.25 0.11 0.01 0.09 0.25 0.05 0.05 0.26 0.01 0.03 0.01 0.01 0.05 0.05 0.01 0.05 0.05 0.05 0.04 0.06 0.01 0.10 0.10 0.15 0.23 0.10 0.04 2.74 0.01 0.03 0.06 0.13 0.07 0.07 0.19 0.05 0.10 0.08 0.07 0.02 2.68 2.73 1.95 0.19 0.06 0.04 0.20 0.15 0.04 0.08 0.07 0.06 0.02 2.72 2.69 0.18 0.15 0.05 0.03 0.16 0.11 0.03 0.06 0.05 0.04 0.01 2.75 2.72 0.13 2.01 0.04 0.03 0.12 0.30 0.25 0.19 0.20 0.09 0.01 2.69 2.69 0.30 0.09 0.01 0.56 0.18 0.47 0.60 0.38 0.25 0.09 0.01 2.69 2.69 0.24 0.06 0.01 0.05 0.16 2.40 1.04 0.30 0.16 0.07 0.01 2.71 2.70 0.18 0.06 0.01 0.05 0.37 0.42 0.11 0.08 0.08 0.01 2.69 2.69 0.20 0.07 0.01 0.06 0.12 0.32

I got: 0.43 0.12 0.05 0.01 2.71 2.71 0.14 0.05 0.01 0.04 0.09 0.39 2.28 0.77 0.13 0.02 2.69 2.69 0.23 0.06 0.01 0.05 0.19 0.82 1.30 0.45 0.71 0.58 0.08 2.70 2.69 0.32 0.07 0.01 0.06 0.18 0.53 0.41 0.12 0.22 0.66 0.47 2.71 2.69 0.29 0.06 0.01 0.04 0.11 0.24 0.15 0.11 0.18 0.15 0.58 2.69 2.69 0.24 0.07 0.01 0.06 0.14 0.10 0.07 0.16 0.15 0.07 0.06 0.58 2.69 0.17 0.06 0.01 0.05 0.13 0.04 0.04 0.14 0.25 0.11 0.07 0.21 0.11 0.25 0.11 0.02 0.09 0.24 0.05 0.05 0.26 0.01 0.01 0.01 0.01 0.05 0.06 0.01 0.04 0.05 0.06 0.05 0.05 0.01 0.09 0.10 0.15 0.22 0.10 0.04 2.74 0.01 0.03 0.06 0.13 0.07 0.07 0.18 0.06 0.10 0.08 0.08 0.01 2.68 2.68 1.95 0.19 0.06 0.04 0.19 0.14 0.05 0.07 0.07 0.07 0.01 2.69 2.70 0.17 0.15 0.05 0.03 0.16 0.10 0.04 0.06 0.05 0.05 0.01 2.71 2.71 0.13 2.01 0.04 0.03 0.11 0.29 0.26 0.19 0.20 0.10 0.02 2.69 2.69 0.29 0.09 0.01 0.56 0.18 0.47 0.61 0.38 0.24 0.09 0.03 2.69 2.69 0.24 0.06 0.01 0.05 0.16 2.39 1.05 0.30 0.16 0.07 0.02 2.71 2.70 0.18 0.06 0.01 0.05 0.37 0.43 0.11 0.08 0.10 0.04 2.68 2.69 0.19 0.07 0.01 0.06 0.12 0.32

I got: 0.53 0.15 0.08 0.04 2.69 2.69 0.17 0.06 0.01 0.05 0.10 0.46 2.48 0.76 0.11 0.06 2.70 2.70 0.22 0.06 0.01 0.05 0.19 0.81 1.28 0.53 0.59 0.55 0.12 2.70 2.69 0.31 0.07 0.01 0.06 0.19 0.53 0.41 0.06 0.11 0.66 0.50 2.71 2.69 0.29 0.05 0.01 0.04 0.11 0.24 0.15 0.02 0.05 0.15 0.58 2.69 2.70 0.24 0.07 0.01 0.06 0.14 0.10 0.07 0.16 0.14 0.08 0.06 0.58 2.69 0.18 0.06 0.01 0.05 0.13 0.04 0.04 0.15 0.23 0.12 0.07 0.22 0.11 0.25 0.11 0.01 0.09 0.24 0.05 0.05 0.26 0.01 0.01 0.01 0.01 0.07 0.06 0.05 0.06 0.05 0.07 0.04 0.06 0.01 0.07 0.14 0.15 0.22 0.10 0.04 2.73 0.01 0.03 0.06 0.14 0.07 0.07 0.07 0.16 0.09 0.08 0.08 0.01 2.68 2.68 1.94 0.19 0.06 0.04 0.20 0.05 0.13 0.08 0.07 0.06 0.01 2.69 2.70 0.17 0.15 0.05 0.03 0.16 0.04 0.09 0.06 0.05 0.05 0.01 2.72 2.71 0.13 2.00 0.04 0.03 0.12 0.16 0.39 0.19 0.20 0.10 0.01 2.68 2.70 0.29 0.09 0.01 0.56 0.18 0.39 0.69 0.38 0.24 0.09 0.02 2.73 2.70 0.24 0.06 0.01 0.05 0.16 2.36 1.11 0.30 0.16 0.07 0.01 2.74 2.69 0.18 0.06 0.01 0.05 0.37 0.52 0.11 0.08 0.08 0.01 2.68 2.72 0.19 0.07 0.01 0.06 0.12 0.32

I got: 0.35 0.11 0.06 0.01 2.71 2.72 0.14 0.05 0.01 0.04 0.09 0.39 2.28 0.77 0.13 0.03 2.69 2.71 0.22 0.06 0.01 0.05 0.18 0.79 1.25 0.43 0.69 0.58 0.08 2.69 2.69 0.31 0.07 0.01 0.06 0.19 0.54 0.41 0.12 0.20 0.68 0.48 2.70 2.71 0.29 0.05 0.01 0.04 0.11 0.24 0.15 0.11 0.15 0.17 0.59 2.70 2.70 0.24 0.07 0.01 0.06 0.14 0.10 0.07 0.16 0.13 0.10 0.06 0.58 2.69 0.17 0.06 0.01 0.05 0.13 0.04 0.04 0.14 0.20 0.16 0.07 0.21 0.06 0.25 0.11 0.02 0.09 0.24 0.06 0.05 0.26 0.01 0.01 0.01 0.01 0.06 0.08 0.01 0.05 0.06 0.07 0.01 0.06 0.01 0.08 0.12 0.15 0.22 0.08 0.06 2.74 0.01 0.03 0.07 0.13 0.07 0.07 0.14 0.11 0.10 0.08 0.11 0.04 2.68 2.68 1.94 0.19 0.06 0.04 0.20 0.11 0.09 0.07 0.07 0.09 0.04 2.69 2.69 0.17 0.15 0.05 0.03 0.16 0.08 0.07 0.06 0.05 0.06 0.03 2.71 2.71 0.13 2.00 0.04 0.03 0.12 0.23 0.31 0.19 0.20 0.11 0.06 2.67 2.69 0.29 0.09 0.01 0.56 0.18 0.44 0.64 0.38 0.24 0.08 0.05 2.69 2.69 0.24 0.06 0.01 0.05 0.16 2.38 1.07 0.30 0.16 0.08 0.04 2.69 2.70 0.18 0.06 0.01 0.05 0.37 0.46 0.11 0.08 0.10 0.04 2.68 2.69 0.19 0.07 0.01 0.06 0.12 0.32

I got: 0.35 0.11 0.07 0.03 2.69 2.72 0.14 0.05 0.01 0.04 0.09 0.38 2.25 0.75 0.11 0.06 2.70 2.70 0.22 0.06 0.01 0.05 0.18 0.80 1.28 0.44 0.71 0.55 0.12 2.68 2.69 0.31 0.07 0.01 0.06 0.19 0.54 0.41 0.12 0.22 0.66 0.50 2.71 2.71 0.29 0.05 0.01 0.04 0.11 0.24 0.14 0.11 0.18 0.15 0.57 2.69 2.70 0.24 0.07 0.01 0.06 0.14 0.10 0.07 0.16 0.14 0.08 0.06 0.57 2.69 0.17 0.06 0.01 0.05 0.13 0.04 0.04 0.14 0.24 0.11 0.07 0.21 0.11 0.25 0.11 0.02 0.09 0.25 0.05 0.05 0.26 0.01 0.05 0.01 0.01 0.04 0.05 0.01 0.06 0.05 0.04 0.06 0.06 0.01 0.09 0.11 0.15 0.22 0.10 0.04 2.74 0.01 0.03 0.06 0.13 0.07 0.07 0.18 0.07 0.09 0.08 0.08 0.01 2.67 2.68 1.94 0.19 0.06 0.04 0.20 0.14 0.05 0.07 0.07 0.07 0.01 2.69 2.69 0.17 0.15 0.05 0.03 0.16 0.11 0.04 0.06 0.05 0.05 0.01 2.72 2.71 0.13 2.00 0.04 0.03 0.12 0.29 0.26 0.19 0.19 0.10 0.01 2.67 2.69 0.29 0.09 0.01 0.56 0.18 0.47 0.61 0.38 0.24 0.09 0.02 2.69 2.70 0.23 0.06 0.01 0.05 0.16 2.39 1.04 0.30 0.16 0.07 0.01 2.69 2.69 0.18 0.06 0.01 0.05 0.37 0.42 0.11 0.07 0.09 0.02 2.69 2.68 0.19 0.07 0.01 0.06 0.12 0.31

I got: 0.41 0.12 0.06 0.01 2.71 2.71 0.14 0.05 0.01 0.04 0.09 0.38 2.25 0.75 0.12 0.04 2.70 2.76 0.22 0.06 0.01 0.05 0.19 0.80 1.27 0.44 0.70 0.57 0.09 2.68 2.73 0.31 0.07 0.01 0.06 0.19 0.54 0.41 0.12 0.22 0.67 0.48 2.71 2.72 0.29 0.05 0.01 0.05 0.11 0.24 0.14 0.12 0.18 0.15 0.55 2.69 2.69 0.24 0.07 0.01 0.06 0.14 0.10 0.07 0.17 0.14 0.08 0.06 0.55 2.69 0.17 0.06 0.01 0.05 0.13 0.04 0.04 0.15 0.24 0.12 0.07 0.21 0.08 0.25 0.11 0.01 0.10 0.24 0.06 0.05 0.27 0.01 0.01 0.01 0.01 0.07 0.04 0.01 0.05 0.06 0.07 0.03 0.06 0.01 0.09 0.10 0.15 0.22 0.08 0.06 2.73 0.01 0.03 0.06 0.14 0.07 0.08 0.18 0.07 0.09 0.08 0.11 0.04 2.68 2.68 1.95 0.19 0.06 0.05 0.20 0.14 0.06 0.08 0.07 0.09 0.04 2.70 2.69 0.17 0.16 0.06 0.04 0.16 0.10 0.06 0.06 0.05 0.07 0.03 2.71 2.71 0.13 2.00 0.04 0.03 0.13 0.29 0.27 0.19 0.19 0.11 0.06 2.67 2.69 0.29 0.10 0.01 0.55 0.19 0.47 0.62 0.39 0.24 0.08 0.05 2.69 2.69 0.24 0.07 0.01 0.05 0.17 2.38 1.05 0.30 0.15 0.08 0.04 2.71 2.69 0.18 0.06 0.01 0.05 0.37 0.43 0.11 0.07 0.10 0.04 2.69 2.69 0.20 0.07 0.01 0.06 0.12 0.31

