I got: 0.46 0.11 0.14 0.08 2.67 2.69 0.09 0.04 0.02 0.06 0.08 0.46 2.34 0.53 0.06 0.06 2.72 2.72 0.05 0.03 0.01 0.06 0.15 0.61 0.96 0.43 0.44 0.56 0.14 2.70 2.70 0.08 0.05 0.02 0.08 0.19 0.54 0.44 0.12 0.07 0.79 0.55 2.71 2.71 0.06 0.03 0.01 0.04 0.08 0.21 0.16 0.05 0.20 0.29 0.52 2.69 2.69 0.08 0.04 0.02 0.04 0.12 0.08 0.08 0.05 0.15 0.15 0.07 0.45 2.70 0.06 0.03 0.01 0.02 0.10 0.04 0.05 0.03 0.33 0.29 0.07 0.17 0.05 0.12 0.06 0.02 0.05 0.20 0.07 0.09 0.05 0.07 0.01 0.01 0.01 0.01 0.05 0.01 0.03 0.03 0.01 0.01 0.01 0.04 0.22 0.23 0.07 0.07 0.14 0.07 2.69 0.47 0.87 0.56 0.21 0.09 0.05 0.18 0.20 0.06 0.06 0.12 0.06 2.69 2.69 2.72 0.86 0.24 0.09 0.04 0.19 0.17 0.05 0.06 0.12 0.06 2.69 2.69 0.42 0.46 0.10 0.06 0.05 0.14 0.21 0.08 0.06 0.10 0.06 2.71 2.71 0.74 2.77 0.62 0.13 0.05 0.14 0.41 0.21 0.12 0.13 0.08 2.70 2.68 0.45 0.78 0.43 0.52 0.08 0.16 0.65 0.36 0.15 0.10 0.06 2.70 2.70 0.12 0.14 0.05 0.40 0.25 2.25 1.20 0.36 0.13 0.09 0.06 2.70 2.72 0.07 0.05 0.02 0.09 0.45 0.88 0.16 0.06 0.12 0.07 2.70 2.70 0.07 0.04 0.02 0.04 0.08 0.51

I got: 0.46 0.11 0.14 0.08 2.69 2.69 0.09 0.04 0.02 0.06 0.08 0.45 2.34 0.53 0.06 0.06 2.72 2.74 0.05 0.03 0.02 0.06 0.15 0.61 0.96 0.43 0.43 0.56 0.14 2.69 2.69 0.08 0.05 0.02 0.08 0.19 0.53 0.44 0.12 0.07 0.80 0.56 2.70 2.71 0.07 0.03 0.01 0.04 0.08 0.21 0.16 0.04 0.20 0.28 0.52 2.70 2.69 0.08 0.04 0.02 0.04 0.12 0.08 0.08 0.05 0.15 0.16 0.07 0.45 2.72 0.06 0.03 0.01 0.03 0.10 0.04 0.05 0.03 0.33 0.30 0.07 0.17 0.05 0.12 0.06 0.02 0.05 0.20 0.07 0.09 0.05 0.07 0.01 0.01 0.01 0.01 0.04 0.01 0.03 0.03 0.01 0.01 0.01 0.04 0.22 0.23 0.07 0.06 0.14 0.08 2.69 0.47 0.87 0.56 0.20 0.09 0.05 0.18 0.21 0.06 0.06 0.12 0.07 2.70 2.69 2.72 0.86 0.24 0.09 0.05 0.18 0.18 0.05 0.05 0.12 0.07 2.69 2.70 0.42 0.46 0.10 0.06 0.03 0.15 0.20 0.08 0.05 0.10 0.06 2.69 2.70 0.74 2.77 0.62 0.13 0.04 0.14 0.41 0.22 0.11 0.13 0.08 2.68 2.69 0.45 0.78 0.43 0.52 0.07 0.16 0.65 0.36 0.15 0.10 0.07 2.70 2.73 0.12 0.14 0.05 0.40 0.25 2.25 1.20 0.36 0.12 0.09 0.06 2.70 2.69 0.07 0.04 0.02 0.09 0.45 0.87 0.15 0.05 0.12 0.07 2.70 2.69 0.07 0.04 0.01 0.04 0.08 0.50

I got: 0.46 0.11 0.14 0.08 2.70 2.68 0.09 0.04 0.01 0.05 0.08 0.45 2.34 0.52 0.06 0.06 2.74 2.72 0.05 0.03 0.01 0.06 0.15 0.61 0.96 0.44 0.43 0.56 0.14 2.70 2.69 0.08 0.05 0.02 0.07 0.19 0.54 0.44 0.11 0.07 0.81 0.56 2.70 2.71 0.06 0.03 0.01 0.04 0.08 0.21 0.16 0.05 0.20 0.28 0.52 2.70 2.69 0.08 0.04 0.02 0.04 0.13 0.08 0.08 0.04 0.15 0.15 0.08 0.45 2.71 0.06 0.03 0.01 0.03 0.10 0.04 0.05 0.03 0.33 0.29 0.06 0.17 0.05 0.12 0.06 0.02 0.05 0.20 0.07 0.09 0.05 0.04 0.01 0.01 0.01 0.01 0.03 0.01 0.03 0.02 0.01 0.01 0.01 0.05 0.21 0.22 0.07 0.06 0.14 0.08 2.69 0.47 0.86 0.56 0.21 0.09 0.04 0.18 0.20 0.06 0.05 0.12 0.07 2.69 2.69 2.72 0.86 0.24 0.09 0.05 0.18 0.17 0.05 0.05 0.12 0.07 2.70 2.70 0.42 0.46 0.10 0.07 0.04 0.14 0.20 0.08 0.05 0.10 0.06 2.70 2.69 0.74 2.77 0.62 0.13 0.05 0.14 0.41 0.22 0.11 0.13 0.08 2.68 2.69 0.45 0.78 0.43 0.52 0.08 0.16 0.65 0.37 0.14 0.10 0.06 2.69 2.69 0.12 0.14 0.05 0.40 0.25 2.25 1.20 0.37 0.13 0.09 0.06 2.69 2.71 0.07 0.04 0.02 0.10 0.45 0.86 0.15 0.05 0.12 0.07 2.69 2.69 0.07 0.04 0.01 0.04 0.08 0.50

I got: 0.47 0.10 0.14 0.08 2.68 2.69 0.09 0.04 0.02 0.06 0.08 0.45 2.33 0.52 0.06 0.06 2.73 2.71 0.05 0.03 0.01 0.06 0.15 0.61 0.96 0.43 0.43 0.56 0.14 2.70 2.70 0.08 0.05 0.02 0.08 0.19 0.54 0.44 0.11 0.07 0.80 0.56 2.70 2.70 0.07 0.03 0.01 0.04 0.07 0.21 0.16 0.05 0.20 0.27 0.52 2.69 2.69 0.08 0.04 0.01 0.04 0.12 0.08 0.08 0.05 0.15 0.15 0.08 0.46 2.70 0.06 0.03 0.01 0.03 0.09 0.04 0.05 0.03 0.33 0.29 0.06 0.16 0.05 0.12 0.06 0.02 0.05 0.20 0.07 0.09 0.06 0.07 0.02 0.01 0.01 0.01 0.05 0.01 0.03 0.03 0.01 0.01 0.01 0.04 0.21 0.23 0.07 0.06 0.14 0.08 2.69 0.47 0.86 0.56 0.20 0.09 0.05 0.18 0.20 0.06 0.06 0.12 0.07 2.69 2.70 2.72 0.86 0.24 0.09 0.04 0.18 0.17 0.05 0.05 0.12 0.07 2.70 2.69 0.42 0.46 0.11 0.06 0.03 0.15 0.20 0.08 0.05 0.10 0.06 2.71 2.70 0.74 2.77 0.62 0.12 0.04 0.14 0.41 0.22 0.11 0.13 0.09 2.69 2.68 0.45 0.78 0.43 0.52 0.07 0.16 0.65 0.37 0.15 0.10 0.07 2.70 2.69 0.12 0.14 0.05 0.40 0.25 2.25 1.19 0.36 0.12 0.09 0.06 2.72 2.69 0.07 0.04 0.02 0.09 0.45 0.85 0.15 0.05 0.12 0.07 2.69 2.71 0.07 0.04 0.02 0.04 0.08 0.50

I got: 0.46 0.10 0.14 0.08 2.71 2.69 0.09 0.04 0.01 0.05 0.08 0.45 2.33 0.52 0.06 0.06 2.72 2.73 0.05 0.03 0.01 0.06 0.15 0.61 0.96 0.43 0.44 0.56 0.14 2.75 2.70 0.08 0.05 0.02 0.08 0.19 0.54 0.43 0.11 0.07 0.80 0.56 2.70 2.74 0.06 0.03 0.01 0.05 0.07 0.21 0.16 0.05 0.20 0.27 0.52 2.70 2.72 51.53 0.04 0.02 0.04 0.13 0.08 0.08 0.05 0.14 0.15 0.07 0.45 2.73 0.07 0.03 0.01 0.02 0.09 0.04 0.05 0.04 0.32 0.29 0.07 0.17 0.04 0.12 0.06 0.02 0.05 0.20 0.07 0.08 0.05 0.05 0.01 0.01 0.01 0.01 0.03 0.01 0.02 0.06 0.01 0.01 0.01 0.03 0.21 0.22 0.07 0.06 0.14 0.08 2.69 0.46 0.86 0.55 0.21 0.09 0.05 0.18 0.20 0.06 0.06 0.12 0.07 2.69 2.69 2.71 0.86 0.24 0.10 0.05 0.18 0.17 0.05 0.05 0.12 0.07 2.70 2.70 0.42 0.46 0.11 0.06 0.04 0.14 0.20 0.08 0.06 0.10 0.06 2.69 2.70 0.74 2.77 0.63 0.13 0.04 0.14 0.41 0.22 0.11 0.13 0.09 2.68 2.69 0.45 0.78 0.43 0.52 0.07 0.16 0.65 0.36 0.15 0.10 0.07 2.70 2.70 0.12 0.14 0.05 0.40 0.25 2.24 1.19 0.36 0.13 0.09 0.06 2.71 2.72 0.07 0.05 0.02 0.09 0.44 0.85 0.15 0.05 0.12 0.07 2.70 2.69 0.07 0.04 0.01 0.04 0.08 0.50

I got: 0.46 0.11 0.14 0.08 2.69 2.69 0.08 0.04 0.02 0.05 0.08 0.45 2.32 0.53 0.06 0.06 2.72 2.71 0.05 0.03 0.01 0.06 0.15 0.61 0.96 0.43 0.43 0.55 0.15 2.69 2.70 0.08 0.05 0.02 0.08 0.19 0.54 0.44 0.11 0.06 0.79 0.55 2.70 2.69 0.06 0.03 0.01 0.04 0.07 0.21 0.16 0.05 0.20 0.28 0.51 2.69 2.69 0.08 0.04 0.02 0.04 0.12 0.08 0.08 0.04 0.15 0.15 0.07 0.45 2.70 0.06 0.03 0.01 0.02 0.10 0.04 0.05 0.04 0.32 0.29 0.07 0.18 0.05 0.12 0.06 0.02 0.05 0.20 0.07 0.09 0.06 0.08 0.01 0.01 0.02 0.01 0.05 0.01 0.03 0.02 0.01 0.01 0.01 0.04 0.21 0.22 0.07 0.07 0.14 0.08 2.68 0.46 0.86 0.55 0.20 0.09 0.04 0.18 0.20 0.06 0.06 0.12 0.07 2.69 2.70 2.71 0.86 0.24 0.09 0.05 0.18 0.17 0.05 0.05 0.12 0.07 2.70 2.69 0.42 0.46 0.10 0.06 0.05 0.14 0.20 0.08 0.06 0.11 0.06 2.70 2.70 0.74 2.77 0.62 0.13 0.04 0.14 0.42 0.22 0.11 0.14 0.08 2.69 2.68 0.45 0.78 0.43 0.51 0.08 0.16 0.66 0.36 0.15 0.10 0.07 2.70 2.69 0.12 0.14 0.05 0.40 0.26 2.24 1.19 0.36 0.13 0.09 0.06 2.71 2.70 0.07 0.05 0.02 0.09 0.44 0.85 0.15 0.05 0.12 0.07 2.70 2.69 0.07 0.04 0.01 0.04 0.08 0.50

I got: 0.46 0.11 0.14 0.08 2.68 2.69 0.08 0.04 0.02 0.05 0.08 0.45 2.32 0.53 0.06 0.06 2.72 2.73 0.05 0.04 0.01 0.06 0.15 0.61 0.96 0.43 0.43 0.55 0.15 2.70 2.70 0.08 0.05 0.02 0.08 0.18 0.53 0.44 0.11 0.06 0.78 0.56 2.71 2.70 0.06 0.03 0.01 0.04 0.07 0.21 0.16 0.05 0.20 0.28 0.51 2.69 2.68 0.08 0.04 0.01 0.04 0.13 0.08 0.08 0.05 0.15 0.15 0.07 0.45 2.69 0.06 0.03 0.01 0.02 0.10 0.04 0.04 0.03 0.32 0.29 0.07 0.17 0.05 0.12 0.06 0.02 0.05 0.20 0.07 0.08 0.06 0.07 0.01 0.01 0.02 0.01 0.05 0.01 0.03 0.03 0.00 0.01 0.01 0.04 0.21 0.23 0.07 0.07 0.14 0.08 2.69 0.46 0.86 0.55 0.20 0.09 0.05 0.18 0.20 0.06 0.06 0.12 0.07 2.72 2.70 2.72 0.86 0.24 0.09 0.04 0.18 0.17 0.05 0.06 0.12 0.06 2.72 2.69 0.42 0.46 0.10 0.06 0.04 0.14 0.20 0.08 0.06 0.10 0.06 2.74 2.70 0.74 2.77 0.62 0.12 0.05 0.14 0.41 0.21 0.11 0.14 0.08 2.69 2.68 0.45 0.78 0.43 0.51 0.08 0.16 0.65 0.36 0.15 0.10 0.07 2.70 2.69 0.12 0.14 0.05 0.40 0.26 2.24 1.18 0.36 0.12 0.09 0.06 2.71 2.69 0.07 0.04 0.02 0.10 0.44 0.84 0.15 0.05 0.12 0.06 2.69 2.69 0.07 0.04 0.01 0.04 0.08 0.50

I got: 0.46 0.11 0.14 0.08 2.69 2.69 0.08 0.04 0.02 0.05 0.08 0.45 2.32 0.53 0.06 0.06 2.72 2.72 0.05 0.03 0.01 0.06 0.15 0.61 0.96 0.43 0.43 0.55 0.14 2.70 2.70 0.08 0.05 0.02 0.08 0.18 0.54 0.43 0.11 0.06 0.78 0.55 2.71 2.70 0.07 0.04 0.01 0.04 0.07 0.21 0.16 0.05 0.19 0.27 0.51 2.70 2.69 0.09 0.04 0.01 0.04 0.13 0.08 0.08 0.04 0.14 0.15 0.08 0.44 2.70 0.06 0.03 0.01 0.02 0.10 0.04 0.04 0.03 0.32 0.29 0.07 0.17 0.05 0.12 0.06 0.02 0.05 0.20 0.07 0.09 0.05 0.04 0.01 0.02 0.02 0.01 0.03 0.01 0.06 0.03 0.01 0.01 0.01 0.06 0.21 0.22 0.07 0.07 0.14 0.08 2.69 0.46 0.86 0.55 0.21 0.09 0.05 0.17 0.20 0.07 0.06 0.12 0.07 2.70 2.69 2.72 0.86 0.25 0.09 0.04 0.18 0.18 0.06 0.05 0.12 0.06 2.69 2.70 0.42 0.46 0.10 0.06 0.04 0.14 0.21 0.08 0.06 0.10 0.06 2.71 2.72 0.75 2.77 0.62 0.12 0.05 0.13 0.41 0.21 0.11 0.14 0.08 2.68 2.69 0.45 0.78 0.43 0.51 0.08 0.16 0.65 0.36 0.15 0.10 0.07 2.71 2.71 0.12 0.14 0.05 0.40 0.26 2.23 1.19 0.35 0.12 0.09 0.06 2.69 2.72 0.07 0.05 0.02 0.09 0.44 0.83 0.15 0.05 0.12 0.06 2.70 2.70 0.07 0.04 0.01 0.04 0.07 0.49

I got: 0.46 0.11 0.14 0.08 2.70 2.67 0.09 0.04 0.01 0.05 0.08 0.45 2.32 0.53 0.06 0.06 2.69 2.71 0.05 0.03 0.01 0.06 0.15 0.61 0.96 0.43 0.44 0.55 0.14 2.69 2.69 0.08 0.05 0.02 0.07 0.19 0.54 0.43 0.11 0.06 0.78 0.56 2.69 2.71 0.06 0.03 0.01 0.04 0.07 0.21 0.16 0.05 0.19 0.27 0.51 2.70 2.69 0.08 0.04 0.01 0.04 0.12 0.08 0.08 0.04 0.14 0.15 0.07 0.44 2.71 0.07 0.03 0.01 0.02 0.10 0.04 0.05 0.04 0.31 0.29 0.07 0.18 0.05 0.12 0.06 0.02 0.05 0.20 0.07 0.08 0.05 0.03 0.01 0.01 0.04 0.01 0.03 0.01 0.03 0.05 0.00 0.01 0.01 0.04 0.20 0.22 0.07 0.07 0.14 0.08 2.69 0.46 0.86 0.55 0.21 0.09 0.04 0.17 0.20 0.06 0.06 0.12 0.07 2.70 2.69 2.72 0.86 0.24 0.09 0.05 0.17 0.17 0.05 0.05 0.12 0.07 2.70 2.70 0.42 0.45 0.10 0.06 0.04 0.14 0.20 0.08 0.06 0.11 0.06 2.69 2.70 0.74 2.77 0.62 0.12 0.05 0.13 0.40 0.21 0.12 0.14 0.08 2.73 2.70 0.44 0.78 0.43 0.52 0.08 0.16 0.65 0.36 0.15 0.10 0.07 2.70 2.69 51.53 0.14 0.05 0.40 0.25 2.23 1.18 0.35 0.13 0.09 0.06 2.71 2.74 0.07 0.05 0.02 0.09 0.44 0.83 0.15 0.06 0.12 0.07 2.70 2.72 0.08 0.04 0.01 0.04 0.08 0.49

I got: 0.45 0.11 0.14 0.08 2.69 2.69 0.08 0.04 0.01 0.05 0.08 0.45 2.32 0.53 0.06 0.06 2.73 2.71 0.05 0.03 0.01 0.06 0.15 0.61 0.96 0.43 0.44 0.55 0.14 2.69 2.69 0.08 0.05 0.02 0.08 0.18 0.54 0.43 0.11 0.06 0.78 0.55 2.70 2.70 0.06 0.03 0.01 0.04 0.07 0.21 0.16 0.05 0.19 0.28 0.51 2.69 2.69 0.08 0.04 0.02 0.04 0.12 0.08 0.08 0.05 0.14 0.15 0.07 0.44 2.70 0.06 0.03 0.01 0.02 0.10 0.04 0.04 0.03 0.31 0.29 0.07 0.18 0.05 0.12 0.06 0.02 0.05 0.20 0.07 0.08 0.05 0.05 0.01 0.01 0.03 0.01 0.04 0.01 0.03 0.02 0.01 0.01 0.00 0.04 0.20 0.21 0.07 0.07 0.14 0.08 2.69 0.46 0.86 0.55 0.21 0.09 0.04 0.17 0.20 0.06 0.06 0.12 0.07 2.70 2.70 2.71 0.85 0.24 0.09 0.05 0.18 0.17 0.05 0.05 0.12 0.07 2.69 2.69 0.42 0.45 0.10 0.06 0.05 0.14 0.20 0.08 0.06 0.11 0.06 2.72 2.70 0.74 2.77 0.62 0.12 0.04 0.13 0.40 0.21 0.12 0.14 0.08 2.70 2.68 0.44 0.78 0.43 0.52 0.08 0.16 0.64 0.36 0.15 0.10 0.07 2.70 2.70 0.12 0.14 0.05 0.40 0.25 2.23 1.17 0.35 0.13 0.09 0.06 2.69 2.69 0.06 0.05 0.02 0.09 0.43 0.82 0.15 0.06 0.12 0.07 2.69 2.69 0.07 0.04 0.01 0.04 0.07 0.49

I got: 0.45 0.11 0.14 0.08 2.68 2.69 0.08 0.04 0.01 0.06 0.08 0.45 2.32 0.53 0.06 0.06 2.72 2.73 0.05 0.03 0.02 0.06 0.15 0.61 0.97 0.43 0.43 0.55 0.15 2.70 2.70 0.08 0.05 0.02 0.07 0.18 0.53 0.43 0.12 0.06 0.78 0.56 2.73 2.70 0.06 0.03 0.01 0.04 0.07 0.21 0.16 0.05 0.19 0.28 0.52 2.70 2.69 0.08 0.04 0.01 0.04 0.13 0.08 0.08 0.05 0.14 0.15 0.07 0.45 2.69 0.06 0.03 0.01 0.02 0.10 0.04 0.05 0.03 0.31 0.28 0.07 0.17 0.05 0.12 0.06 0.02 0.05 0.20 0.07 0.08 0.05 0.05 0.01 0.01 0.02 0.01 0.04 0.01 0.03 0.02 0.01 0.01 0.01 0.04 0.20 0.22 0.07 0.07 0.14 0.08 2.69 0.46 0.86 0.55 0.21 0.09 0.05 0.17 0.20 0.06 0.06 0.12 0.07 2.70 2.70 2.71 0.85 0.24 0.09 0.05 0.17 0.17 0.05 0.06 0.12 0.07 2.69 2.70 0.42 0.45 0.10 0.06 0.04 0.14 0.20 0.08 0.06 0.10 0.06 2.71 2.71 0.74 2.77 0.63 0.13 0.04 0.13 0.40 0.21 0.12 0.13 0.08 2.69 2.69 0.44 0.78 0.43 0.52 0.08 0.16 0.64 0.36 0.15 0.10 0.07 2.70 2.71 0.12 0.14 0.05 0.40 0.25 2.23 1.17 0.35 0.13 0.09 0.06 2.70 2.72 0.07 0.05 0.02 0.09 0.43 0.81 0.15 0.05 0.12 0.07 2.69 2.71 0.07 0.04 0.01 0.04 0.08 0.49

I got: 0.47 0.11 0.14 0.08 2.69 2.73 0.08 0.04 0.02 0.06 0.08 0.45 2.33 0.55 0.06 0.06 2.73 2.77 0.05 0.03 0.01 0.06 0.15 0.61 0.96 0.42 0.43 0.55 0.15 2.71 2.73 0.08 0.05 0.02 0.07 0.18 0.53 0.43 0.11 0.06 0.78 0.55 2.73 2.71 0.07 0.03 0.01 0.04 0.07 0.21 0.16 0.05 0.19 0.27 0.51 2.72 2.69 0.08 0.04 0.01 0.04 0.13 0.08 0.08 0.05 0.14 0.16 0.07 0.44 2.70 0.06 0.03 0.01 0.03 0.10 0.04 0.05 0.04 0.31 0.29 0.07 0.18 0.05 0.12 0.06 0.02 0.05 0.21 0.07 0.08 0.05 0.05 0.02 0.01 0.03 0.01 0.04 0.01 0.03 0.03 0.01 0.01 0.01 0.04 0.20 0.22 0.07 0.07 0.14 0.08 2.69 0.46 0.86 0.55 0.21 0.08 0.05 0.17 0.21 0.06 0.06 0.12 0.07 2.70 2.70 2.71 0.85 0.24 0.09 0.04 0.17 0.16 0.06 0.06 0.12 0.07 2.69 2.70 0.42 0.45 0.11 0.05 0.04 0.13 0.20 0.08 0.06 0.11 0.06 2.71 2.71 0.74 2.77 0.62 0.12 0.05 0.13 0.40 0.21 0.12 0.14 0.08 2.69 2.69 0.45 0.78 0.43 0.51 0.08 0.16 0.64 0.36 0.15 0.10 0.07 2.71 2.72 0.12 0.14 0.05 0.40 0.26 2.23 1.17 0.35 0.13 0.09 0.06 2.71 2.71 0.07 0.04 0.02 0.10 0.43 0.81 0.14 0.06 0.12 0.07 2.69 2.70 0.07 0.04 0.01 0.04 0.08 0.49

I got: 0.64 0.12 0.13 0.07 2.70 2.69 0.08 0.04 0.02 0.05 0.09 0.51 2.54 0.66 0.08 0.07 2.70 2.71 0.06 0.04 0.02 0.07 0.18 0.73 1.16 0.52 0.52 0.55 0.14 2.70 2.70 0.08 0.05 0.02 0.07 0.18 0.53 0.43 0.11 0.04 0.71 0.55 2.69 2.69 0.07 0.04 0.01 0.04 0.07 0.21 0.16 0.05 0.19 0.27 0.51 2.70 2.69 0.08 0.04 0.01 0.03 0.12 0.08 0.08 0.04 0.14 0.15 0.07 0.44 2.71 0.06 0.03 0.01 0.03 0.10 0.04 0.04 0.04 0.31 0.29 0.07 0.18 0.05 0.12 0.06 0.02 0.05 0.20 0.07 0.08 0.05 0.04 0.02 0.01 0.03 0.01 0.03 0.01 0.04 0.03 0.01 0.01 0.01 0.05 0.20 0.21 0.07 0.07 0.14 0.08 2.69 0.46 0.85 0.54 0.21 0.09 0.05 0.17 0.20 0.07 0.06 0.12 0.07 2.70 2.69 2.71 0.85 0.25 0.09 0.05 0.17 0.18 0.05 0.06 0.12 0.07 2.70 2.70 0.42 0.45 0.10 0.06 0.05 0.14 0.20 0.08 0.06 0.11 0.06 2.70 2.70 0.74 2.77 0.62 0.12 0.04 0.13 0.40 0.21 0.12 0.14 0.09 2.69 2.69 0.44 0.78 0.43 0.51 0.08 0.16 0.64 0.36 0.15 0.10 0.07 2.70 2.69 0.12 0.14 0.05 0.40 0.25 2.23 1.17 0.35 0.13 0.09 0.07 2.72 2.69 0.07 0.04 0.02 0.09 0.43 0.82 0.14 0.05 0.12 0.07 2.70 2.70 0.08 0.04 0.01 0.04 0.07 0.49

I got: 0.46 0.11 0.14 0.09 2.69 2.69 0.08 0.04 0.01 0.05 0.08 0.44 2.32 0.53 0.06 0.06 2.70 2.71 0.05 0.03 0.02 0.06 0.15 0.61 0.96 0.43 0.43 0.55 0.14 2.69 2.69 0.08 0.05 0.02 0.07 0.18 0.53 0.43 0.11 0.05 0.79 0.56 2.74 2.70 0.06 0.03 0.01 0.05 0.07 0.21 0.15 0.05 0.19 0.27 0.51 2.69 2.68 0.08 0.04 0.01 0.04 0.13 0.08 0.08 0.04 0.14 0.14 0.07 0.44 2.71 0.06 0.03 0.01 0.02 0.10 0.04 0.05 0.04 0.31 0.29 0.07 0.18 0.05 0.12 0.06 0.02 0.05 0.20 0.07 0.08 0.05 0.04 0.01 0.01 0.02 0.01 0.03 0.01 0.04 0.03 0.01 0.01 0.01 0.04 0.20 0.21 0.07 0.07 0.14 0.08 2.69 0.46 0.85 0.54 0.21 0.08 0.04 0.17 0.20 0.06 0.06 0.12 0.07 2.69 2.70 2.70 0.85 0.24 0.09 0.05 0.17 0.17 0.05 0.06 0.12 0.07 2.69 2.69 0.42 0.45 0.11 0.06 0.05 0.14 0.20 0.08 0.06 0.11 0.06 2.71 2.70 0.74 2.77 0.62 0.12 0.04 0.13 0.41 0.21 0.11 0.14 0.09 2.70 2.69 0.45 0.78 0.43 0.51 0.08 0.16 0.65 0.36 0.15 0.10 0.07 2.70 2.70 0.12 0.14 0.05 0.40 0.26 2.22 1.17 0.35 0.13 0.09 0.06 2.71 2.72 0.07 0.05 0.02 0.09 0.43 0.81 0.15 0.05 0.12 0.07 2.69 2.69 0.07 0.04 0.01 0.04 0.07 0.49

I got: 0.45 0.11 0.14 0.09 2.69 2.69 0.08 0.04 0.01 0.05 0.08 0.44 2.32 0.53 0.06 0.06 2.70 2.73 0.05 0.03 0.02 0.06 0.15 0.61 0.96 0.43 0.44 0.55 0.15 2.70 2.70 0.08 0.05 0.02 0.07 0.18 0.54 0.43 0.11 0.06 0.78 0.55 2.70 2.71 0.06 0.03 0.01 0.04 0.07 0.21 0.15 0.05 0.19 0.27 0.51 2.70 2.70 0.08 0.04 0.01 0.04 0.12 0.08 0.08 0.05 0.14 0.14 0.07 0.44 2.70 0.06 0.03 0.01 0.03 0.10 0.05 0.04 0.04 0.31 0.28 0.07 0.18 0.05 0.12 0.06 0.02 0.05 0.20 0.07 0.08 0.06 0.08 0.01 0.01 0.03 0.01 0.05 0.01 0.03 0.03 0.01 0.01 0.01 0.03 0.20 0.22 0.07 0.07 0.14 0.08 2.69 0.46 0.85 0.54 0.21 0.08 0.05 0.17 0.19 0.06 0.06 0.12 0.07 2.70 2.69 2.70 0.85 0.24 0.08 0.05 0.17 0.17 0.06 0.06 0.12 0.07 2.70 2.71 0.42 0.45 0.10 0.06 0.05 0.14 0.20 0.08 0.06 0.11 0.06 2.71 2.71 0.74 2.77 0.62 0.13 0.04 0.13 0.41 0.21 0.12 0.14 0.09 2.68 2.70 0.45 0.78 0.43 0.51 0.08 0.16 0.64 0.36 0.15 0.10 0.07 2.71 2.71 0.12 0.14 0.05 0.39 0.26 2.22 1.16 0.35 0.13 0.09 0.06 2.71 2.70 0.07 0.04 0.02 0.09 0.43 0.81 0.14 0.06 0.12 0.07 2.69 2.70 0.07 0.04 0.01 0.04 0.08 0.49

