I got: 1.84 0.92 0.45 0.63 1.12 2.68 1.94 0.92 0.44 0.54 1.23 1.68 1.04 0.39 0.47 0.66 2.70 2.70 1.08 0.39 0.39 0.75 0.62 0.76 1.35 0.97 0.81 0.93 2.68 2.67 1.39 0.98 0.71 0.93 0.59 0.49 0.93 2.15 1.82 1.32 2.67 2.68 0.98 2.05 1.71 1.29 0.66 0.47 0.90 1.65 2.29 2.00 2.69 2.67 0.94 1.53 2.27 1.92 0.78 0.49 0.66 1.10 1.02 0.96 2.67 2.66 0.75 0.97 1.02 0.96 0.96 0.46 0.99 1.11 0.80 0.49 1.04 2.67 1.08 1.06 0.81 0.50 1.13 1.04 0.01 0.04 0.06 0.01 0.01 0.05 0.08 0.01 0.01 0.06 0.01 0.01 2.03 0.94 0.43 0.64 1.05 2.67 1.93 0.94 0.44 0.73 1.04 1.71 1.04 0.37 0.46 0.59 2.67 2.66 1.07 0.38 0.57 0.57 0.64 0.76 1.36 0.95 0.80 0.78 2.67 2.68 1.40 0.99 0.91 0.76 0.64 0.52 1.00 1.98 1.79 1.13 2.68 2.67 0.97 2.08 1.91 1.11 0.70 0.49 0.99 1.48 2.25 1.79 2.67 2.68 0.93 1.57 2.28 1.74 0.83 0.52 0.80 0.99 1.06 1.04 2.71 2.70 0.79 1.09 1.10 1.05 1.10 0.53 1.07 0.92 0.73 0.47 0.96 2.67 1.00 1.03 0.76 0.48 0.93 1.02 0.37 0.16 0.05 0.03 0.02 0.25 0.02 0.04 0.01 0.02 0.20 0.35

I got: 1.84 0.92 0.45 0.63 1.18 2.67 1.94 0.91 0.44 0.54 1.23 1.68 1.04 0.39 0.47 0.73 2.70 2.70 1.08 0.39 0.39 0.75 0.61 0.76 1.35 0.97 0.81 0.93 2.67 2.68 1.39 0.98 0.71 0.94 0.59 0.50 0.94 2.15 1.82 1.31 2.67 2.68 0.98 2.04 1.71 1.29 0.66 0.47 0.90 1.66 2.29 1.99 2.68 2.67 0.94 1.53 2.27 1.92 0.78 0.49 0.65 1.10 1.02 0.96 2.67 2.66 0.74 0.97 1.02 0.96 0.96 0.46 1.00 1.12 0.80 0.49 1.05 2.70 1.08 1.06 0.82 0.50 1.13 1.04 0.01 0.01 0.06 0.01 0.01 0.06 0.06 0.01 0.01 0.06 0.01 0.01 2.02 0.94 0.44 0.64 1.05 2.70 1.93 0.94 0.44 0.73 1.04 1.71 1.03 0.37 0.46 0.59 2.71 2.67 1.07 0.38 0.57 0.56 0.64 0.75 1.36 0.95 0.80 0.78 2.67 2.69 1.40 0.99 0.91 0.76 0.63 0.52 1.00 1.97 1.79 1.13 2.69 2.70 0.97 2.08 1.91 1.11 0.70 0.49 0.99 1.48 2.26 1.79 2.69 2.67 0.93 1.57 2.28 1.74 0.83 0.52 0.79 0.98 1.06 1.04 2.70 2.71 0.79 1.09 1.10 1.05 1.10 0.53 1.07 0.93 0.74 0.48 0.97 2.68 1.00 1.03 0.76 0.48 0.93 1.03 0.37 0.16 0.05 0.03 0.02 0.25 0.03 0.04 0.01 0.02 0.20 0.35

I got: 1.84 0.92 0.45 0.63 1.18 2.69 1.93 0.91 0.44 0.54 1.23 1.67 1.04 0.39 0.47 0.73 2.67 2.69 1.07 0.39 0.39 0.75 0.61 0.76 1.35 0.97 0.81 0.93 2.68 2.68 1.39 0.98 0.71 0.94 0.59 0.49 0.93 2.15 1.82 1.31 2.68 2.68 0.98 2.04 1.71 1.29 0.66 0.47 0.90 1.66 2.30 1.99 2.67 2.68 0.94 1.53 2.27 1.93 0.78 0.49 0.65 1.10 1.02 0.96 2.67 2.67 0.74 0.97 1.01 0.95 0.96 0.46 0.99 1.12 0.80 0.49 1.04 2.69 1.08 1.06 0.82 0.50 1.13 1.04 0.01 0.01 0.06 0.01 0.01 0.06 0.06 0.01 0.01 0.06 0.01 0.01 2.03 0.94 0.44 0.63 1.05 2.67 1.93 0.94 0.44 0.73 1.03 1.71 1.03 0.37 0.46 0.59 2.67 2.67 1.06 0.38 0.57 0.56 0.64 0.75 1.37 0.95 0.80 0.78 2.67 2.67 1.40 0.99 0.91 0.76 0.64 0.52 1.00 1.98 1.79 1.13 2.69 2.68 0.96 2.07 1.91 1.10 0.70 0.49 0.99 1.48 2.26 1.79 2.69 2.67 0.93 1.57 2.28 1.74 0.82 0.52 0.79 0.98 1.06 1.03 2.70 2.70 0.79 1.09 1.10 1.04 1.09 0.53 1.07 0.92 0.73 0.47 0.96 2.68 1.00 1.03 0.76 0.48 0.93 1.02 0.38 0.16 0.05 0.03 0.02 0.25 0.03 0.04 0.01 0.02 0.20 0.35

I got: 1.84 0.92 0.45 0.63 1.18 2.69 1.94 0.91 0.44 0.54 1.23 1.67 1.04 0.39 0.47 0.73 2.69 2.69 1.08 0.39 0.39 0.75 0.62 0.76 1.35 0.97 0.81 0.93 2.67 2.69 1.39 0.98 0.70 0.94 0.59 0.49 0.93 2.16 1.82 1.31 2.67 2.68 0.98 2.04 1.70 1.29 0.66 0.47 0.89 1.66 2.30 2.00 2.67 2.68 0.94 1.53 2.28 1.93 0.78 0.49 0.64 1.10 1.01 0.96 2.67 2.71 0.74 0.97 1.01 0.95 0.95 0.46 0.99 1.12 0.80 0.49 1.05 2.69 1.08 1.06 0.82 0.50 1.13 1.04 0.01 0.01 0.06 0.01 0.01 0.05 0.06 0.01 0.01 0.06 0.01 0.01 2.03 0.94 0.44 0.64 1.05 2.69 1.93 0.94 0.44 0.74 1.03 1.71 1.03 0.37 0.46 0.59 2.67 2.67 1.06 0.38 0.57 0.56 0.64 0.75 1.36 0.95 0.80 0.78 2.67 2.68 1.40 0.99 0.92 0.75 0.63 0.52 1.00 1.97 1.79 1.13 2.69 2.67 0.96 2.07 1.91 1.10 0.70 0.49 0.99 1.48 2.26 1.79 2.67 2.69 0.92 1.57 2.28 1.74 0.83 0.52 0.79 0.97 1.05 1.03 2.71 2.69 0.79 1.09 1.09 1.04 1.09 0.53 1.07 0.92 0.73 0.47 0.97 2.67 1.00 1.03 0.76 0.48 0.93 1.03 0.38 0.16 0.05 0.03 0.02 0.25 0.03 0.04 0.01 0.02 0.20 0.35

I got: 1.84 0.92 0.45 0.63 1.18 2.67 1.94 0.91 0.44 0.54 1.23 1.68 1.03 0.39 0.47 0.72 2.70 2.69 1.07 0.39 0.39 0.75 0.61 0.75 1.35 0.97 0.80 0.93 2.67 2.67 1.39 0.98 0.71 0.94 0.59 0.49 0.93 2.15 1.82 1.31 2.67 2.68 0.98 2.04 1.70 1.29 0.66 0.46 0.90 1.66 2.29 1.99 2.68 2.68 0.94 1.53 2.27 1.93 0.78 0.50 0.64 1.09 1.01 0.95 2.67 2.65 0.74 0.96 1.01 0.95 0.95 0.45 0.99 1.12 0.80 0.49 1.05 2.69 1.08 1.06 0.82 0.50 1.14 1.04 0.01 0.01 0.07 0.01 0.01 0.05 0.06 0.01 0.01 0.05 0.01 0.01 2.03 0.94 0.44 0.64 1.05 2.68 1.93 0.94 0.44 0.74 1.03 1.71 1.03 0.37 0.46 0.59 2.67 2.67 1.06 0.38 0.57 0.55 0.63 0.75 1.37 0.95 0.80 0.78 2.68 2.68 1.40 0.99 0.92 0.75 0.63 0.52 1.00 1.97 1.78 1.13 2.68 2.67 0.96 2.07 1.91 1.10 0.70 0.49 1.00 1.48 2.26 1.79 2.67 2.69 0.92 1.57 2.28 1.73 0.82 0.52 0.78 0.96 1.05 1.03 2.70 2.69 0.79 1.08 1.09 1.04 1.09 0.52 1.07 0.92 0.73 0.47 0.96 2.67 1.00 1.03 0.76 0.48 0.93 1.02 0.38 0.16 0.05 0.03 0.02 0.25 0.03 0.04 0.01 0.02 0.20 0.35

I got: 1.84 0.92 0.45 0.63 1.18 2.67 1.93 0.92 0.44 0.53 1.24 1.68 1.03 0.39 0.47 0.72 2.71 2.68 1.07 0.39 0.38 0.75 0.61 0.76 1.35 0.97 0.80 0.92 2.71 2.68 1.38 0.98 0.71 0.94 0.59 0.49 0.93 2.15 1.82 1.31 2.68 2.72 0.98 2.04 1.70 1.29 0.66 0.46 0.89 1.66 2.29 1.99 2.67 2.71 0.94 1.53 2.28 1.93 0.78 0.49 0.64 1.09 1.01 0.95 2.68 2.66 0.74 0.96 1.01 0.94 0.95 0.45 1.26 1.34 0.95 0.48 1.04 2.69 1.08 1.06 0.81 0.50 1.13 1.04 0.01 0.03 0.09 0.01 0.01 0.08 0.06 0.01 0.01 0.06 0.01 0.01 2.03 0.94 0.44 0.64 1.05 2.67 1.93 0.94 0.44 0.74 1.03 1.71 1.03 0.37 0.46 0.58 2.67 2.66 1.06 0.38 0.58 0.55 0.63 0.75 1.36 0.95 0.80 0.78 2.67 2.68 1.40 0.98 0.92 0.75 0.63 0.52 1.00 1.97 1.78 1.13 2.70 2.67 0.96 2.07 1.91 1.09 0.70 0.49 1.00 1.48 2.25 1.79 2.68 2.69 0.92 1.57 2.28 1.73 0.83 0.52 0.78 0.96 1.04 1.02 2.70 2.71 0.78 1.08 1.09 1.04 1.09 0.52 1.07 0.92 0.73 0.47 0.96 2.67 1.00 1.03 0.76 0.48 0.92 1.02 0.38 0.16 0.05 0.03 0.02 0.25 0.03 0.04 0.01 0.02 0.20 0.35

I got: 1.84 0.92 0.45 0.63 1.18 2.67 1.93 0.91 0.44 0.53 1.24 1.68 1.03 0.39 0.47 0.72 2.69 2.68 1.07 0.39 0.38 0.75 0.61 0.75 1.35 0.97 0.80 0.93 2.67 2.67 1.38 0.97 0.70 0.94 0.59 0.49 0.93 2.15 1.82 1.31 2.67 2.68 0.98 2.04 1.70 1.29 0.66 0.47 0.89 1.66 2.29 2.00 2.68 2.67 0.94 1.54 2.28 1.93 0.78 0.49 0.64 1.09 1.00 0.95 2.67 2.66 0.74 0.96 1.00 0.94 0.95 0.45 0.98 1.11 0.80 0.49 1.04 2.69 1.08 1.06 0.81 0.50 1.14 1.04 0.01 0.01 0.07 0.01 0.01 0.05 0.09 0.01 0.01 0.06 0.01 0.01 2.03 0.94 0.44 0.64 1.05 2.68 1.93 0.94 0.44 0.74 1.02 1.71 1.03 0.36 0.46 0.58 2.66 2.66 1.06 0.37 0.58 0.55 0.63 0.75 1.37 0.95 0.80 0.78 2.67 2.68 1.40 0.99 0.92 0.75 0.63 0.52 1.00 1.97 1.78 1.13 2.68 2.67 0.96 2.07 1.92 1.09 0.70 0.49 1.00 1.48 2.26 1.79 2.68 2.68 0.92 1.57 2.28 1.73 0.83 0.52 0.78 0.95 1.04 1.02 2.71 2.69 0.78 1.08 1.09 1.03 1.09 0.52 1.07 0.91 0.73 0.47 0.96 2.69 0.99 1.03 0.75 0.63 1.24 1.34 0.38 0.16 0.05 0.03 0.02 0.04 0.03 0.04 0.01 0.02 0.20 0.35

I got: 1.84 0.92 0.45 0.63 1.12 2.71 1.94 0.91 0.44 0.53 1.24 1.67 1.03 0.39 0.47 0.65 2.70 2.69 1.07 0.39 0.38 0.75 0.61 0.75 1.35 0.97 0.80 0.84 2.68 2.67 1.39 0.98 0.70 0.94 0.59 0.49 0.93 2.15 1.82 1.21 2.68 2.67 0.98 2.04 1.70 1.29 0.66 0.46 0.90 1.66 2.30 1.89 2.68 2.69 0.94 1.54 2.28 1.93 0.78 0.49 0.63 1.09 1.00 0.95 2.66 2.66 0.73 0.96 1.00 0.94 0.94 0.45 1.30 1.44 1.02 0.62 1.33 2.68 1.37 1.34 1.03 0.63 1.43 1.31 0.01 0.06 0.06 0.01 0.01 0.05 0.05 0.01 0.01 0.06 0.01 0.01 2.03 0.94 0.44 0.64 1.14 2.67 1.93 0.94 0.44 0.74 1.02 1.71 1.02 0.36 0.46 0.65 2.67 2.67 1.06 0.37 0.58 0.55 0.63 0.75 1.36 0.95 0.80 0.85 2.68 2.68 1.40 0.98 0.92 0.74 0.63 0.52 1.00 1.96 1.78 1.20 2.67 2.68 0.96 2.07 1.92 1.09 0.70 0.49 1.00 1.48 2.26 1.87 2.69 2.68 0.92 1.57 2.28 1.73 0.83 0.52 0.78 0.95 1.03 1.02 2.69 2.69 0.78 1.07 1.08 1.03 1.08 0.52 1.40 1.24 0.98 0.62 1.28 2.69 1.32 1.34 0.99 0.62 1.23 1.32 0.38 0.16 0.05 0.03 0.02 0.05 0.03 0.04 0.01 0.02 0.20 0.35

I got: 1.85 0.92 0.45 0.63 1.12 2.70 1.94 0.91 0.44 0.53 1.24 1.67 1.03 0.39 0.47 0.65 2.68 2.69 1.07 0.39 0.38 0.75 0.61 0.75 1.35 0.97 0.80 0.84 2.68 2.67 1.38 0.98 0.70 0.94 0.59 0.49 0.93 2.15 1.81 1.21 2.67 2.67 0.98 2.04 1.70 1.29 0.66 0.46 0.89 1.67 2.29 1.89 2.67 2.67 0.94 1.53 2.28 1.93 0.78 0.49 0.63 1.09 1.00 0.95 2.67 2.66 0.73 0.96 1.00 0.94 0.94 0.45 1.23 1.36 0.97 0.59 1.24 2.68 1.28 1.25 0.96 0.57 1.11 1.02 0.02 0.05 0.05 0.01 0.01 0.06 0.05 0.01 0.01 0.06 0.01 0.01 2.03 0.94 0.44 0.64 1.04 2.68 1.93 0.94 0.44 0.74 1.03 1.71 1.02 0.37 0.45 0.57 2.66 2.67 1.06 0.37 0.58 0.54 0.63 0.75 1.36 0.95 0.80 0.77 2.69 2.68 1.40 0.98 0.92 0.74 0.63 0.52 1.01 1.96 1.78 1.12 2.72 2.67 0.96 2.07 1.91 1.09 0.70 0.49 1.00 1.48 2.26 1.78 2.67 2.68 0.93 1.57 2.28 1.73 0.82 0.52 0.77 0.94 1.03 1.01 2.70 2.72 0.78 1.07 1.08 1.03 1.08 0.52 1.06 0.90 0.72 0.47 0.95 2.68 0.99 1.02 0.75 0.48 0.91 1.01 0.38 0.16 0.05 0.03 0.02 0.26 0.03 0.04 0.01 0.02 0.20 0.35

I got: 1.84 0.92 0.45 0.63 1.18 2.67 1.93 0.91 0.44 0.53 1.24 1.67 1.03 0.39 0.47 0.72 2.69 2.68 1.07 0.39 0.38 0.75 0.61 0.75 1.35 0.97 0.80 0.93 2.67 2.68 1.38 0.98 0.70 0.94 0.59 0.49 0.93 2.15 1.82 1.31 2.68 2.68 0.98 2.04 1.69 1.29 0.66 0.46 0.89 1.67 2.30 2.00 2.67 2.67 0.94 1.54 2.27 1.94 0.78 0.49 0.62 1.09 1.00 0.94 2.67 2.67 0.73 0.96 1.00 0.94 0.94 0.45 0.97 1.10 0.79 0.48 1.04 2.69 1.07 1.05 0.81 0.50 1.13 1.03 0.01 0.05 0.06 0.01 0.01 0.06 0.09 0.01 0.01 0.06 0.01 0.01 2.03 0.94 0.43 0.64 1.05 2.67 1.93 0.94 0.44 0.74 1.02 1.71 1.02 0.36 0.46 0.58 2.67 2.66 1.06 0.37 0.58 0.54 0.63 0.75 1.36 0.95 0.80 0.77 2.67 2.68 1.40 0.98 0.93 0.74 0.63 0.52 1.01 1.96 1.78 1.12 2.70 2.68 0.96 2.06 1.91 1.08 0.70 0.49 1.00 1.48 2.26 1.78 2.68 2.69 0.92 1.57 2.27 1.73 0.83 0.52 0.77 0.94 1.03 1.01 2.71 2.69 0.77 1.07 1.08 1.03 1.08 0.52 1.06 0.90 0.72 0.47 0.95 2.68 0.98 1.02 0.75 0.47 0.91 1.01 0.38 0.16 0.05 0.03 0.02 0.26 0.03 0.04 0.01 0.02 0.21 0.36

I got: 1.84 0.92 0.45 0.63 1.18 2.67 1.93 0.91 0.44 0.53 1.24 1.67 1.03 0.39 0.47 0.72 2.69 2.68 1.07 0.39 0.38 0.75 0.61 0.75 1.35 0.97 0.80 0.93 2.67 2.68 1.38 0.98 0.69 0.94 0.59 0.49 0.93 2.16 1.82 1.31 2.67 2.68 0.98 2.04 1.69 1.29 0.66 0.47 0.89 1.67 2.30 2.00 2.68 2.67 0.94 1.54 2.28 1.94 0.78 0.49 0.62 1.09 1.00 0.94 2.67 2.66 0.73 0.95 1.00 0.94 0.94 0.45 0.97 1.10 0.79 0.48 1.04 2.73 1.07 1.05 0.81 0.50 1.14 1.03 0.01 0.01 0.09 0.01 0.01 0.05 0.06 0.01 0.01 0.06 0.01 0.01 2.04 0.94 0.44 0.63 1.05 2.67 1.93 0.94 0.44 0.75 1.02 1.71 1.02 0.36 0.45 0.58 2.67 2.67 1.06 0.37 0.59 0.54 0.63 0.75 1.37 0.95 0.80 0.77 2.70 2.68 1.40 0.98 0.93 0.74 0.63 0.52 1.01 1.96 1.78 1.12 2.68 2.67 0.96 2.06 1.92 1.08 0.70 0.49 1.00 1.48 2.26 1.79 2.67 2.68 0.92 1.57 2.28 1.72 0.82 0.52 0.77 0.94 1.02 1.00 2.70 2.71 0.77 1.07 1.08 1.03 1.07 0.52 1.06 0.90 0.72 0.47 0.95 2.67 0.98 1.02 0.75 0.47 0.90 1.01 0.39 0.16 0.05 0.03 0.02 0.26 0.03 0.04 0.01 0.02 0.21 0.36

I got: 1.84 0.92 0.45 0.63 1.18 2.69 1.94 0.91 0.44 0.52 1.24 1.67 1.02 0.39 0.47 0.72 2.68 2.70 1.07 0.39 0.38 0.75 0.61 0.75 1.35 0.97 0.80 0.93 2.68 2.67 1.38 0.98 0.70 0.94 0.59 0.49 0.93 2.16 1.81 1.31 2.67 2.67 0.98 2.04 1.69 1.30 0.66 0.46 0.90 1.67 2.30 2.00 2.67 2.68 0.94 1.54 2.28 1.94 0.78 0.49 0.62 1.09 0.99 0.94 2.66 2.66 0.73 0.95 0.99 0.93 0.94 0.45 0.97 1.10 0.79 0.48 1.03 2.69 1.07 1.05 0.81 0.50 1.13 1.03 0.02 0.01 0.06 0.01 0.01 0.06 0.06 0.01 0.01 0.08 0.01 0.01 2.04 0.94 0.44 0.64 1.05 2.67 1.93 0.94 0.44 0.75 1.02 1.71 1.02 0.36 0.45 0.58 2.68 2.67 1.05 0.37 0.58 0.53 0.63 0.75 1.37 0.95 0.80 0.77 2.68 2.67 1.39 0.98 0.93 0.74 0.63 0.52 1.01 1.96 1.78 1.12 2.68 2.68 0.96 2.06 1.92 1.08 0.70 0.49 1.00 1.48 2.26 1.78 2.70 2.68 0.93 1.57 2.28 1.72 0.82 0.52 0.77 0.93 1.02 1.00 2.72 2.71 0.77 1.07 1.07 1.02 1.07 0.52 1.06 0.89 0.72 0.47 0.95 2.67 0.98 1.02 0.75 0.48 0.90 1.01 0.38 0.16 0.05 0.03 0.02 0.26 0.03 0.04 0.01 0.02 0.21 0.36

I got: 1.84 0.92 0.45 0.63 1.19 2.69 1.93 0.91 0.44 0.53 1.24 1.68 1.02 0.38 0.47 0.72 2.67 2.70 1.06 0.39 0.37 0.75 0.61 0.75 1.35 0.97 0.80 0.93 2.68 2.67 1.38 0.98 0.70 0.95 0.59 0.49 0.93 2.15 1.81 1.31 2.71 2.67 0.98 2.04 1.69 1.29 0.66 0.46 0.89 1.67 2.30 2.00 2.72 2.67 0.94 1.54 2.28 1.94 0.78 0.49 0.62 1.09 0.99 0.94 2.68 2.69 0.73 0.95 0.99 0.93 0.93 0.45 0.97 1.10 0.79 0.48 1.03 2.70 1.07 1.05 0.81 0.50 1.13 1.03 0.01 0.06 0.06 0.01 0.01 0.06 0.06 0.01 0.01 0.08 0.01 0.01 2.04 0.94 0.44 0.64 1.05 2.68 1.93 0.94 0.44 0.75 1.01 1.71 1.02 0.36 0.45 0.57 2.67 2.67 1.05 0.37 0.58 0.53 0.63 0.75 1.37 0.95 0.79 0.77 2.67 2.68 1.39 0.98 0.93 0.73 0.63 0.52 1.01 1.96 1.78 1.12 2.69 2.67 0.96 2.06 1.92 1.08 0.70 0.49 1.00 1.48 2.26 1.79 2.67 2.68 0.92 1.57 2.27 1.72 0.82 0.52 0.77 0.93 1.01 0.99 2.69 2.70 0.77 1.06 1.07 1.02 1.07 0.51 1.06 0.89 0.72 0.46 0.95 2.68 0.98 1.01 0.75 0.47 0.90 1.01 0.38 0.17 0.05 0.03 0.02 0.26 0.03 0.04 0.01 0.02 0.21 0.36

