I got: 2.18 2.26 1.42 2.68 2.72 0.35 0.35 0.27 0.19 0.22 0.95 1.46 1.32 0.99 2.69 2.69 0.36 0.29 0.15 0.08 0.05 0.38 0.34 0.53 0.50 0.80 1.10 2.68 0.58 0.38 0.14 0.06 0.15 0.29 0.10 0.14 0.25 0.40 0.12 0.34 0.02 0.05 0.04 0.02 0.28 0.27 0.04 0.05 0.15 0.93 1.81 2.37 2.69 1.25 0.32 0.10 0.08 0.26 0.07 0.08 0.11 0.69 0.89 1.06 2.68 2.68 0.78 0.19 0.05 0.30 0.08 0.07 0.09 0.39 0.39 0.31 0.80 2.69 1.44 0.54 0.26 0.39 0.13 0.08 0.01 0.07 0.07 0.06 0.01 0.07 0.01 0.01 0.01 0.01 0.06 0.06 0.23 0.49 0.30 0.19 0.36 0.74 2.69 2.24 2.26 1.58 0.48 0.24 0.16 0.45 0.15 0.08 0.13 0.16 2.67 2.68 1.26 0.90 0.67 0.25 0.76 0.66 0.20 0.08 0.10 0.13 2.67 2.68 0.82 1.22 1.80 1.08 1.58 0.88 0.23 0.07 0.08 0.12 2.67 2.68 0.30 1.20 2.15 2.18 1.37 0.33 0.09 0.09 0.13 2.67 2.67 0.22 0.75 1.77 2.21 2.07 0.40 0.10 0.09 0.12 2.68 2.67 0.10 0.28 0.46 0.57 0.89 0.64 2.02 0.72 0.49 0.31 2.68 2.69 0.20 0.38 0.49 0.41 0.95 1.42 2.32 2.14 1.44 0.72 2.70 2.67 0.27 0.34 0.33 0.25 0.37 1.60

I got: 2.18 2.26 1.42 2.68 2.68 0.35 0.35 0.27 0.19 0.21 0.95 1.45 1.31 0.99 2.71 2.71 0.36 0.29 0.15 0.08 0.05 0.38 0.34 0.53 0.50 0.80 1.10 2.67 0.58 0.38 0.14 0.06 0.14 0.30 0.10 0.14 0.25 0.40 0.12 0.35 0.02 0.05 0.04 0.02 0.28 0.28 0.04 0.05 0.15 0.93 1.81 2.37 2.67 1.25 0.32 0.10 0.08 0.26 0.07 0.08 0.11 0.69 0.89 1.06 2.67 2.68 0.78 0.19 0.06 0.30 0.08 0.07 0.09 0.39 0.39 0.31 0.80 2.71 1.44 0.54 0.25 0.38 0.13 0.08 0.01 0.05 0.07 0.06 0.01 0.05 0.01 0.01 0.01 0.01 0.07 0.06 0.23 0.49 0.30 0.19 0.36 0.73 2.67 2.24 2.26 1.58 0.48 0.24 0.16 0.45 0.15 0.08 0.13 0.16 2.68 2.67 1.26 0.90 0.67 0.26 0.75 0.66 0.20 0.08 0.10 0.14 2.67 2.73 0.82 1.22 1.81 1.08 1.58 0.88 0.23 0.07 0.08 0.12 2.68 2.68 0.30 1.21 2.15 2.18 1.37 0.33 0.09 0.09 0.13 2.71 2.69 0.22 0.75 1.77 2.21 2.07 0.40 0.10 0.09 0.12 2.71 2.69 0.09 0.28 0.46 0.57 0.89 0.65 2.02 0.72 0.48 0.31 2.67 2.68 0.20 0.38 0.49 0.41 0.95 1.42 2.32 2.14 1.43 0.72 2.67 2.70 0.27 0.34 0.33 0.25 0.37 1.60

I got: 2.18 2.26 1.42 2.68 2.68 0.35 0.35 0.27 0.19 0.21 0.95 1.45 1.31 0.99 2.70 2.71 0.36 0.29 0.15 0.08 0.06 0.38 0.34 0.53 0.50 0.80 1.10 2.67 0.58 0.38 0.14 0.06 0.15 0.29 0.10 0.14 0.25 0.40 0.12 0.35 0.02 0.05 0.04 0.02 0.28 0.28 0.04 0.05 0.16 0.93 1.81 2.37 2.69 1.25 0.32 0.10 0.08 0.26 0.07 0.08 0.11 0.68 0.89 1.06 2.68 2.67 0.78 0.19 0.05 0.30 0.08 0.07 0.09 0.39 0.39 0.31 0.80 2.70 1.44 0.54 0.26 0.38 0.13 0.08 0.01 0.06 0.05 0.09 0.01 0.06 0.01 0.01 0.01 0.01 0.07 0.06 0.23 0.48 0.30 0.19 0.36 0.74 2.68 2.23 2.26 1.58 0.48 0.24 0.16 0.45 0.15 0.07 0.13 0.16 2.66 2.67 1.26 0.90 0.67 0.26 0.76 0.66 0.20 0.08 0.10 0.14 2.67 2.68 0.82 1.22 1.80 1.08 1.58 0.87 0.23 0.07 0.08 0.12 2.67 2.67 51.53 1.20 2.15 2.18 1.37 0.33 0.09 0.09 0.13 2.67 2.67 0.22 0.76 1.77 2.21 2.07 0.40 0.10 0.09 0.12 2.67 2.67 0.09 0.28 0.46 0.57 0.89 0.65 2.02 0.72 0.48 0.31 2.69 2.68 0.20 0.38 0.49 0.41 0.95 1.42 2.32 2.14 1.44 0.72 2.69 2.67 0.27 0.34 0.33 0.25 0.37 1.60

I got: 2.18 2.27 1.42 2.69 2.68 0.35 0.35 0.27 0.19 0.21 0.95 1.45 1.31 0.99 2.70 2.70 0.36 0.29 0.15 0.08 0.05 0.38 0.34 0.53 0.50 0.80 1.10 2.67 0.58 0.38 0.14 0.06 0.15 0.29 0.10 0.14 0.25 0.40 0.12 0.35 0.02 0.05 0.04 0.02 0.28 0.28 0.04 0.05 0.16 0.93 1.81 2.37 2.68 1.25 0.32 0.10 0.08 0.26 0.07 0.08 0.11 0.68 0.89 1.06 2.67 2.69 0.78 0.19 0.05 0.30 0.08 0.07 0.09 0.39 0.39 0.31 0.80 2.70 1.44 0.54 0.26 0.38 0.13 0.08 0.01 0.06 0.06 0.06 0.01 0.05 0.01 0.01 0.01 0.01 0.06 0.06 0.23 0.48 0.30 0.19 0.36 0.74 2.68 2.24 2.26 1.58 0.48 0.24 0.16 0.45 0.15 0.08 0.13 0.16 2.66 2.70 1.26 0.90 0.67 0.25 0.76 0.66 0.20 0.08 0.10 0.14 2.68 2.69 0.82 1.23 1.80 1.09 1.58 0.87 0.23 0.07 0.08 0.12 2.67 2.68 0.31 1.21 2.15 2.18 1.37 0.33 0.09 0.09 0.13 2.67 2.68 0.22 0.75 1.77 2.21 2.07 0.40 0.10 0.09 0.12 2.67 2.70 0.09 0.28 0.46 0.57 0.89 0.64 2.03 0.72 0.48 0.31 2.68 2.68 0.20 0.38 0.49 0.41 0.95 1.42 2.32 2.14 1.44 0.72 2.70 2.68 0.27 0.34 0.33 0.25 0.37 1.60

I got: 2.18 2.26 1.42 2.69 2.68 0.35 0.35 0.28 0.19 0.21 0.95 1.45 1.31 0.99 2.71 2.70 0.36 0.28 0.15 0.08 0.05 0.38 0.34 0.53 0.50 0.80 1.10 2.67 0.58 0.38 0.14 0.06 0.14 0.29 0.10 0.14 0.25 0.41 0.12 0.35 0.02 0.05 0.04 0.02 0.28 0.28 0.04 0.05 0.16 0.93 1.81 2.37 2.68 1.25 0.32 0.10 0.08 0.26 0.07 0.08 0.11 0.69 0.89 1.06 2.67 2.68 0.78 0.19 0.05 0.30 0.08 0.07 0.09 0.39 0.39 0.31 0.80 2.71 1.43 0.54 0.26 0.38 0.13 0.08 0.01 0.09 0.07 0.06 0.01 0.05 0.01 0.01 0.01 0.00 0.05 0.07 0.23 0.48 0.30 0.19 0.36 0.74 2.67 2.24 2.25 1.58 0.48 0.24 0.16 0.45 0.15 0.07 0.13 0.16 2.68 2.67 1.26 0.90 0.66 0.25 0.76 0.66 0.20 0.08 0.10 0.13 2.69 2.68 0.82 1.22 1.80 1.08 1.58 0.87 0.23 0.07 0.08 0.12 2.68 2.68 0.30 1.20 2.15 2.18 1.37 0.33 0.09 0.09 0.13 2.69 2.69 0.23 0.75 1.77 2.21 2.07 0.40 0.10 0.08 0.12 2.69 2.69 0.09 0.28 0.46 0.57 0.89 0.64 2.03 0.72 0.48 0.31 2.68 2.68 0.20 0.38 0.49 0.41 0.95 1.42 2.32 2.14 1.43 0.72 2.67 2.67 0.27 0.34 0.33 0.25 0.37 1.60

I got: 2.18 2.26 1.42 2.69 2.67 0.35 0.35 0.27 0.19 0.21 0.95 1.45 1.31 0.99 2.70 2.69 0.36 0.28 0.15 0.08 0.05 0.38 0.34 0.53 0.50 0.80 1.10 2.66 0.58 0.37 0.14 0.06 0.14 0.30 0.10 0.13 0.25 0.41 0.12 0.35 0.02 0.05 0.04 0.02 0.29 0.28 0.04 0.05 0.16 0.93 1.81 2.37 2.67 1.25 0.32 0.10 0.08 0.26 0.07 0.08 0.10 0.69 0.89 1.06 2.71 2.67 0.78 0.19 0.05 0.30 0.08 0.07 0.09 0.39 0.39 0.31 0.80 2.67 1.43 0.54 0.26 0.38 0.13 0.08 0.01 0.06 0.06 0.05 0.01 0.05 0.01 0.01 0.01 0.01 0.06 0.05 0.24 0.49 0.30 0.19 0.36 0.74 2.69 2.24 2.25 1.58 0.48 0.24 0.16 0.45 0.15 0.07 0.13 0.16 2.67 2.66 1.26 0.90 0.66 0.25 0.76 0.66 0.20 0.08 0.10 0.14 2.68 2.67 0.82 1.23 1.81 1.08 1.58 0.88 0.23 0.07 0.08 0.12 2.68 2.67 0.30 1.21 2.15 2.18 1.37 0.33 0.09 0.09 0.13 2.68 2.68 0.22 0.75 1.77 2.21 2.07 0.40 0.10 0.08 0.12 2.67 2.68 0.10 0.28 0.46 0.57 0.89 0.64 2.02 0.72 0.49 0.31 2.67 2.69 0.20 0.38 0.49 0.41 0.95 1.42 2.32 2.14 1.44 0.73 2.70 2.68 0.27 0.34 0.33 0.25 0.37 1.60

I got: 2.18 2.26 1.42 2.69 2.68 0.35 0.35 0.27 0.19 0.21 0.95 1.45 1.31 0.99 2.70 2.70 0.36 0.28 0.15 0.08 0.05 0.38 0.34 0.52 0.50 0.80 1.10 2.68 0.58 0.38 0.14 0.06 0.15 0.29 0.10 0.13 0.25 0.40 0.11 0.35 0.02 0.05 0.04 0.02 0.28 0.28 0.04 0.05 0.15 0.93 1.81 2.37 2.68 1.25 0.32 0.10 0.08 0.26 0.07 0.08 0.11 0.69 0.89 1.06 2.67 2.68 0.78 0.19 0.05 0.30 0.08 0.07 0.09 0.39 0.38 0.31 0.80 2.71 1.43 0.54 0.26 0.39 0.13 0.08 0.01 0.07 0.06 0.07 0.01 0.04 0.05 0.01 0.01 0.01 0.06 0.04 0.23 0.49 0.30 0.19 0.35 0.74 2.67 2.24 2.26 1.58 0.48 0.24 0.16 0.45 0.15 0.07 0.13 0.16 2.67 2.67 1.26 0.90 0.66 0.25 0.76 0.66 0.21 0.08 0.10 0.14 2.69 2.69 0.82 1.22 1.80 1.08 1.58 0.87 0.24 0.07 0.08 0.12 2.67 2.67 0.30 1.20 2.15 2.18 1.37 0.33 0.09 0.09 0.13 2.68 2.68 0.23 0.76 1.77 2.22 2.06 0.40 0.10 0.09 0.12 2.69 2.69 0.09 0.28 0.46 0.56 0.89 0.64 2.03 0.72 0.49 0.31 2.68 2.68 0.20 0.38 0.49 0.41 0.95 1.42 2.33 2.14 1.44 0.73 2.68 2.67 0.27 0.34 0.33 0.25 0.37 1.60

I got: 2.18 2.27 1.42 2.72 2.67 0.35 0.35 0.27 0.19 0.21 0.95 1.45 1.30 0.99 2.70 2.71 0.36 0.28 0.15 0.08 0.05 0.38 0.34 0.52 0.50 0.80 1.09 2.70 0.58 0.37 0.14 0.06 0.14 0.29 0.10 0.13 0.25 0.40 0.12 0.35 0.02 0.05 0.04 0.02 0.28 0.28 0.04 0.05 0.15 0.93 1.81 2.37 2.68 1.25 0.32 0.10 0.08 0.26 0.07 0.08 0.10 0.69 0.89 1.06 2.67 2.69 0.78 0.19 0.05 0.30 0.08 0.07 0.09 0.39 0.38 0.31 0.79 2.71 1.43 0.54 0.26 0.38 0.12 0.08 0.01 0.06 0.12 0.07 0.01 0.08 0.01 0.01 0.01 0.01 0.05 0.05 0.24 0.49 0.30 0.19 0.36 0.74 2.67 2.24 2.26 1.58 0.48 0.24 0.16 0.45 0.15 0.07 0.13 0.16 2.66 2.68 1.26 0.90 0.66 0.25 0.76 0.66 0.20 0.08 0.10 0.13 2.69 2.68 0.82 1.23 1.80 1.08 1.58 0.88 0.23 0.07 0.08 0.12 2.67 2.67 0.30 1.20 2.15 2.18 1.37 0.33 0.09 0.09 0.13 2.67 2.68 0.23 0.76 1.77 2.21 2.06 0.40 0.10 0.09 0.12 2.68 2.68 0.09 0.28 0.46 0.56 0.88 0.64 2.03 0.72 0.48 0.31 2.69 2.68 0.20 0.38 0.49 0.41 0.95 1.42 2.32 2.14 1.44 0.72 2.69 2.67 0.27 0.34 0.33 0.25 0.37 1.60

I got: 2.17 2.26 1.42 2.69 2.67 0.35 0.35 0.27 0.19 0.21 0.95 1.45 1.30 0.99 2.69 2.68 0.36 0.28 0.15 0.08 0.05 0.38 0.34 0.52 0.50 0.80 1.09 2.67 0.58 0.38 0.14 0.06 0.15 0.29 0.10 0.13 0.25 0.40 0.12 0.35 0.02 0.05 0.04 0.02 0.28 0.28 0.04 0.05 0.16 0.93 1.81 2.37 2.67 1.25 0.32 0.10 0.08 0.26 0.07 0.08 0.10 0.69 0.89 1.06 2.67 2.68 0.78 0.19 0.05 0.30 0.08 0.07 0.09 0.39 0.38 0.31 0.79 2.69 1.43 0.54 0.26 0.38 0.13 0.08 0.01 0.07 0.06 0.06 0.01 0.05 0.04 0.01 0.01 0.01 0.05 0.08 0.23 0.49 0.30 0.19 0.36 0.74 2.69 2.24 2.26 1.58 0.48 0.24 0.15 0.45 0.15 0.07 0.13 0.16 2.68 2.67 1.25 0.90 0.66 0.25 0.76 0.66 0.21 0.07 0.10 0.14 2.67 2.68 0.82 1.23 1.81 1.08 1.58 0.88 0.23 0.07 0.08 0.12 2.68 2.68 0.30 1.21 2.16 2.18 1.37 0.33 0.09 0.09 0.13 2.69 2.69 0.22 0.75 1.77 2.21 2.07 0.40 0.10 0.09 0.12 2.68 2.73 0.10 0.28 0.46 0.56 0.88 0.64 2.03 0.72 0.48 0.31 2.67 2.72 0.20 0.38 0.49 0.41 0.94 1.42 2.33 2.14 1.44 0.73 2.68 2.68 0.27 0.34 0.33 0.25 0.37 1.60

I got: 2.18 2.26 1.42 2.69 2.69 0.35 0.35 0.27 0.19 0.21 0.95 1.45 1.30 0.98 2.72 2.70 0.36 0.28 0.15 0.08 0.05 0.38 0.34 0.52 0.50 0.80 1.09 2.68 0.58 0.38 0.14 0.06 0.15 0.30 0.10 0.13 0.26 0.41 0.12 0.35 0.02 0.05 0.04 0.02 0.29 0.28 0.04 0.05 0.15 0.93 1.81 2.37 2.69 1.25 0.32 0.10 0.08 0.26 0.07 0.08 0.11 0.69 0.89 1.05 2.67 2.69 0.78 0.19 0.05 0.30 0.08 0.07 0.09 0.39 0.39 0.31 0.79 2.71 1.43 0.54 0.26 0.38 0.13 0.08 0.01 0.06 0.06 0.05 0.01 0.07 0.01 0.01 0.01 0.01 0.06 0.05 0.24 0.49 0.30 0.19 0.36 0.74 2.68 2.24 2.25 1.58 0.48 0.24 0.15 0.45 0.15 0.07 0.13 0.16 2.67 2.67 1.26 0.90 0.66 0.25 0.76 0.66 0.20 0.08 0.10 0.13 2.69 2.69 0.82 1.23 1.81 1.08 1.58 0.88 0.24 0.07 0.08 0.12 2.67 2.67 0.31 1.21 2.15 2.18 1.37 0.33 0.09 0.09 0.13 2.67 2.67 0.23 0.75 1.77 2.21 2.07 0.40 0.10 0.08 0.12 2.68 2.69 0.09 0.28 0.46 0.56 0.88 0.64 2.03 0.72 0.48 0.31 2.69 2.68 0.20 0.38 0.49 0.41 0.94 1.42 2.32 2.14 1.43 0.72 2.69 2.67 0.27 0.34 0.33 0.25 0.37 1.60

I got: 2.18 2.26 1.42 2.70 2.68 0.35 0.35 0.27 0.19 0.21 0.95 1.45 1.30 0.98 2.69 2.69 0.36 0.28 0.15 0.08 0.05 0.38 0.34 0.52 0.50 0.80 1.09 2.67 0.58 0.37 0.14 0.06 0.14 0.30 0.10 0.13 0.25 0.40 0.11 0.35 0.02 0.05 0.04 0.01 0.28 0.28 0.04 0.05 0.16 0.93 1.81 2.37 2.67 1.25 0.32 0.10 0.08 0.26 0.07 0.08 0.11 0.69 0.89 1.06 2.67 2.68 0.78 0.19 0.05 0.30 0.08 0.07 0.09 0.39 0.38 0.31 0.79 2.69 1.43 0.54 0.26 0.38 0.13 0.08 0.01 0.07 0.06 0.05 0.01 0.09 0.01 0.01 0.01 0.01 0.06 0.06 0.24 0.49 0.30 0.19 0.36 0.74 2.67 2.24 2.26 1.58 0.48 0.24 0.15 0.45 0.15 0.08 0.13 0.16 2.72 2.68 1.25 0.90 0.66 0.25 0.76 0.66 0.21 0.08 0.10 0.13 2.73 2.68 0.82 1.23 1.80 1.08 1.58 0.88 0.23 0.07 0.08 0.12 2.67 2.70 0.31 1.21 2.16 2.18 1.37 0.33 0.09 0.09 0.13 2.67 2.71 0.22 0.76 1.77 2.21 2.07 0.40 0.09 0.09 0.12 2.69 2.68 0.09 0.28 0.46 0.56 0.88 0.64 2.03 0.71 0.49 0.31 2.69 2.68 0.20 0.38 0.49 0.41 0.95 1.42 2.33 2.14 1.44 0.72 2.70 2.67 0.28 0.34 0.33 0.25 0.37 1.60

I got: 2.17 2.26 1.42 2.70 2.67 0.35 0.35 0.27 0.19 0.21 0.95 1.45 1.30 0.98 2.71 2.68 0.36 0.28 0.15 0.08 0.05 0.38 0.34 0.52 0.50 0.80 1.09 2.67 0.58 0.37 0.13 0.05 0.14 0.30 0.10 0.13 0.25 0.40 0.11 0.35 0.02 0.05 0.04 0.02 0.28 0.28 0.04 0.05 0.16 0.94 1.81 2.37 2.68 1.25 0.32 0.10 0.08 0.26 0.07 0.08 0.11 0.69 0.89 1.05 2.67 2.68 0.78 0.19 0.05 0.30 0.08 0.07 0.09 0.39 0.38 0.30 0.79 2.71 1.42 0.54 0.25 0.38 0.13 0.08 0.01 0.07 0.05 0.07 0.01 0.05 0.01 0.01 0.01 0.01 0.10 0.07 0.23 0.49 0.30 0.19 0.36 0.74 2.67 2.24 2.25 1.58 0.48 0.24 0.15 0.45 0.15 0.07 0.13 0.16 2.68 2.68 1.25 0.90 0.66 0.25 0.76 0.66 0.21 0.08 0.10 0.13 2.68 2.68 0.82 1.23 1.81 1.08 1.58 0.88 0.23 0.07 0.08 0.12 2.68 2.68 0.31 1.20 2.16 2.18 1.38 0.33 0.10 0.09 0.13 2.68 2.68 0.23 0.76 1.77 2.21 2.07 0.40 0.10 0.09 0.12 2.69 2.67 0.09 0.28 0.46 0.56 0.88 0.64 2.04 0.72 0.49 0.31 2.68 2.68 0.20 0.38 0.49 0.41 0.94 1.42 2.32 2.14 1.43 0.72 2.67 2.68 0.27 0.34 0.33 0.25 0.37 1.60

I got: 2.18 2.26 1.42 2.68 2.69 0.35 0.35 0.27 0.19 0.21 0.95 1.45 1.30 0.98 2.68 2.69 0.36 0.28 0.15 0.08 0.05 0.38 0.34 0.52 0.50 0.80 1.09 2.67 0.58 0.37 0.14 0.06 0.15 0.30 0.10 0.13 0.25 0.41 0.12 0.35 0.02 0.05 0.04 0.02 0.29 0.28 0.04 0.05 0.15 0.94 1.81 2.37 2.67 1.25 0.32 0.10 0.08 0.26 0.07 0.08 0.10 0.69 0.89 1.06 2.67 2.68 0.77 0.19 0.05 0.30 0.08 0.07 0.09 0.39 0.38 0.31 0.79 2.71 1.42 0.54 0.25 0.39 0.13 0.08 0.01 0.09 0.05 0.05 0.01 0.05 0.01 0.01 0.01 0.01 0.04 0.08 0.23 0.49 0.30 0.19 0.36 0.74 2.69 2.24 2.25 1.58 0.48 0.24 0.15 0.45 0.15 0.07 0.13 0.16 2.67 2.66 1.25 0.90 0.66 0.25 0.76 0.66 0.20 0.07 0.10 0.13 2.67 2.68 0.82 1.23 1.81 1.08 1.58 0.88 0.24 0.07 0.08 0.12 2.68 2.67 0.30 1.21 2.16 2.18 1.38 0.33 0.09 0.09 0.13 2.68 2.67 0.23 0.75 1.77 2.21 2.07 0.40 0.09 0.08 0.12 2.68 2.69 0.09 0.28 0.46 0.56 0.88 0.64 2.03 0.72 0.49 0.31 2.69 2.68 0.20 0.38 0.49 0.41 0.95 1.42 2.33 2.14 1.43 0.72 2.70 2.69 0.27 0.34 0.33 0.25 0.37 1.60

