I got: 2.48 2.50 1.51 2.67 2.68 0.55 0.69 0.52 0.30 0.40 1.03 1.59 1.97 1.37 2.71 2.68 0.55 0.58 0.37 0.19 0.22 0.52 0.48 0.67 0.64 1.08 2.51 2.68 0.93 0.72 0.37 0.18 0.16 0.40 0.26 0.26 0.13 0.34 0.12 0.14 0.02 0.05 0.05 0.02 0.19 0.20 0.03 0.03 0.32 1.01 1.93 2.53 2.68 1.39 0.46 0.18 0.14 0.34 0.18 0.15 0.32 0.85 1.01 1.16 2.67 2.67 0.96 0.28 0.21 0.41 0.22 0.17 0.30 0.63 0.55 0.39 0.93 2.68 1.92 0.66 0.41 0.49 0.25 0.18 0.05 0.01 0.01 0.08 0.08 0.00 0.08 0.06 0.04 0.01 0.01 0.06 0.51 0.78 0.53 0.29 0.47 0.84 2.68 2.54 2.52 1.68 0.60 0.34 0.44 0.64 0.35 0.18 0.25 0.31 2.67 2.66 1.87 1.26 0.90 0.37 0.94 0.85 0.41 0.18 0.23 0.24 2.67 2.67 0.99 1.53 2.11 1.19 1.75 0.96 0.38 0.15 0.19 0.16 2.67 2.67 0.45 1.38 2.31 2.45 1.45 0.47 0.18 0.20 0.16 2.67 2.68 0.38 0.92 1.92 2.48 2.32 0.65 0.19 0.19 0.15 2.68 2.68 0.26 0.52 0.68 0.78 1.37 1.02 2.28 0.81 0.59 0.45 2.68 2.67 0.45 0.72 0.70 0.51 1.15 1.74 2.52 2.48 1.58 0.84 2.67 2.69 0.51 0.70 0.57 0.36 0.56 1.73

I got: 2.49 2.50 1.53 2.69 2.69 0.55 0.69 0.52 0.30 0.41 1.03 1.59 1.98 1.37 2.69 2.70 0.55 0.58 0.37 0.20 0.22 0.52 0.48 0.67 0.67 1.10 1.48 2.67 0.90 0.70 0.36 0.17 0.17 0.39 0.26 0.25 0.13 0.34 0.12 0.30 0.02 0.05 0.05 0.02 0.19 0.19 0.03 0.04 0.33 1.00 1.93 2.58 2.67 1.38 0.46 0.18 0.15 0.34 0.18 0.15 0.33 0.84 1.02 1.17 2.72 2.67 0.96 0.28 0.22 0.40 0.22 0.17 0.31 0.62 0.55 0.39 0.93 2.67 1.92 0.66 0.41 0.49 0.25 0.18 0.06 0.01 0.01 0.05 0.06 0.01 0.11 0.01 0.04 0.01 0.01 0.06 0.51 0.77 0.53 0.29 0.47 0.85 2.68 2.55 2.52 1.68 0.60 0.34 0.45 0.63 0.35 0.18 0.25 0.33 2.67 2.67 1.88 1.27 0.90 0.38 0.95 0.84 0.41 0.18 0.23 0.25 2.67 2.67 0.99 1.53 2.10 1.19 1.75 0.96 0.38 0.16 0.19 0.17 2.67 2.67 0.45 1.38 2.31 2.45 1.44 0.46 0.17 0.20 0.17 2.67 2.67 0.38 0.92 1.92 2.48 2.32 0.65 0.19 0.19 0.16 2.68 2.67 0.26 0.52 0.69 0.79 1.38 1.02 2.28 0.81 0.59 0.46 2.68 2.67 0.45 0.72 0.70 0.51 1.15 1.74 2.52 2.48 1.58 0.86 2.67 2.69 0.51 0.70 0.57 0.36 0.56 1.73

I got: 2.49 2.49 1.54 2.67 2.69 0.56 0.69 0.52 0.30 0.41 1.03 1.59 1.98 1.37 2.70 2.70 0.55 0.58 0.37 0.19 0.22 0.51 0.48 0.67 0.69 1.11 1.49 2.67 0.89 0.69 0.36 0.17 0.16 0.38 0.25 0.25 0.12 0.34 0.12 0.17 0.02 0.05 0.05 0.02 0.19 0.19 0.03 0.03 0.33 1.00 1.92 2.53 2.67 1.38 0.46 0.18 0.15 0.33 0.18 0.15 0.33 0.84 1.01 1.17 2.67 2.67 0.95 0.28 0.22 0.40 0.21 0.17 0.36 0.71 0.63 0.45 1.07 2.67 2.18 0.75 0.48 0.55 0.29 0.20 0.07 0.01 0.01 0.06 0.06 0.01 0.08 0.01 0.05 0.01 0.01 0.07 0.52 0.77 0.53 0.29 0.47 0.94 2.67 2.54 2.52 1.68 0.60 0.34 0.47 0.63 0.35 0.18 0.25 0.42 2.67 2.67 1.88 1.27 0.90 0.37 0.95 0.84 0.41 0.18 0.23 0.33 2.67 2.68 0.99 1.53 2.10 1.19 1.76 0.95 0.38 0.16 0.19 0.24 2.68 2.67 0.45 1.38 2.30 2.45 1.43 0.46 0.17 0.20 0.18 2.68 2.67 0.38 0.92 1.91 2.48 2.31 0.65 0.19 0.19 0.17 2.68 2.69 0.26 0.52 0.69 0.79 1.38 1.02 2.28 0.81 0.59 0.46 2.67 2.67 0.45 0.72 0.70 0.51 1.16 1.74 2.51 2.48 1.58 0.86 2.69 2.67 0.51 0.70 0.57 0.36 0.56 1.72

I got: 2.49 2.50 1.54 2.68 2.67 0.56 0.69 0.52 0.30 0.41 1.02 1.59 1.98 1.37 2.70 2.72 0.55 0.58 0.37 0.19 0.23 0.51 0.48 0.67 0.70 1.12 1.50 2.73 0.97 0.75 0.39 0.18 0.19 0.40 0.27 0.27 0.12 0.33 0.12 0.11 0.02 0.05 0.05 0.02 0.19 0.19 0.03 0.03 0.34 0.99 1.92 2.52 2.71 1.38 0.46 0.18 0.16 0.33 0.18 0.15 0.33 0.84 1.01 1.17 2.67 2.68 0.95 0.28 0.23 0.40 0.21 0.17 0.38 0.75 0.66 0.47 1.13 2.68 2.24 0.79 0.50 0.58 0.30 0.21 0.06 0.01 0.01 0.06 0.07 0.01 0.06 0.01 0.04 0.01 0.01 0.09 0.52 0.76 0.53 0.29 0.47 0.86 2.67 2.54 2.52 1.67 0.60 0.34 0.47 0.62 0.36 0.18 0.25 0.34 2.67 2.67 1.89 1.27 0.90 0.38 0.95 0.84 0.41 0.18 0.23 0.26 2.68 2.67 0.99 1.53 2.09 1.19 1.76 0.95 0.38 0.16 0.19 0.17 2.69 2.67 0.45 1.38 2.30 2.45 1.43 0.46 0.17 0.20 0.18 2.67 2.67 0.38 0.92 1.91 2.48 2.32 0.65 0.19 0.19 0.17 2.67 2.67 0.26 0.52 0.69 0.79 1.38 1.02 2.28 0.81 0.59 0.47 2.69 2.67 0.45 0.72 0.70 0.51 1.16 1.73 2.51 2.48 1.58 0.86 2.68 2.69 0.51 0.70 0.57 0.36 0.56 1.72

I got: 2.49 2.50 1.55 2.69 2.68 0.56 0.69 0.52 0.30 0.41 1.02 1.59 1.99 1.37 2.68 2.68 0.55 0.58 0.37 0.19 0.23 0.51 0.48 0.67 0.71 1.12 1.50 2.67 0.75 0.59 0.30 0.14 0.16 0.37 0.25 0.24 0.12 0.33 0.12 0.20 0.02 0.05 0.05 0.02 0.19 0.19 0.03 0.03 0.34 0.99 1.92 2.56 2.67 1.38 0.46 0.18 0.16 0.33 0.18 0.15 0.34 0.84 1.01 1.17 2.67 2.67 0.96 0.28 0.23 0.40 0.22 0.17 0.32 0.61 0.55 0.39 0.93 2.69 1.92 0.66 0.42 0.48 0.25 0.18 0.11 0.01 0.01 0.06 0.06 0.01 0.06 0.01 0.06 0.01 0.01 0.07 0.52 0.76 0.53 0.29 0.47 0.87 2.67 2.54 2.52 1.67 0.60 0.34 0.48 0.62 0.36 0.18 0.25 0.35 2.67 2.66 1.88 1.27 0.90 0.38 0.96 0.83 0.41 0.18 0.23 0.26 2.67 2.67 0.99 1.52 2.09 1.19 1.76 0.94 0.38 0.16 0.19 0.18 2.67 2.67 0.45 1.37 2.30 2.46 1.43 0.46 0.17 0.20 0.19 2.67 2.67 0.38 0.92 1.91 2.48 2.32 0.65 0.19 0.19 0.18 2.68 2.67 0.26 0.52 0.69 0.79 1.38 1.02 2.28 0.81 0.59 0.47 2.67 2.67 0.45 0.72 0.70 0.51 1.16 1.73 2.51 2.49 1.58 0.87 2.75 2.69 0.51 0.69 0.57 0.36 0.56 1.72

I got: 2.49 2.50 1.55 2.69 2.68 0.55 0.69 0.52 0.30 0.41 1.02 1.59 1.99 1.38 2.67 2.69 0.55 0.58 0.37 0.19 0.23 0.51 0.48 0.67 0.72 1.32 1.77 2.68 0.86 0.69 0.35 0.17 0.18 0.37 0.25 0.25 0.12 0.33 0.12 0.18 0.02 0.05 0.05 0.02 0.19 0.19 0.03 0.03 0.34 0.99 1.92 2.53 2.68 1.38 0.45 0.18 0.16 0.33 0.18 0.15 0.34 0.84 1.01 1.17 2.67 2.68 0.95 0.28 0.23 0.40 0.21 0.17 0.36 0.68 0.61 0.43 1.03 2.69 2.14 0.73 0.46 0.53 0.28 0.20 0.06 0.01 0.01 0.07 0.07 0.01 0.06 0.01 0.05 0.01 0.01 0.06 0.52 0.76 0.53 0.29 0.47 0.93 2.68 2.54 2.52 1.67 0.60 0.34 0.48 0.62 0.35 0.18 0.25 0.35 2.67 2.65 1.88 1.27 0.90 0.38 0.95 0.83 0.40 0.18 0.24 0.26 2.67 2.67 0.99 1.52 2.09 1.19 1.76 0.94 0.38 0.15 0.19 0.18 2.67 2.67 0.44 1.37 2.30 2.45 1.42 0.46 0.18 0.20 0.19 2.67 2.69 0.38 0.92 1.91 2.48 2.31 0.65 0.19 0.19 0.18 2.67 2.69 0.26 0.52 0.69 0.79 1.38 1.02 2.28 0.81 0.59 0.48 2.68 2.67 0.45 0.72 0.70 0.51 1.15 1.73 2.50 2.49 1.58 0.87 2.70 2.68 0.51 0.69 0.57 0.35 0.56 1.72

I got: 2.49 2.49 1.55 2.70 2.67 0.55 0.69 0.52 0.30 0.41 1.02 1.59 1.99 1.38 2.70 2.69 0.55 0.58 0.37 0.19 0.23 0.51 0.48 0.67 0.84 1.30 1.74 2.67 0.87 0.67 0.35 0.16 0.18 0.37 0.24 0.24 0.12 0.34 0.12 0.19 0.02 0.05 0.05 0.02 0.19 0.19 0.03 0.03 0.34 0.99 1.92 2.53 2.67 1.38 0.45 0.18 0.16 0.33 0.18 0.15 0.34 0.83 1.01 1.17 2.67 2.67 0.95 0.28 0.22 0.40 0.21 0.17 0.36 0.67 0.60 0.43 1.03 2.67 2.12 0.72 0.46 0.53 0.28 0.20 0.05 0.01 0.01 0.05 0.06 0.01 0.06 0.01 0.07 0.01 0.01 0.07 0.53 0.76 0.53 0.29 0.47 0.93 2.67 2.54 2.52 1.67 0.60 0.34 0.48 0.61 0.35 0.18 0.25 0.35 2.67 2.68 1.88 1.27 0.89 0.38 0.96 0.83 0.40 0.18 0.23 0.26 2.66 2.67 0.99 1.53 2.07 1.17 1.74 0.94 0.38 0.15 0.19 0.18 2.67 2.72 0.44 1.37 2.31 2.45 1.41 0.46 0.17 0.20 0.19 2.68 2.73 0.38 0.91 1.91 2.48 2.32 0.65 0.19 0.19 0.18 2.68 2.67 0.26 0.52 0.68 0.78 1.37 1.02 2.27 0.81 0.59 0.48 2.72 2.68 0.44 0.72 0.70 0.51 1.15 1.72 2.50 2.49 1.59 0.88 2.67 2.69 0.51 0.69 0.57 0.36 0.57 1.72

I got: 2.49 2.50 1.57 2.67 2.68 0.56 0.69 0.52 0.30 0.42 1.02 1.59 1.98 1.38 2.67 2.68 0.55 0.58 0.37 0.19 0.23 0.51 0.48 0.67 0.73 1.12 1.50 2.66 0.86 0.67 0.34 0.16 0.18 0.38 0.25 0.23 0.12 0.34 0.12 0.27 0.02 0.05 0.05 0.02 0.20 0.20 0.03 0.03 0.35 0.98 1.92 2.56 2.69 1.39 0.46 0.18 0.16 0.33 0.18 0.15 0.34 0.83 1.01 1.16 2.67 2.67 0.95 0.28 0.23 0.40 0.21 0.17 0.33 0.61 0.55 0.39 0.93 2.69 1.93 0.66 0.42 0.48 0.25 0.18 0.05 0.01 0.01 0.05 0.06 0.00 0.08 0.01 0.09 0.01 0.01 0.06 0.53 0.76 0.52 0.29 0.47 0.88 2.68 2.54 2.51 1.66 0.59 0.34 0.48 0.61 0.35 0.18 0.25 0.36 2.67 2.67 1.88 1.27 0.89 0.37 0.95 0.83 0.40 0.18 0.24 0.27 2.68 2.67 0.99 1.53 2.09 1.19 1.77 0.94 0.38 0.15 0.19 0.18 2.69 2.68 0.45 1.36 2.30 2.45 1.42 0.46 0.17 0.20 0.19 2.67 2.67 0.38 0.92 1.90 2.47 2.31 0.65 0.19 0.20 0.19 2.67 2.68 0.26 0.52 0.69 0.79 1.39 1.02 2.27 0.81 0.59 0.48 2.68 2.67 0.45 0.71 0.69 0.51 1.15 1.73 2.50 2.48 1.57 0.87 2.69 2.67 0.50 0.70 0.57 0.35 0.56 1.70

I got: 2.49 2.49 1.55 2.69 2.67 0.55 0.69 0.52 0.30 0.41 1.02 1.58 1.99 1.39 2.71 2.69 0.55 0.58 0.37 0.19 0.23 0.51 0.48 0.67 0.74 1.13 1.52 2.67 0.76 0.59 0.31 0.14 0.16 0.39 0.27 0.26 0.12 0.33 0.12 0.13 0.02 0.05 0.05 0.02 0.20 0.20 0.03 0.03 0.35 0.99 1.92 2.53 2.67 1.38 0.46 0.18 0.16 0.33 0.18 0.15 0.35 0.83 1.02 1.17 2.67 2.67 0.95 0.28 0.23 0.40 0.21 0.17 0.40 0.74 0.66 0.47 1.13 2.68 2.24 0.79 0.51 0.57 0.30 0.21 0.05 0.01 0.01 0.06 0.07 0.01 0.08 0.01 0.01 0.01 0.01 0.07 0.53 0.76 0.53 0.29 0.47 0.87 2.72 2.55 2.53 1.67 0.60 0.34 0.48 0.61 0.35 0.18 0.25 0.35 2.71 2.66 1.87 1.26 0.89 0.38 0.96 0.83 0.41 0.18 0.24 0.27 2.68 2.71 0.99 1.52 2.08 1.18 1.76 0.93 0.38 0.15 0.19 0.18 2.67 2.68 0.45 1.37 2.30 2.45 1.41 0.46 0.17 0.20 0.19 2.67 2.67 0.38 0.92 1.91 2.48 2.32 0.65 0.19 0.19 0.19 2.67 2.69 51.53 0.52 0.68 0.78 1.38 1.02 2.27 0.81 0.59 0.48 2.68 2.67 0.45 0.71 0.70 0.51 1.15 1.72 2.50 2.49 1.58 0.88 2.69 2.67 0.50 0.69 0.57 0.35 0.56 1.72

I got: 2.49 2.49 1.56 2.68 2.68 0.55 0.69 0.52 0.30 0.41 1.02 1.59 1.98 1.38 2.68 2.69 0.55 0.58 0.37 0.19 0.23 0.51 0.48 0.67 0.73 1.45 1.95 2.68 0.97 0.75 0.39 0.18 0.19 0.35 0.27 0.26 0.12 0.34 0.12 0.29 0.02 0.05 0.05 0.02 0.20 0.20 0.03 0.03 0.35 0.99 1.92 2.55 2.67 1.38 0.45 0.18 0.16 0.33 0.18 0.15 0.34 0.83 1.01 1.16 2.67 2.67 0.95 0.28 0.23 0.40 0.21 0.17 0.33 0.61 0.55 0.39 0.93 2.70 1.92 0.66 0.42 0.48 0.25 0.18 0.06 0.01 0.01 0.07 0.06 0.01 0.06 0.01 0.01 0.01 0.01 0.06 0.53 0.76 0.53 0.29 0.47 0.88 2.68 2.54 2.52 1.66 0.59 0.34 0.48 0.61 0.35 0.18 0.25 0.36 2.66 2.67 1.87 1.26 0.89 0.37 0.95 0.83 0.40 0.18 0.24 0.27 2.67 2.67 0.99 1.52 2.09 1.18 1.77 0.94 0.38 0.15 0.19 0.18 2.69 2.67 0.44 1.37 2.30 2.45 1.41 0.46 0.17 0.20 0.19 2.67 2.68 0.38 0.92 1.90 2.47 2.31 0.65 0.19 0.19 0.19 2.68 2.68 0.26 0.52 0.69 0.79 1.38 1.02 2.27 0.81 0.59 0.48 2.66 2.68 0.44 0.71 0.69 0.50 1.15 1.72 2.50 2.48 1.57 0.87 2.67 2.69 0.50 0.69 0.57 0.35 0.56 1.71

I got: 2.49 2.49 1.56 2.68 2.68 0.55 0.69 0.52 0.30 0.41 1.02 1.58 1.98 1.39 2.70 2.70 0.55 0.58 0.37 0.19 0.23 0.51 0.48 0.67 0.74 1.43 1.91 2.69 0.94 0.72 0.36 0.17 0.19 0.38 0.26 0.26 0.12 0.34 0.12 0.15 0.03 0.05 0.05 0.02 0.20 0.20 0.03 0.03 0.35 0.99 1.92 2.55 2.68 1.37 0.45 0.17 0.16 0.33 0.18 0.15 0.34 0.84 1.02 1.17 2.67 2.71 0.95 0.28 0.23 0.40 0.21 0.17 0.33 0.62 0.55 0.39 0.94 2.68 1.93 0.66 0.42 0.48 0.25 0.18 0.06 0.01 0.01 0.05 0.07 0.01 0.05 0.01 0.01 0.01 0.01 0.05 0.53 0.76 0.53 0.29 0.47 0.88 2.67 2.54 2.52 1.67 0.60 0.34 0.48 0.60 0.35 0.18 0.25 0.36 2.67 2.67 1.86 1.26 0.88 0.37 0.96 0.83 0.40 0.18 0.24 0.27 2.68 2.68 0.99 1.52 2.08 1.18 1.76 0.93 0.38 0.15 0.19 0.19 2.67 2.67 0.44 1.37 2.30 2.45 1.41 0.46 0.17 0.20 0.20 2.67 2.67 0.38 0.91 1.90 2.47 2.31 0.65 0.19 0.19 0.19 2.67 2.68 0.26 0.52 0.69 0.78 1.38 1.02 2.27 0.81 0.59 0.49 2.68 2.67 0.44 0.71 0.70 0.50 1.15 1.72 2.49 2.48 1.57 0.88 2.68 2.67 0.50 0.69 0.57 0.35 0.56 1.71

I got: 2.49 2.49 1.56 2.70 2.68 0.56 0.69 0.52 0.30 0.41 1.02 1.59 1.98 1.38 2.70 2.69 0.55 0.58 0.37 0.19 0.23 0.51 0.48 0.67 0.74 1.14 1.51 2.66 0.76 0.59 0.31 0.14 0.17 0.34 0.25 0.25 0.12 0.34 0.12 0.16 0.03 0.05 0.05 0.02 0.20 0.20 0.03 0.03 0.35 0.98 1.91 2.55 2.68 1.38 0.45 0.17 0.16 0.33 0.18 0.15 0.34 0.83 1.01 1.16 2.68 2.67 0.95 0.28 0.22 0.40 0.21 0.17 0.33 0.61 0.55 0.39 0.94 2.69 1.93 0.65 0.42 0.48 0.25 0.18 0.06 0.01 0.01 0.06 0.06 0.01 0.06 0.01 0.02 0.01 0.01 0.07 0.53 0.76 0.52 0.29 0.47 0.88 2.68 2.54 2.52 1.66 0.59 0.34 0.48 0.60 0.35 0.17 0.25 0.36 2.67 2.66 1.85 1.26 0.88 0.37 0.96 0.82 0.40 0.18 0.24 0.28 2.67 2.67 0.99 1.52 2.08 1.18 1.77 0.94 0.38 0.15 0.19 0.19 2.68 2.67 0.45 1.37 2.30 2.45 1.41 0.46 0.17 0.20 0.20 2.67 2.68 0.38 0.92 1.90 2.48 2.31 0.65 0.19 0.19 0.19 2.69 2.68 0.26 0.52 0.69 0.79 1.38 1.02 2.27 0.80 0.59 0.49 2.68 2.68 0.44 0.71 0.69 0.50 1.15 1.72 2.50 2.49 1.57 0.88 2.67 2.68 0.50 0.69 0.57 0.35 0.56 1.71

I got: 2.49 2.49 1.56 2.68 2.67 0.55 0.69 0.52 0.30 0.41 1.02 1.58 1.98 1.39 2.75 2.69 0.55 0.58 0.37 0.19 0.23 0.51 0.48 0.67 0.75 1.14 1.51 2.66 0.76 0.59 0.31 0.14 0.16 0.35 0.21 0.21 0.13 0.34 0.12 0.28 0.03 0.05 0.05 0.02 0.20 0.20 0.03 0.03 0.35 0.99 1.92 2.55 2.67 1.37 0.45 0.17 0.16 0.33 0.18 0.15 0.34 0.83 1.01 1.17 2.67 2.68 0.95 0.28 0.23 0.40 0.21 0.17 0.33 0.61 0.55 0.39 0.94 2.69 1.93 0.65 0.42 0.48 0.25 0.18 0.07 0.01 0.01 0.06 0.06 0.01 0.01 0.01 0.01 0.01 0.01 0.06 0.53 0.75 0.52 0.29 0.47 0.88 2.68 2.54 2.52 1.66 0.59 0.34 0.47 0.60 0.35 0.17 0.25 0.36 2.67 2.67 1.85 1.25 0.88 0.37 0.95 0.82 0.41 0.18 0.24 0.28 2.68 2.67 0.99 1.52 2.09 1.18 1.76 0.94 0.38 0.15 0.19 0.19 2.67 2.68 0.45 1.37 2.30 2.45 1.41 0.46 0.17 0.20 0.20 2.67 2.67 0.38 0.91 1.90 2.47 2.31 0.64 0.19 0.19 0.19 2.68 2.68 0.26 0.52 0.68 0.78 1.38 1.01 2.27 0.80 0.59 0.49 2.67 2.69 0.44 0.71 0.69 0.50 1.14 1.72 2.49 2.48 1.57 0.88 2.67 2.68 0.50 0.69 0.57 0.35 0.56 1.71

