I got: 2.48 1.09 0.44 2.74 2.70 0.44 0.60 0.48 0.28 0.31 1.05 1.56 0.90 0.03 2.77 2.72 0.27 0.31 0.21 0.11 0.07 0.38 0.31 0.46 0.31 0.03 0.71 2.69 0.44 0.33 0.17 0.07 0.12 0.33 0.10 0.11 0.28 0.41 0.07 0.39 0.02 0.05 0.06 0.01 0.28 0.28 0.04 0.05 0.19 0.90 0.41 2.13 2.68 1.39 0.46 0.17 0.06 0.42 0.17 0.14 0.23 0.91 0.42 0.03 2.68 2.68 0.87 0.26 0.13 0.47 0.21 0.17 0.18 0.57 0.25 0.01 0.53 2.70 1.36 0.49 0.26 0.43 0.20 0.15 0.01 0.06 0.07 0.07 0.01 0.01 0.06 0.01 0.01 0.01 0.04 0.05 0.41 0.90 0.36 0.02 0.25 0.82 2.69 51.53 2.36 1.59 0.55 0.32 0.20 0.71 0.24 0.03 0.09 0.18 2.66 2.67 1.39 0.96 0.67 0.28 0.78 0.94 0.31 0.02 0.10 0.21 2.68 2.67 0.88 1.33 1.93 1.06 1.51 1.05 0.31 0.02 0.07 0.13 2.67 2.68 0.42 1.23 2.22 2.25 1.52 0.38 0.02 0.07 0.14 2.67 2.68 0.37 0.85 1.74 2.29 2.18 0.38 0.02 0.04 0.09 2.68 2.69 0.18 0.35 0.45 0.51 0.88 0.65 2.19 0.02 0.16 0.35 2.68 2.68 0.45 0.70 0.67 0.46 0.97 1.52 2.58 2.17 0.20 0.49 2.71 2.71 0.50 0.70 0.60 0.36 0.51 1.82

I got: 2.48 1.09 0.44 2.69 2.70 0.44 0.60 0.48 0.27 0.31 1.05 1.57 0.90 0.03 2.71 2.71 0.27 0.31 0.21 0.11 0.07 0.38 0.31 0.46 0.30 0.03 0.71 2.67 0.44 0.33 0.17 0.07 0.12 0.34 0.10 0.11 0.28 0.42 0.08 0.39 0.03 0.05 0.06 0.01 0.29 0.28 0.04 0.05 0.19 0.90 0.41 2.14 2.67 1.39 0.46 0.17 0.06 0.42 0.17 0.14 0.23 0.92 0.42 0.03 2.67 2.69 0.87 0.26 0.13 0.47 0.21 0.16 0.18 0.57 0.25 0.01 0.52 2.70 1.36 0.49 0.27 0.43 0.20 0.15 0.01 0.07 0.06 0.06 0.01 0.01 0.08 0.01 0.01 0.01 0.04 0.06 0.41 0.90 0.36 0.02 0.25 0.82 2.68 2.38 2.36 1.59 0.55 0.32 0.20 0.71 0.24 0.02 0.09 0.18 2.68 2.67 1.39 0.96 0.66 0.28 0.78 0.94 0.31 0.02 0.10 0.21 2.69 2.68 0.88 1.33 1.93 1.06 1.51 1.05 0.31 0.02 0.07 0.13 2.69 2.69 0.42 1.23 2.22 2.25 1.52 0.38 0.02 0.07 0.14 2.69 2.69 0.37 0.85 1.74 2.29 2.19 0.38 0.02 0.04 0.09 2.68 2.72 0.18 0.35 0.45 0.51 0.88 0.65 2.20 0.02 0.16 0.35 2.69 2.73 0.45 0.70 0.67 0.46 0.96 1.51 2.59 2.17 0.20 0.49 2.70 2.70 0.51 0.71 0.60 0.36 0.51 1.82

I got: 2.48 1.09 0.44 2.74 2.69 0.44 0.60 0.48 0.27 0.31 1.05 1.57 0.90 0.03 2.75 2.71 0.27 0.31 0.21 0.11 0.07 0.38 0.31 0.46 0.30 0.03 0.71 2.68 0.44 0.33 0.17 0.07 0.13 0.33 0.10 0.11 0.28 0.42 0.08 0.39 0.02 0.05 0.06 0.01 0.29 0.28 0.04 0.05 0.19 0.90 0.41 2.14 2.68 1.39 0.46 0.17 0.06 0.42 0.17 0.14 0.23 0.92 0.42 0.03 2.69 2.69 0.87 0.26 0.13 0.47 0.21 0.17 0.18 0.57 0.25 0.02 0.52 2.69 1.36 0.49 0.26 0.43 0.20 0.15 0.01 0.06 0.08 0.05 0.01 0.01 0.05 0.01 0.01 0.01 0.05 0.06 0.41 0.90 0.36 0.02 0.25 0.82 2.69 2.38 2.36 1.59 0.55 0.32 0.20 0.71 0.24 0.03 0.09 0.18 2.66 2.67 1.39 0.96 0.67 0.28 0.78 0.94 0.31 0.02 0.10 0.21 2.67 2.67 0.88 1.33 1.93 1.06 1.51 1.05 0.31 0.02 0.07 0.13 2.67 2.68 0.42 1.23 2.22 2.25 1.52 0.38 0.02 0.07 0.14 2.67 2.67 0.37 0.85 1.74 2.29 2.19 0.38 0.02 0.04 0.09 2.69 2.69 0.18 0.35 0.45 0.51 0.88 0.65 2.19 0.02 0.16 0.35 2.70 2.68 0.45 0.70 0.67 0.46 0.97 1.52 2.58 2.18 0.20 0.49 2.69 2.70 0.50 0.71 0.60 0.36 0.51 1.82

I got: 2.48 1.09 0.44 2.68 2.68 0.44 0.60 0.48 0.27 0.31 1.06 1.57 0.90 0.03 2.72 2.71 0.27 0.30 0.21 0.11 0.07 0.38 0.31 0.46 0.30 0.03 0.71 2.67 0.44 0.33 0.17 0.07 0.12 0.33 0.10 0.11 0.28 0.41 0.07 0.39 0.03 0.05 0.06 0.01 0.29 0.28 0.04 0.05 0.19 0.89 0.41 2.14 2.67 1.39 0.46 0.17 0.06 0.42 0.17 0.14 0.23 0.92 0.42 0.03 2.68 2.69 0.87 0.26 0.13 0.46 0.21 0.17 0.18 0.57 0.25 0.01 0.52 2.72 1.36 0.49 0.27 0.43 0.20 0.15 0.01 0.07 0.07 0.07 0.01 0.01 0.08 0.01 0.01 0.01 0.04 0.06 0.41 0.90 0.36 0.02 0.25 0.82 2.67 2.39 2.36 1.59 0.55 0.32 0.20 0.71 0.24 0.02 0.09 0.18 2.68 2.68 1.39 0.96 0.67 0.28 0.78 0.94 0.31 0.02 0.10 0.21 2.74 2.69 0.88 1.33 1.93 1.06 1.51 1.05 0.31 0.02 0.07 0.13 2.69 2.69 0.42 1.23 2.23 2.25 1.52 0.38 0.02 0.07 0.14 2.68 2.72 0.37 0.85 1.74 2.29 2.19 0.38 0.02 0.04 0.09 2.69 2.67 0.18 0.35 0.45 0.51 0.88 0.65 2.20 0.02 0.16 0.35 2.70 2.68 0.45 0.70 0.67 0.46 0.97 1.52 2.58 2.18 0.20 0.48 2.71 2.70 0.50 0.71 0.60 0.36 0.51 1.82

I got: 2.48 1.09 0.44 2.68 2.68 0.44 0.60 0.48 0.27 0.32 1.05 1.57 0.90 0.03 2.72 2.72 0.27 0.31 0.21 0.11 0.07 0.38 0.31 0.46 0.30 0.03 0.71 2.66 0.44 0.33 0.17 0.07 0.12 0.33 0.10 0.11 0.28 0.42 0.07 0.39 0.02 0.05 0.06 0.01 0.29 0.28 0.04 0.05 0.19 0.90 0.41 2.14 2.68 51.53 0.46 0.17 0.06 0.42 0.17 0.14 0.23 0.92 0.42 0.03 2.68 2.68 0.87 0.26 0.12 0.47 0.21 0.17 0.18 0.57 0.25 0.01 0.52 2.72 1.35 0.49 0.27 0.43 0.20 0.15 0.01 0.06 0.07 0.07 0.01 0.01 0.06 0.01 0.01 0.01 0.07 0.06 0.41 0.91 0.36 0.02 0.25 0.82 2.68 2.38 2.36 1.59 0.55 0.32 0.20 0.71 0.24 0.02 0.09 0.18 2.68 2.68 1.39 0.96 0.67 0.28 0.78 0.94 0.31 0.02 0.10 0.21 2.69 2.68 0.88 1.33 1.94 1.06 1.51 1.05 0.31 0.02 0.07 0.13 2.69 2.68 0.42 1.23 2.22 2.25 1.52 0.38 0.02 0.08 0.14 2.69 2.69 0.37 0.85 1.74 2.29 2.19 0.38 0.02 0.04 0.09 2.69 2.68 0.18 0.35 0.45 0.51 0.88 0.65 2.19 0.02 0.16 0.35 2.68 2.69 0.45 0.70 0.67 0.46 0.97 1.51 2.58 2.17 0.20 0.48 2.69 2.69 0.50 0.70 0.60 0.36 0.51 1.82

I got: 2.48 1.09 0.44 2.71 2.70 0.44 0.60 0.48 0.27 0.32 1.06 1.57 0.90 0.03 2.71 2.71 0.27 0.31 0.21 0.11 0.07 0.38 0.31 0.46 0.30 0.03 0.71 2.68 0.44 0.33 0.17 0.07 0.12 0.33 0.10 0.11 0.29 0.42 0.07 0.39 0.02 0.05 0.06 0.01 0.29 0.28 0.04 0.05 0.19 0.90 0.41 2.14 2.68 1.39 0.46 0.17 0.06 0.42 0.17 0.14 0.23 0.91 0.42 0.03 2.68 2.68 0.87 0.26 0.12 0.47 0.21 0.17 0.18 0.57 0.25 0.01 0.52 2.74 1.35 0.49 0.26 0.43 0.20 0.15 0.01 0.06 0.06 0.06 0.01 0.01 0.06 0.01 0.01 0.01 0.09 0.05 0.41 0.91 0.36 0.02 0.25 0.81 2.68 2.38 2.36 1.60 0.55 0.32 0.20 0.72 0.24 0.02 0.09 0.18 2.69 2.66 1.39 0.96 0.67 0.28 0.77 0.95 0.31 0.02 0.10 0.21 2.70 2.67 0.89 1.33 1.94 1.06 1.50 1.06 0.31 0.02 0.07 0.13 2.68 2.68 0.42 1.23 2.22 2.25 1.52 0.38 0.02 0.07 0.14 2.68 2.68 0.37 0.85 1.74 2.29 2.19 0.38 0.02 0.04 0.09 2.68 2.69 0.18 0.35 0.45 0.51 0.88 0.65 2.20 0.02 0.16 0.35 2.70 2.68 0.45 0.70 0.67 0.46 0.97 1.51 2.58 2.18 0.20 0.48 2.70 2.71 0.50 0.71 0.60 0.36 0.51 1.82

I got: 2.48 1.09 0.44 2.68 2.68 0.44 0.60 0.48 0.27 0.31 1.06 1.57 0.90 0.03 2.71 2.72 0.27 0.30 0.21 0.11 0.07 0.38 0.31 0.46 0.30 0.03 0.71 2.67 0.44 0.33 0.17 0.07 0.12 0.34 0.10 0.10 0.28 0.42 0.07 0.39 0.02 0.05 0.06 0.01 0.29 0.28 0.04 0.05 0.19 0.90 0.41 2.14 2.68 1.40 0.46 0.17 0.06 0.42 0.17 0.14 0.22 0.92 0.42 0.03 2.68 2.68 0.87 0.26 0.12 0.47 0.21 0.16 0.18 0.57 0.25 0.01 0.52 2.71 1.35 0.49 0.26 0.43 0.20 0.15 0.01 0.06 0.09 0.06 0.01 0.01 0.06 0.01 0.01 0.01 0.06 0.05 0.41 0.90 0.36 0.02 0.25 0.82 2.68 2.38 2.36 1.60 0.55 0.32 0.20 0.71 0.24 0.02 0.09 0.18 2.68 2.68 1.39 0.96 0.67 0.28 0.78 0.94 0.31 0.02 0.10 0.21 2.70 2.69 0.88 1.33 1.93 1.06 1.51 1.05 0.31 0.02 0.07 0.13 2.69 2.68 0.42 1.24 2.23 2.25 1.52 0.38 0.02 0.08 0.14 2.69 2.68 0.37 0.85 1.74 2.29 2.18 0.38 0.02 0.04 0.09 2.69 2.67 0.18 0.35 0.45 0.51 0.88 0.65 2.19 0.02 0.16 0.35 2.68 2.68 0.45 0.70 0.67 0.46 0.96 1.51 2.58 2.17 0.20 0.49 2.71 2.70 0.51 0.70 0.60 0.36 0.51 1.82

I got: 2.49 1.09 0.45 2.71 2.68 0.44 0.60 0.48 0.28 0.32 1.06 1.57 0.90 0.03 2.72 2.72 0.27 0.31 0.21 0.11 0.07 0.38 0.31 0.46 0.30 0.03 0.71 2.66 0.44 0.33 0.17 0.07 0.12 0.33 0.10 0.10 0.29 0.42 0.07 0.39 0.02 0.05 0.06 0.01 0.29 0.28 0.04 0.05 0.19 0.90 0.41 2.14 2.73 1.39 0.46 0.17 0.06 0.42 0.17 0.14 0.23 0.92 0.42 0.03 2.69 2.70 0.87 0.26 0.12 0.47 0.21 0.17 0.18 0.57 0.25 0.01 0.52 2.74 1.35 0.48 0.26 0.43 0.20 0.15 0.01 0.08 0.06 0.05 0.01 0.01 0.06 0.01 0.01 0.01 0.03 0.07 0.41 0.90 0.36 0.02 0.25 0.82 2.67 2.38 2.36 1.60 0.55 0.32 0.19 0.71 0.24 0.02 0.09 0.18 2.68 2.67 1.39 0.96 0.67 0.28 0.78 0.94 0.31 0.02 0.10 0.21 2.69 2.68 0.88 1.33 1.94 1.06 1.50 1.05 0.31 0.02 0.07 0.13 2.69 2.68 0.42 1.24 2.22 2.25 1.52 0.38 0.02 0.07 0.14 2.69 2.69 0.37 0.85 1.75 2.29 2.19 0.38 0.02 0.04 0.09 2.69 2.68 0.18 0.35 0.45 0.51 0.88 0.65 2.20 0.02 0.16 0.35 2.69 2.69 0.45 0.70 0.67 0.46 0.96 1.51 2.58 2.18 0.20 0.48 2.69 2.68 0.50 0.71 0.60 0.36 0.52 1.82

I got: 2.48 1.09 0.44 2.71 2.70 0.44 0.60 0.48 0.28 0.31 1.06 1.57 0.90 0.03 2.71 2.71 0.27 0.31 0.21 0.11 0.07 0.38 0.31 0.46 0.30 0.03 0.71 2.68 0.44 0.33 0.17 0.07 0.12 0.34 0.10 0.11 0.29 0.42 0.07 0.39 0.02 0.05 0.06 0.01 0.29 0.28 0.04 0.05 0.19 0.90 0.41 2.15 2.68 1.39 0.46 0.17 0.06 0.42 0.17 0.14 0.23 0.92 0.42 0.03 2.69 2.67 0.87 0.26 0.12 0.47 0.21 0.17 0.18 0.57 0.25 0.01 0.52 2.70 1.35 0.48 0.26 0.43 0.20 0.15 0.01 0.06 0.06 0.08 0.01 0.01 0.06 0.01 0.01 0.01 0.07 0.07 0.41 0.90 0.36 0.02 0.25 0.81 2.69 2.38 2.36 1.59 0.55 0.32 0.19 0.72 0.24 0.02 0.09 0.18 2.67 2.67 1.39 0.96 0.67 0.28 0.77 0.94 0.31 0.02 0.10 0.20 2.67 2.67 0.88 1.33 1.93 1.06 1.50 1.05 0.31 0.02 0.07 0.13 2.67 2.68 0.42 1.24 2.22 2.25 1.52 0.38 0.02 0.07 0.14 2.67 2.68 0.37 0.85 1.74 2.29 2.19 0.38 0.02 0.04 0.09 2.68 2.69 0.18 0.35 0.45 0.51 0.88 0.65 2.20 0.02 0.16 0.35 2.69 2.69 0.45 0.70 0.67 0.46 0.96 1.51 2.58 2.18 0.20 0.48 2.71 2.69 0.50 0.71 0.59 0.36 0.51 1.82

I got: 2.48 1.09 0.44 2.68 2.76 0.44 0.60 0.48 0.28 0.31 1.06 1.57 0.90 0.03 2.71 2.75 0.27 0.30 0.21 0.11 0.07 0.38 0.31 0.46 0.30 0.03 0.71 2.67 0.44 0.33 0.17 0.07 0.13 0.34 0.10 0.10 0.29 0.42 0.07 0.39 0.02 0.05 0.06 0.01 0.29 0.29 0.04 0.05 0.19 0.90 0.41 2.15 2.67 1.39 0.46 0.17 0.06 0.42 0.17 0.14 0.23 0.92 0.42 0.03 2.68 2.69 0.87 0.26 0.13 0.47 0.21 0.16 0.18 0.57 0.25 0.01 0.52 2.69 1.34 0.48 0.26 0.43 0.20 0.15 0.01 0.06 0.05 0.05 0.01 0.01 0.06 0.01 0.01 0.01 0.06 0.06 0.41 0.91 0.36 0.02 0.25 0.82 2.67 2.38 2.36 1.60 0.55 0.32 0.19 0.71 0.24 0.02 0.09 0.18 2.68 2.68 1.39 0.96 0.67 0.28 0.78 0.95 0.31 0.02 0.10 0.21 2.69 2.68 0.88 1.33 1.93 1.06 1.50 1.05 0.31 0.02 0.07 0.13 2.68 2.68 0.42 1.24 2.22 2.25 1.52 0.38 0.02 0.08 0.14 2.69 2.68 0.37 0.85 1.74 2.29 2.19 0.38 0.02 0.04 0.09 2.68 2.67 0.18 0.35 0.45 0.51 0.88 0.65 2.19 0.02 0.16 0.35 2.68 2.69 0.45 0.70 0.67 0.46 0.96 1.51 2.58 2.17 0.20 0.48 2.70 2.69 0.50 0.71 0.60 0.36 0.52 1.82

I got: 2.48 1.09 0.44 2.71 2.69 0.44 0.60 0.48 0.28 0.32 1.06 1.57 0.90 0.03 2.72 2.71 0.27 0.30 0.21 0.11 0.07 0.38 0.31 0.46 0.30 0.03 0.71 2.67 0.44 0.33 0.17 0.07 0.12 0.33 0.10 0.11 0.29 0.42 0.07 0.39 0.02 0.05 0.06 0.01 0.29 0.28 0.04 0.05 0.19 0.90 0.41 2.15 2.68 1.39 0.46 0.17 0.06 0.42 0.17 0.14 0.23 0.92 0.42 0.03 2.69 2.68 0.87 0.26 0.12 0.47 0.21 0.17 0.18 0.57 0.25 0.01 0.52 2.72 1.34 0.48 0.26 0.43 0.20 0.14 0.01 0.05 0.07 0.07 0.01 0.01 0.08 0.01 0.01 0.01 0.04 0.07 0.41 0.91 0.36 0.02 0.25 0.81 2.69 2.38 2.36 1.60 0.55 0.32 0.19 0.71 0.24 0.02 0.09 0.18 2.67 2.67 1.39 0.96 0.67 0.28 0.78 0.95 0.31 0.02 0.10 0.21 2.68 2.68 0.88 1.33 1.94 1.06 1.50 1.05 0.31 0.02 0.07 0.13 2.68 2.68 0.42 1.23 2.22 2.25 1.52 0.38 0.02 0.07 0.14 2.68 2.67 0.37 0.85 1.74 2.30 2.18 0.38 0.02 0.04 0.08 2.72 2.68 0.18 0.35 0.45 0.51 0.87 0.65 2.20 0.02 0.16 0.35 2.68 2.69 0.45 0.70 0.67 0.46 0.97 1.51 2.58 2.18 0.20 0.48 2.70 2.69 0.50 0.71 0.60 0.36 0.51 1.82

I got: 2.49 1.10 0.44 2.70 2.70 0.44 0.60 0.48 0.28 0.32 1.06 1.57 0.90 0.03 2.73 2.71 0.27 0.30 0.21 0.11 0.07 0.38 0.31 0.46 0.30 0.03 0.71 2.69 0.44 0.33 0.17 0.07 0.12 0.33 0.10 0.11 0.29 0.42 0.07 0.39 0.02 0.05 0.06 0.01 0.29 0.28 0.04 0.05 0.19 0.90 0.41 2.15 2.68 1.39 0.46 0.17 0.06 0.42 0.17 0.14 0.22 0.92 0.42 0.03 2.69 2.68 0.87 0.26 0.12 0.47 0.21 0.17 0.18 0.57 0.25 0.01 0.52 2.71 1.34 0.48 0.26 0.43 0.20 0.14 0.01 0.05 0.08 0.05 0.01 0.01 0.06 0.01 0.01 0.01 0.05 0.06 0.41 0.91 0.36 0.02 0.25 0.81 2.69 2.38 2.36 1.60 0.55 0.32 0.19 0.71 0.24 0.02 0.09 0.18 2.67 2.67 1.39 0.96 0.66 0.28 0.78 0.95 0.31 0.02 0.10 0.20 2.68 2.67 0.88 1.33 1.94 1.06 1.50 1.05 0.31 0.02 0.07 0.12 2.68 2.67 0.42 1.23 2.22 2.25 1.53 0.38 0.02 0.07 0.14 2.68 2.67 0.37 0.85 1.74 2.29 2.18 0.38 0.02 0.04 0.08 2.68 2.67 0.18 0.35 0.45 0.51 0.88 0.65 2.20 0.02 0.16 0.35 2.67 2.68 0.45 0.70 0.67 0.46 0.97 1.52 2.58 2.18 0.20 0.48 2.70 2.69 0.50 0.70 0.59 0.36 0.51 1.82

I got: 2.48 1.09 0.44 2.70 2.70 0.44 0.60 0.48 0.27 0.32 1.06 1.58 0.90 0.03 2.73 2.71 0.27 0.30 0.21 0.11 0.07 0.38 0.30 0.45 0.29 0.03 0.70 2.68 0.44 0.33 0.17 0.07 0.12 0.33 0.10 0.10 0.29 0.42 0.07 0.39 0.02 0.05 0.06 0.01 0.29 0.28 0.04 0.05 0.19 0.91 0.41 2.15 2.67 1.39 0.46 0.17 0.06 0.42 0.17 0.14 0.22 0.92 0.42 0.03 2.68 2.69 0.87 0.26 0.13 0.47 0.21 0.17 0.18 0.57 0.25 0.01 0.52 2.70 1.33 0.48 0.26 0.42 0.20 0.14 0.01 0.05 0.07 0.05 0.01 0.01 0.07 0.01 0.01 0.01 0.03 0.05 0.41 0.91 0.36 0.02 0.25 0.81 2.68 2.39 2.36 1.60 0.55 0.32 0.19 0.72 0.24 0.03 0.09 0.18 2.68 2.68 1.39 0.96 0.66 0.28 0.77 0.95 0.31 0.02 0.10 0.20 2.69 2.72 0.88 1.33 1.94 1.06 1.50 1.05 0.31 0.02 0.07 0.13 2.68 2.68 0.42 1.24 2.22 2.25 1.53 0.38 0.02 0.08 0.14 2.72 2.69 0.37 0.85 1.74 2.29 2.19 0.38 0.02 0.04 0.09 2.69 2.69 0.18 0.35 0.45 0.51 0.88 0.65 2.20 0.02 0.16 0.35 2.69 2.68 0.45 0.70 0.67 0.46 0.96 1.51 2.58 2.17 0.20 0.48 2.70 2.69 0.50 0.70 0.60 0.36 0.51 1.82

