I got: 2.35 1.07 0.36 2.69 2.69 0.42 0.58 0.47 0.27 0.30 1.04 1.52 0.96 0.08 2.71 2.70 0.26 0.31 0.22 0.12 0.08 0.40 0.33 0.48 0.36 0.12 0.52 2.68 0.43 0.32 0.16 0.07 0.13 0.33 0.10 0.11 0.27 0.40 0.04 0.37 0.02 0.05 0.05 0.01 0.29 0.28 0.04 0.05 0.17 0.69 0.37 1.86 2.67 1.30 0.42 0.15 0.05 0.38 0.14 0.12 0.23 0.80 0.36 0.08 2.68 2.68 0.87 0.26 0.12 0.46 0.20 0.16 0.21 0.57 0.26 0.01 0.44 2.71 1.43 0.53 0.29 0.46 0.22 0.16 0.01 0.06 0.06 0.06 0.01 0.01 0.06 0.01 0.01 0.01 0.07 0.06 0.44 0.87 0.35 0.01 0.17 0.82 2.73 2.38 2.36 1.60 0.55 0.33 0.23 0.69 0.23 0.01 0.06 0.20 2.68 2.69 1.40 0.96 0.67 0.28 0.80 0.92 0.32 0.01 0.06 0.22 2.68 2.67 0.89 1.33 1.92 1.06 1.53 1.04 0.32 0.01 0.04 0.15 2.68 2.68 0.42 1.25 2.22 2.25 1.50 0.39 0.01 0.04 0.16 2.67 2.67 0.37 0.86 1.74 2.29 2.19 0.39 0.01 0.02 0.12 2.70 2.68 0.19 0.37 0.47 0.53 0.91 0.67 2.18 0.15 0.08 0.29 2.68 2.68 0.45 0.71 0.68 0.47 0.96 1.51 2.44 1.97 0.15 0.33 2.69 2.68 0.45 0.65 0.55 0.33 0.45 1.69

I got: 2.34 1.07 0.36 2.68 2.70 0.41 0.58 0.47 0.27 0.30 1.04 1.51 0.96 0.09 2.71 2.71 0.26 0.31 0.22 0.12 0.08 0.40 0.33 0.48 0.36 0.12 0.52 2.68 0.43 0.32 0.16 0.07 0.12 0.33 0.10 0.11 0.27 0.40 0.04 0.37 0.02 0.05 0.05 0.01 0.29 0.28 0.04 0.05 0.17 0.69 0.37 1.86 2.67 1.30 0.42 0.15 0.05 0.38 0.14 0.12 0.23 0.80 0.35 0.08 2.67 2.68 0.87 0.26 0.12 0.46 0.20 0.16 0.21 0.58 0.25 0.01 0.44 2.69 1.43 0.53 0.28 0.47 0.22 0.16 0.01 0.06 0.05 0.07 0.01 0.01 0.06 0.01 0.01 0.01 0.07 0.07 0.44 0.88 0.35 0.01 0.17 0.82 2.69 2.37 2.35 1.60 0.55 0.33 0.23 0.69 0.23 0.01 0.06 0.20 2.67 2.66 1.40 0.96 0.67 0.28 0.80 0.92 0.32 0.01 0.06 0.22 2.69 2.69 0.89 1.33 1.92 1.06 1.53 1.04 0.32 0.01 0.04 0.15 2.67 2.67 0.42 1.25 2.22 2.25 1.50 0.39 0.01 0.04 0.16 2.68 2.69 0.37 0.86 1.74 2.29 2.19 0.40 0.01 0.03 0.13 2.70 2.68 0.19 0.37 0.47 0.53 0.91 0.67 2.17 0.15 0.08 0.29 2.70 2.67 0.45 0.71 0.67 0.47 0.96 1.50 2.44 1.97 0.15 0.33 2.68 2.69 0.45 0.65 0.55 0.33 0.45 1.69

I got: 2.35 1.07 0.36 2.70 2.68 0.42 0.58 0.47 0.27 0.30 1.04 1.52 0.96 0.09 2.71 2.69 0.26 0.31 0.22 0.12 0.07 0.40 0.33 0.48 0.35 0.12 0.52 2.67 0.43 0.32 0.16 0.07 0.13 0.33 0.10 0.11 0.27 0.40 0.04 0.37 0.03 0.05 0.06 0.01 0.29 0.29 0.04 0.05 0.17 0.70 0.37 1.86 2.68 1.30 0.42 0.15 0.05 0.38 0.14 0.12 0.23 0.81 0.35 0.08 2.69 2.69 0.87 0.26 0.12 0.47 0.20 0.16 0.21 0.57 0.25 0.01 0.44 2.70 1.43 0.53 0.28 0.47 0.22 0.16 0.01 0.05 0.07 0.05 0.01 0.01 0.06 0.01 0.01 0.01 0.05 0.05 0.44 0.87 0.35 0.01 0.17 0.82 2.67 2.37 2.35 1.60 0.55 0.33 0.23 0.69 0.23 0.01 0.06 0.20 2.68 2.68 1.40 0.96 0.67 0.28 0.80 0.92 0.32 0.01 0.06 0.22 2.67 2.67 0.89 1.33 1.92 1.06 1.53 1.04 0.32 0.01 0.04 0.15 2.68 2.67 0.42 1.25 2.22 2.25 1.50 0.39 0.01 0.04 0.16 2.68 2.68 0.37 0.86 1.74 2.29 2.18 0.39 0.01 0.02 0.12 2.69 2.68 0.19 0.37 0.47 0.53 0.91 0.67 2.17 0.15 0.08 0.29 2.67 2.68 0.45 0.71 0.68 0.47 0.96 1.51 2.44 1.97 0.16 0.33 2.70 2.69 0.45 0.65 0.56 0.34 0.45 1.70

I got: 2.35 1.07 0.36 2.68 2.70 0.42 0.58 0.47 0.27 0.30 1.04 1.52 0.96 0.09 2.71 2.71 0.26 0.31 0.22 0.12 0.08 0.40 0.33 0.49 0.35 0.12 0.52 2.68 0.43 0.32 0.16 0.07 0.13 0.33 0.10 0.11 0.26 0.40 0.04 0.37 0.02 0.06 0.05 0.01 0.29 0.28 0.04 0.05 0.17 0.69 0.37 1.86 2.68 1.30 0.42 0.16 0.06 0.38 0.14 0.12 0.23 0.80 0.35 0.08 2.68 2.68 0.88 0.26 0.12 0.47 0.20 0.16 0.21 0.57 0.25 0.01 0.44 2.69 1.42 0.53 0.29 0.47 0.22 0.16 0.01 0.07 0.07 0.07 0.01 0.01 0.06 0.01 0.01 0.01 0.06 0.06 0.44 0.88 0.35 0.01 0.17 0.82 2.69 2.37 2.36 1.60 0.55 0.33 0.23 0.69 0.23 0.01 0.06 0.21 2.67 2.67 1.40 0.96 0.67 0.28 0.80 0.93 0.32 0.01 0.06 0.22 2.69 2.68 0.89 1.33 1.92 1.06 1.53 1.04 0.32 0.01 0.04 0.15 2.68 2.68 0.42 1.25 2.22 2.26 1.51 0.39 0.02 0.04 0.16 2.69 2.68 0.37 0.86 1.74 2.29 2.18 0.39 0.01 0.03 0.12 2.67 2.68 0.19 0.37 0.47 0.53 0.91 0.67 2.18 0.15 0.08 0.29 2.70 2.68 0.45 0.71 0.68 0.47 0.96 1.51 2.44 1.97 0.15 0.33 2.70 2.69 0.45 0.65 0.56 0.33 0.46 1.69

I got: 2.35 1.07 0.36 2.75 2.68 0.42 0.58 0.47 0.27 0.30 1.03 1.52 0.95 0.08 2.72 2.71 0.26 0.31 0.22 0.12 0.08 0.40 0.33 0.48 0.35 0.12 0.52 2.69 0.43 0.32 0.16 0.07 0.13 0.32 0.10 0.11 0.27 0.39 0.04 0.37 0.02 0.05 0.05 0.01 0.28 0.28 0.04 0.05 0.17 0.69 0.37 1.86 2.67 1.30 0.42 0.15 0.05 0.38 0.14 0.12 0.23 0.80 0.35 0.08 2.69 2.67 0.87 0.26 0.12 0.47 0.20 0.16 0.21 0.57 0.25 0.01 0.44 2.69 1.42 0.53 0.29 0.46 0.22 0.16 0.01 0.07 0.07 0.06 0.01 0.01 0.06 0.01 0.01 0.01 0.07 0.08 0.44 0.88 0.36 0.01 0.17 0.82 2.69 2.37 2.35 1.61 0.55 0.33 0.23 0.70 0.23 0.01 0.06 0.20 2.67 2.67 1.40 0.96 0.67 0.28 0.80 0.93 0.32 0.01 0.06 0.22 2.69 2.68 0.89 1.33 1.92 1.06 1.53 1.04 0.32 0.01 0.04 0.15 2.68 2.69 0.42 1.25 2.22 2.26 1.50 0.39 0.01 0.04 0.16 2.68 2.69 0.37 0.86 1.74 2.29 2.18 0.39 0.01 0.03 0.12 2.69 2.69 0.19 0.37 0.47 0.53 0.91 0.67 2.17 0.15 0.08 0.29 2.69 2.68 0.45 0.71 0.67 0.47 0.96 1.51 2.44 1.97 0.15 0.33 2.68 2.69 0.45 0.65 0.55 0.34 0.45 1.70

I got: 2.35 1.07 0.36 2.69 2.67 0.42 0.58 0.47 0.27 0.30 1.04 1.52 0.95 0.08 2.71 2.71 0.26 0.31 0.22 0.12 0.08 0.40 0.33 0.48 0.35 0.12 0.52 2.67 0.43 0.32 0.16 0.07 0.13 0.33 0.10 0.11 0.27 0.40 0.04 0.37 0.02 0.05 0.05 0.01 0.29 0.28 0.04 0.05 0.17 0.69 0.37 1.87 2.68 1.30 0.42 0.15 0.05 0.38 0.14 0.12 0.23 0.81 0.35 0.08 2.68 2.69 0.87 0.26 0.12 0.46 0.20 0.16 0.21 0.57 0.25 0.01 0.44 2.70 1.42 0.52 0.28 0.46 0.22 0.16 0.01 0.05 0.08 0.05 0.01 0.01 0.06 0.01 0.01 52.81 0.05 0.06 0.44 0.88 0.35 0.01 0.17 0.82 2.67 2.37 2.35 1.60 0.56 0.33 0.23 0.69 0.23 0.01 0.06 0.20 2.67 2.68 1.40 0.96 0.67 0.28 0.80 0.93 0.32 0.01 0.06 0.21 2.67 2.68 0.89 1.33 1.92 1.06 1.53 1.04 0.32 0.01 0.04 0.15 2.68 2.68 0.42 1.25 2.22 2.26 1.51 0.39 0.01 0.04 0.16 2.68 2.69 0.37 0.86 1.74 2.29 2.18 0.39 0.01 0.02 0.12 2.69 2.74 0.19 0.37 0.47 0.53 0.91 0.67 2.17 0.15 0.08 0.29 2.68 2.73 0.45 0.71 0.67 0.47 0.96 1.51 2.45 1.97 0.15 0.33 2.70 2.70 0.45 0.65 0.55 0.33 0.45 1.70

I got: 2.35 1.07 0.36 2.70 2.69 0.42 0.58 0.47 0.27 0.30 1.04 1.52 0.95 0.08 2.70 2.69 0.26 0.31 0.22 0.12 0.07 0.40 0.33 0.48 0.35 0.12 0.52 2.68 0.43 0.32 0.16 0.07 0.13 0.33 0.10 0.11 0.27 0.40 0.05 0.37 0.03 0.05 0.05 0.01 0.29 0.28 0.04 0.05 0.17 0.69 0.37 1.87 2.68 1.31 0.42 0.15 0.05 0.38 0.14 0.12 0.23 0.80 0.35 0.08 2.69 2.67 0.87 0.26 0.12 0.46 0.20 0.16 0.21 0.57 0.25 0.01 0.44 2.69 1.42 0.52 0.28 0.46 0.22 0.16 0.01 0.05 0.10 0.05 0.01 0.01 0.06 0.01 0.01 0.01 0.06 0.06 0.44 0.88 0.35 0.01 0.17 0.82 2.69 2.37 2.35 1.60 0.55 0.33 0.23 0.69 0.23 0.01 0.06 0.20 2.67 2.66 1.39 0.96 0.67 0.28 0.80 0.93 0.32 0.01 0.06 0.22 2.69 2.68 0.89 1.33 1.92 1.06 1.53 1.04 0.32 0.01 0.04 0.15 2.69 2.68 0.42 1.25 2.22 2.25 1.51 0.39 0.01 0.04 0.16 2.68 2.68 0.37 0.86 1.74 2.29 2.19 0.39 0.01 0.03 0.13 2.69 2.68 0.19 0.37 0.47 0.53 0.91 0.67 2.17 0.15 0.08 0.29 2.70 2.68 0.45 0.70 0.68 0.47 0.96 1.51 2.44 1.97 0.16 0.33 2.70 2.69 0.45 0.65 0.55 0.33 0.45 1.69

I got: 2.35 1.07 0.36 2.69 2.68 0.41 0.58 0.47 0.27 0.30 1.04 1.52 0.95 0.08 2.71 2.71 0.26 0.31 0.22 0.12 0.07 0.40 0.33 0.48 0.35 0.12 0.52 2.67 0.43 0.32 0.16 0.07 0.12 0.33 0.10 0.11 0.27 0.39 0.04 0.37 0.02 0.05 0.05 0.01 0.29 0.28 0.04 0.05 0.17 0.70 0.37 1.87 2.69 1.30 0.42 0.15 0.06 0.38 0.14 0.12 0.23 0.80 0.35 0.08 2.68 2.69 0.87 0.26 0.12 0.46 0.20 0.16 0.21 0.57 0.25 0.01 0.44 2.70 1.42 0.52 0.29 0.46 0.22 0.16 0.01 0.09 0.06 0.06 0.01 0.01 0.07 0.01 0.01 0.01 0.06 0.08 0.44 0.88 0.35 0.01 0.17 0.82 2.67 2.38 2.36 1.61 0.56 0.33 0.23 0.69 0.23 0.01 0.06 0.20 2.69 2.68 1.39 0.96 0.67 0.28 0.80 0.93 0.32 0.01 0.06 0.21 2.72 2.67 0.89 1.33 1.92 1.06 1.53 1.04 0.32 0.01 0.04 0.15 2.68 2.71 0.42 1.25 2.22 2.26 1.50 0.39 0.01 0.04 0.16 2.69 2.71 0.37 0.86 1.74 2.30 2.19 0.39 0.01 0.02 0.12 2.68 2.70 0.19 0.37 0.47 0.53 0.91 0.66 2.18 0.15 0.08 0.29 2.70 2.67 0.45 0.70 0.68 0.47 0.96 1.51 2.44 1.97 0.15 0.33 2.67 2.70 0.45 0.65 0.55 0.33 0.45 1.70

I got: 2.35 1.07 0.36 2.70 2.69 0.42 0.58 0.47 0.27 0.30 1.04 1.51 0.95 0.09 2.72 2.71 0.26 0.30 0.22 0.11 0.07 0.40 0.33 0.48 0.35 0.12 0.52 2.67 0.43 0.32 0.16 0.07 0.13 0.33 0.10 0.11 0.27 0.40 0.04 0.37 0.02 0.05 0.05 0.01 0.29 0.28 0.04 0.05 0.17 0.70 0.37 1.87 2.68 1.30 0.42 0.15 0.05 0.38 0.14 0.12 0.23 0.81 0.35 0.08 2.67 2.69 0.87 0.26 0.12 0.46 0.20 0.16 0.20 0.57 0.25 0.01 0.44 2.70 1.42 0.52 0.28 0.46 0.22 0.16 0.01 0.08 0.07 0.06 0.01 0.01 0.06 0.01 0.01 0.01 0.05 0.08 0.44 0.88 0.35 0.02 0.17 0.82 2.67 2.38 2.35 1.61 0.56 0.33 0.23 0.70 0.23 0.01 0.06 0.20 2.67 2.67 1.40 0.96 0.67 0.28 0.80 0.93 0.32 0.01 0.06 0.21 2.67 2.68 0.89 1.33 1.92 1.06 1.53 1.04 0.32 0.01 0.04 0.15 2.68 2.67 0.42 1.25 2.22 2.26 1.51 0.39 0.01 0.04 0.16 2.68 2.67 0.37 0.86 1.74 2.29 2.19 0.39 0.01 0.03 0.12 2.67 2.70 0.19 0.36 0.47 0.53 0.90 0.66 2.17 0.15 0.08 0.29 2.67 2.69 0.45 0.70 0.68 0.47 0.96 1.51 2.44 1.97 0.16 0.33 2.70 2.68 0.45 0.65 0.55 0.33 0.45 1.69

I got: 2.35 1.07 0.36 2.68 2.70 0.42 0.58 0.47 0.27 0.30 1.04 1.51 0.95 0.08 2.71 2.69 0.26 0.30 0.22 0.12 0.07 0.40 0.33 0.49 0.35 0.12 0.52 2.67 0.43 0.32 0.16 0.07 0.13 0.33 0.10 0.11 0.27 0.40 0.04 0.37 0.02 0.06 0.05 0.01 0.29 0.28 0.04 0.05 0.16 0.70 0.37 1.87 2.67 1.30 0.42 0.15 0.06 0.38 0.14 0.12 0.22 0.81 0.35 0.08 2.68 2.68 0.88 0.26 0.12 0.47 0.20 0.16 0.21 0.57 0.25 0.01 0.44 2.76 1.41 0.52 0.28 0.46 0.22 0.16 0.01 0.08 0.06 0.05 0.01 0.01 0.05 0.01 0.01 0.01 0.06 0.07 0.44 0.88 0.35 0.01 0.17 0.82 2.68 2.37 2.36 1.61 0.56 0.33 0.22 0.70 0.23 0.01 0.06 0.20 2.67 2.67 1.40 0.96 0.67 0.28 0.80 0.93 0.32 0.01 0.06 0.21 2.69 2.68 0.89 1.33 1.92 1.06 1.53 1.05 0.32 0.01 0.04 0.15 2.69 2.68 0.42 1.25 2.22 2.26 1.51 0.39 0.01 0.04 0.16 2.69 2.69 0.37 0.86 1.74 2.29 2.19 0.39 0.01 0.02 0.12 2.69 2.68 0.19 0.36 0.47 0.53 0.90 0.66 2.17 0.15 0.08 0.29 2.70 2.68 0.45 0.70 0.67 0.47 0.96 1.50 2.44 1.97 0.15 0.33 2.68 2.69 0.45 0.65 0.55 0.33 0.45 1.69

I got: 2.35 1.07 0.36 2.69 2.68 0.42 0.58 0.47 0.27 0.30 1.04 1.52 0.95 0.08 2.70 2.70 0.25 0.30 0.22 0.11 0.07 0.40 0.33 0.48 0.35 0.12 0.52 2.67 0.43 0.32 0.16 0.07 0.13 0.33 0.10 0.11 0.27 0.39 0.04 0.37 0.02 0.06 0.05 0.01 0.29 0.28 0.04 0.05 0.17 0.70 0.37 1.87 2.68 1.31 0.42 0.15 0.06 0.38 0.14 0.12 0.23 0.81 0.35 0.08 2.67 2.69 0.88 0.26 0.12 0.46 0.20 0.16 0.21 0.57 0.25 0.01 0.44 2.69 1.41 0.52 0.28 0.46 0.22 0.16 0.01 0.07 0.06 0.06 0.01 0.01 0.07 0.01 0.01 0.01 0.05 0.06 0.44 0.88 0.35 0.01 0.17 0.82 2.67 2.37 2.35 1.61 0.55 0.33 0.23 0.70 0.23 0.01 0.06 0.20 2.68 51.53 1.40 0.96 0.67 0.28 0.80 0.93 0.32 0.01 0.06 0.21 2.67 2.67 0.89 1.33 1.92 1.07 1.53 1.04 0.32 0.01 0.04 0.15 2.68 2.67 0.42 1.25 2.22 2.26 1.51 0.39 0.01 0.04 0.16 2.68 2.67 0.37 0.86 1.74 2.29 2.19 0.39 0.01 0.03 0.12 2.69 2.68 0.19 0.37 0.47 0.53 0.90 0.66 2.18 0.15 0.08 0.29 2.68 2.69 0.45 0.70 0.68 0.47 0.96 1.51 2.44 1.97 0.16 0.33 2.69 2.68 0.45 0.65 0.55 0.33 0.45 1.69

I got: 2.35 1.07 0.36 2.69 2.69 0.42 0.58 0.47 0.27 0.30 1.04 1.52 0.95 0.08 2.69 2.71 0.26 0.31 0.22 0.12 0.08 0.40 0.33 0.48 0.35 0.12 0.52 2.66 0.43 0.32 0.16 0.07 0.13 0.33 0.10 0.11 0.27 0.40 0.04 0.37 0.02 0.05 0.05 0.01 0.29 0.28 0.04 0.05 0.17 0.70 0.37 1.87 2.67 1.30 0.42 0.16 0.05 0.38 0.14 0.12 0.23 0.80 0.35 0.08 2.68 2.70 0.88 0.26 0.12 0.46 0.20 0.16 0.21 0.57 0.25 0.01 0.44 2.71 1.41 0.52 0.28 0.46 0.22 0.16 0.01 0.06 0.06 0.07 0.01 0.01 0.07 0.01 0.01 0.01 0.07 0.06 0.44 0.88 0.35 0.02 0.17 0.82 2.67 2.38 2.36 1.61 0.55 0.33 0.22 0.70 0.23 0.01 0.06 0.20 2.68 2.67 1.40 0.96 0.67 0.28 0.80 0.93 0.32 0.01 0.06 0.21 2.67 2.69 0.89 1.33 1.92 1.06 1.53 1.04 0.32 0.01 0.04 0.14 2.68 2.67 0.42 1.25 2.22 2.26 1.51 0.39 0.02 0.04 0.15 2.68 2.67 0.37 0.86 1.75 2.30 2.19 0.39 0.01 0.02 0.12 2.68 2.68 0.19 0.36 0.47 0.52 0.90 0.66 2.18 0.15 0.08 0.28 2.67 2.68 0.45 0.70 0.68 0.47 0.96 1.51 2.44 1.97 0.15 0.33 2.70 2.69 0.45 0.65 0.55 0.33 0.45 1.70

I got: 2.35 1.07 0.36 2.68 2.69 0.42 0.58 0.47 0.27 0.30 1.04 1.52 0.95 0.08 2.71 2.70 0.25 0.30 0.22 0.11 0.08 0.40 0.32 0.48 0.35 0.12 0.52 2.68 0.43 0.32 0.16 0.07 0.13 0.33 0.10 0.11 0.27 0.40 0.04 0.37 0.02 0.05 0.06 0.01 0.29 0.28 0.04 0.05 0.17 0.70 0.37 1.87 2.67 1.30 0.42 0.15 0.05 0.38 0.14 0.12 0.22 0.81 0.35 0.08 2.68 2.67 0.88 0.26 0.12 0.46 0.20 0.16 0.21 0.57 0.25 0.01 0.44 2.70 1.41 0.52 0.28 0.46 0.22 0.16 0.01 0.06 0.08 0.05 0.01 0.01 0.06 0.01 0.01 0.01 0.06 0.05 0.43 0.88 0.35 0.01 0.17 0.82 2.69 2.37 2.36 1.61 0.55 0.33 0.23 0.69 0.23 0.01 0.06 0.20 2.67 2.67 1.40 0.96 0.67 0.28 0.80 0.93 0.32 0.01 0.06 0.21 2.68 2.68 0.89 1.33 1.92 1.06 1.53 1.04 0.32 0.01 0.04 0.15 2.69 2.69 0.42 1.25 2.22 2.25 1.51 0.39 0.01 0.04 0.15 2.69 2.69 0.37 0.86 1.74 2.29 2.19 0.39 0.01 0.02 0.12 2.69 2.69 0.19 0.36 0.47 0.53 0.90 0.66 2.18 0.15 0.08 0.28 2.69 2.67 0.45 0.70 0.67 0.47 0.96 1.51 2.45 1.97 0.15 0.33 2.68 2.69 0.45 0.65 0.55 0.33 0.45 1.70

