I got: 0.36 2.30 1.23 2.69 2.68 0.35 0.42 0.30 0.18 0.16 0.78 1.23 0.96 1.09 2.71 2.70 0.35 0.33 0.18 0.08 0.04 0.27 0.13 0.20 0.14 0.61 1.05 2.65 0.63 0.50 0.25 0.11 0.11 0.37 0.11 0.09 0.23 0.34 0.11 0.36 0.02 0.05 0.04 0.01 0.28 0.29 0.03 0.04 0.10 0.29 1.85 2.40 2.68 1.32 0.46 0.18 0.07 0.41 0.16 0.13 0.11 0.26 0.89 1.11 2.68 2.68 0.86 0.26 0.13 0.47 0.20 0.15 0.14 0.17 0.40 0.35 0.82 2.68 1.52 0.55 0.31 0.50 0.23 0.16 0.01 0.06 0.06 0.05 0.01 0.06 0.04 0.01 0.01 0.01 0.06 0.05 0.35 0.24 0.38 0.29 0.48 0.83 2.67 2.37 2.33 1.64 0.59 0.35 0.21 0.28 0.19 0.14 0.22 0.23 2.67 2.68 1.38 0.94 0.70 0.31 0.82 0.26 0.22 0.16 0.23 0.25 2.67 2.68 0.92 1.31 1.89 1.14 1.66 0.31 0.17 0.12 0.17 0.17 2.68 2.68 0.44 1.29 2.20 2.21 0.48 0.18 0.12 0.17 0.17 2.67 2.68 0.39 0.91 1.79 2.23 2.04 0.09 0.06 0.09 0.11 2.69 2.68 0.18 0.38 0.50 0.57 0.84 0.50 1.72 0.25 0.19 0.16 2.69 2.67 0.26 0.50 0.55 0.42 0.95 1.67 2.39 0.33 1.19 0.52 2.69 2.70 0.28 0.41 0.36 0.23 0.30 1.45

I got: 0.36 2.29 1.23 2.67 2.69 0.35 0.41 0.31 0.17 0.15 0.78 1.23 0.96 1.08 2.74 2.71 0.35 0.33 0.18 0.08 0.05 0.26 0.13 0.20 0.14 0.61 1.05 2.68 0.63 0.50 0.25 0.11 0.11 0.37 0.11 0.09 0.23 0.34 0.11 0.35 0.02 0.05 0.04 0.01 0.28 0.29 0.03 0.04 0.10 0.30 1.85 2.40 2.67 1.33 0.46 0.18 0.07 0.41 0.17 0.13 0.11 0.26 0.89 1.11 2.67 2.69 0.86 0.26 0.13 0.47 0.20 0.15 0.13 0.17 0.40 0.35 0.82 2.71 1.52 0.55 0.31 0.49 0.23 0.16 0.01 0.06 0.06 0.05 0.01 0.05 0.06 0.01 0.01 0.01 0.06 0.05 0.35 0.24 0.38 0.29 0.48 0.83 2.68 2.37 2.34 1.64 0.59 0.35 0.21 0.28 0.19 0.14 0.22 0.23 2.67 2.66 1.38 0.94 0.70 0.31 0.82 0.26 0.22 0.15 0.23 0.25 2.68 2.69 0.92 1.31 1.89 1.14 1.66 0.31 0.17 0.12 0.17 0.17 2.68 2.67 0.44 1.29 2.20 2.21 0.47 0.18 0.12 0.17 0.17 2.69 2.68 0.39 0.91 1.79 2.23 2.04 0.09 0.06 0.08 0.12 2.68 2.70 0.18 0.38 0.50 0.57 0.84 0.50 1.71 0.25 0.19 0.15 2.69 2.69 0.26 0.50 0.55 0.42 0.96 1.67 2.39 0.33 1.19 0.52 2.68 2.69 0.28 0.41 0.36 0.23 0.31 1.45

I got: 0.36 2.30 1.23 2.68 2.67 0.35 0.42 0.31 0.18 0.16 0.78 1.23 0.96 1.09 2.69 2.68 0.35 0.33 0.18 0.08 0.04 0.26 0.13 0.20 0.14 0.61 1.05 2.66 0.63 0.50 0.25 0.11 0.11 0.37 0.11 0.09 0.23 0.34 0.11 0.35 0.02 0.05 0.04 0.01 0.28 0.29 0.03 0.04 0.11 0.29 1.86 2.40 2.68 1.33 0.46 0.18 0.08 0.41 0.16 0.13 0.11 0.26 0.89 1.11 2.68 2.68 0.86 0.26 0.13 0.47 0.20 0.15 0.14 0.17 0.40 0.35 0.82 2.67 1.52 0.55 0.31 0.49 0.23 0.16 0.01 0.06 0.06 0.06 0.01 0.06 0.07 0.01 0.01 0.01 0.07 0.06 0.35 0.24 0.38 0.29 0.47 0.83 2.67 2.37 2.33 1.65 0.59 0.35 0.21 0.28 0.19 0.14 0.22 0.23 2.66 2.67 1.37 0.94 0.70 0.31 0.82 0.26 0.22 0.16 0.23 0.25 2.68 2.68 0.92 1.31 1.89 1.14 1.67 0.31 0.17 0.12 0.17 0.17 2.72 2.67 0.44 1.29 2.21 2.21 0.48 0.18 0.12 0.17 0.17 2.72 2.68 0.39 0.91 1.79 2.24 2.04 0.09 0.06 0.09 0.11 2.69 2.67 0.18 0.38 0.50 0.57 0.84 0.50 1.71 0.25 0.19 0.15 2.70 2.71 0.26 0.50 0.55 0.42 0.96 1.67 2.40 0.33 1.19 0.52 2.68 2.72 0.28 0.41 0.36 0.23 0.31 1.45

I got: 0.36 2.30 1.23 2.69 2.68 0.35 0.42 0.30 0.17 0.15 0.78 1.23 0.96 1.08 2.70 2.69 0.35 0.33 0.18 0.08 0.05 0.27 0.13 0.20 0.14 0.61 1.05 2.66 0.63 0.49 0.25 0.11 0.11 0.37 0.11 0.09 0.23 0.34 0.11 0.35 0.02 0.05 0.04 0.01 0.28 0.29 0.03 0.04 0.10 0.30 1.86 2.40 2.68 1.32 0.46 0.18 0.07 0.41 0.17 0.13 0.11 0.26 0.89 1.11 2.68 2.68 0.86 0.26 0.13 0.47 0.20 0.15 0.13 0.17 0.40 0.35 0.82 2.69 1.51 0.55 0.30 0.49 0.23 0.16 0.01 0.06 0.06 0.06 0.01 0.05 0.07 0.01 0.01 0.01 0.06 0.06 0.35 0.24 0.38 0.29 0.48 0.83 2.67 2.37 2.33 1.64 0.59 0.35 0.21 0.28 0.19 0.14 0.22 0.23 2.66 2.68 1.37 0.94 0.70 0.31 0.82 0.26 0.22 0.16 0.23 0.25 2.68 2.68 0.92 1.31 1.89 1.14 1.66 0.31 0.17 0.12 0.17 0.16 2.67 2.68 0.44 1.29 2.20 2.21 0.48 0.18 0.12 0.17 0.17 2.67 2.68 0.39 0.91 1.79 2.23 2.04 0.09 0.06 0.09 0.11 2.70 2.68 0.18 0.38 0.50 0.57 0.84 0.50 1.72 0.25 0.19 0.16 2.69 2.67 0.26 0.50 0.55 0.42 0.96 1.67 2.39 0.33 1.19 0.52 2.70 2.69 0.28 0.41 0.36 0.23 0.30 1.45

I got: 0.36 2.30 1.23 2.68 2.70 0.35 0.42 0.31 0.18 0.15 0.78 1.23 0.96 1.08 2.71 2.69 0.35 0.33 0.18 0.08 0.04 0.26 0.13 0.19 0.14 0.61 1.05 2.68 0.63 0.50 0.25 0.11 0.11 0.37 0.11 0.09 0.23 0.34 0.11 0.36 0.02 0.05 0.04 0.01 0.28 0.29 0.03 0.04 0.10 0.30 1.86 2.40 2.67 1.32 0.46 0.18 0.07 0.41 0.17 0.13 0.11 0.26 0.89 1.11 2.68 2.68 0.86 0.26 0.13 0.47 0.20 0.15 0.13 0.17 0.40 0.35 0.82 2.69 1.51 0.54 0.30 0.50 0.23 0.16 0.01 0.05 0.05 0.06 0.01 0.09 0.07 0.01 0.01 0.01 0.05 0.06 0.35 0.24 0.38 0.29 0.48 0.83 2.69 2.37 2.34 1.65 0.59 0.35 0.21 0.28 0.19 0.14 0.22 0.23 2.68 2.67 1.38 0.94 0.70 0.31 0.82 0.27 0.22 0.16 0.23 0.25 2.70 2.67 0.92 1.31 1.90 1.14 1.66 0.31 0.17 0.12 0.17 0.17 2.68 2.68 0.44 1.29 2.20 2.21 0.48 0.18 0.12 0.17 0.17 2.69 2.68 0.39 0.91 1.79 2.23 2.05 0.09 0.06 0.08 0.11 2.69 2.69 0.18 0.38 0.50 0.57 0.84 0.50 1.72 0.25 0.19 0.15 2.68 2.69 0.26 0.50 0.55 0.42 0.96 1.67 2.39 0.33 1.19 0.52 2.69 2.70 0.28 0.41 0.36 0.23 0.30 1.45

I got: 0.36 2.30 1.23 2.68 2.68 0.35 0.42 0.30 0.18 0.15 0.78 1.23 0.96 1.08 2.69 2.67 0.35 0.33 0.18 0.08 0.05 0.27 0.13 0.20 0.14 0.61 1.04 2.66 0.63 0.50 0.25 0.11 0.11 0.37 0.10 0.09 0.23 0.34 0.11 0.36 0.02 0.05 0.05 0.01 0.28 0.29 0.03 0.04 0.10 0.29 1.86 2.40 2.68 1.32 0.46 0.18 0.07 0.41 0.17 0.13 0.11 0.26 0.89 1.11 2.69 2.67 0.86 0.26 0.13 0.47 0.20 0.15 0.14 0.17 0.40 0.35 0.81 2.67 1.51 0.54 0.31 0.49 0.23 0.16 0.01 0.06 0.05 0.07 0.01 0.04 0.06 0.01 0.01 0.01 0.08 0.06 0.35 0.24 0.38 0.29 0.48 0.83 2.68 2.37 2.33 1.64 0.59 0.35 0.21 0.28 0.19 0.14 0.22 0.23 2.67 2.68 1.37 0.94 0.70 0.31 0.82 0.26 0.22 0.15 0.23 0.25 2.68 2.68 0.92 1.31 1.89 1.14 1.66 0.31 0.17 0.12 0.17 0.17 2.68 2.69 0.44 1.29 2.20 2.21 0.48 0.18 0.12 0.17 0.18 2.68 2.68 0.39 0.91 1.79 2.23 2.05 0.09 0.06 0.08 0.11 2.68 2.68 0.18 0.38 0.50 0.56 0.83 0.50 1.72 0.25 0.19 0.16 2.69 2.67 0.26 0.50 0.55 0.42 0.96 1.67 2.39 0.33 1.19 0.52 2.70 2.68 0.28 0.41 0.36 0.23 0.30 1.45

I got: 0.36 2.30 1.23 2.69 2.69 0.35 0.42 0.30 0.18 0.16 0.78 1.23 0.96 1.08 2.70 2.69 0.35 0.33 0.18 0.08 0.04 0.26 0.13 0.20 0.14 0.61 1.05 2.66 0.63 0.50 0.25 0.11 0.11 0.37 0.10 0.09 0.23 0.34 0.11 0.36 0.02 0.05 0.04 0.01 0.28 0.29 0.03 0.04 0.10 0.29 1.86 2.41 2.72 1.32 0.46 0.18 0.08 0.41 0.17 0.13 0.11 0.26 0.89 1.11 2.73 2.67 0.86 0.26 0.13 0.47 0.20 0.15 0.13 0.17 0.40 0.35 0.81 2.72 1.51 0.54 0.30 0.49 0.23 0.16 0.01 0.06 0.05 0.07 0.01 0.06 0.07 0.01 0.01 0.01 0.09 0.07 0.35 0.24 0.38 0.29 0.48 0.83 2.67 2.37 2.34 1.64 0.59 0.35 0.21 0.28 0.19 0.14 0.22 0.23 2.66 2.67 1.37 0.94 0.70 0.31 0.82 0.26 0.22 0.16 0.23 0.25 2.68 2.68 0.92 1.31 1.89 1.14 1.66 0.31 0.17 0.12 0.17 0.16 2.67 2.68 0.44 1.29 2.20 2.21 0.48 0.18 0.12 0.17 0.17 2.68 2.68 0.39 0.91 1.79 2.23 2.05 0.09 0.06 0.08 0.11 2.68 2.68 0.18 0.38 0.50 0.56 0.83 0.50 1.72 0.25 0.19 0.15 2.70 2.67 0.26 0.50 0.55 0.42 0.96 1.67 2.39 0.33 1.19 0.52 2.70 2.67 0.28 0.41 0.36 0.23 0.30 1.45

I got: 0.35 2.30 1.23 2.67 2.69 0.35 0.42 0.30 0.18 0.15 0.79 1.23 0.96 1.08 2.70 2.70 0.35 0.33 0.18 0.08 0.04 0.27 0.13 0.19 0.13 0.61 1.04 2.67 0.63 0.49 0.25 0.11 0.11 0.37 0.11 0.09 0.23 0.34 0.11 0.36 0.02 0.04 0.04 0.01 0.29 0.29 0.03 0.04 0.10 0.30 1.86 2.40 2.67 1.32 0.46 0.18 0.07 0.41 0.16 0.13 0.11 0.26 0.89 1.11 2.68 2.68 0.86 0.26 0.13 0.47 0.20 0.15 0.13 0.17 0.40 0.35 0.81 2.70 1.51 0.54 0.31 0.49 0.23 0.16 0.01 0.06 0.08 0.05 0.01 0.06 0.07 0.01 0.01 0.01 0.06 0.06 0.35 0.24 0.38 0.29 0.48 0.83 2.69 2.37 2.34 1.64 0.59 0.35 0.21 0.28 0.19 0.14 0.22 0.22 2.68 2.67 1.37 0.94 0.70 0.31 0.82 0.26 0.22 0.16 0.23 0.25 2.67 2.68 0.92 1.31 1.89 1.14 1.66 0.31 0.17 0.12 0.17 0.16 2.67 2.68 0.44 1.29 2.20 2.21 0.48 0.18 0.12 0.17 0.17 2.67 2.69 0.39 0.91 1.79 2.23 2.05 0.09 0.06 0.09 0.11 2.69 2.68 0.18 0.38 0.50 0.56 0.83 0.50 1.72 0.25 0.19 0.16 2.67 2.69 0.26 0.50 0.55 0.42 0.95 1.67 2.39 0.33 1.19 0.52 2.67 2.68 0.28 0.41 0.36 0.23 0.30 1.45

I got: 0.35 2.30 1.23 2.69 2.68 0.35 0.42 0.31 0.18 0.15 0.78 1.23 0.96 1.07 2.71 2.77 0.35 0.33 0.18 0.08 0.04 0.27 0.13 0.19 0.13 0.61 1.04 2.73 0.63 0.50 0.25 0.11 0.11 0.37 0.11 0.09 0.23 0.34 0.11 0.36 0.02 0.04 0.04 0.01 0.29 0.29 0.03 0.04 0.10 0.30 1.86 2.41 2.71 1.32 0.46 0.18 0.07 0.41 0.17 0.13 0.11 0.26 0.89 1.11 2.68 2.68 0.86 0.26 0.13 0.47 0.20 0.15 0.13 0.17 0.40 0.35 0.81 2.68 1.51 0.55 0.31 0.49 0.23 0.16 0.01 0.05 0.06 0.08 0.01 0.08 0.06 0.01 0.01 0.01 0.06 0.06 0.35 0.24 0.38 0.29 0.47 0.83 2.68 2.37 2.33 1.64 0.59 0.35 0.21 0.28 0.19 0.14 0.22 0.23 2.66 2.68 1.37 0.94 0.70 0.31 0.82 0.26 0.22 0.15 0.23 0.25 2.69 2.67 0.92 1.31 1.90 1.14 1.66 0.31 0.17 0.12 0.17 0.17 2.67 2.67 0.44 1.29 2.20 2.21 0.48 0.18 0.12 0.17 0.17 2.68 2.67 0.39 0.91 1.79 2.23 2.05 0.09 0.06 0.08 0.11 2.68 2.68 0.18 0.38 0.50 0.56 0.83 0.50 1.72 0.25 0.19 0.15 2.69 2.67 0.26 0.50 0.55 0.42 0.95 1.68 2.39 0.33 1.19 0.52 2.70 2.69 0.28 0.41 0.36 0.23 0.30 1.45

I got: 0.35 2.30 1.23 2.68 2.69 0.35 0.42 0.31 0.18 0.15 0.78 1.23 0.96 1.08 2.71 2.71 0.35 0.32 0.18 0.08 0.04 0.27 0.13 0.20 0.14 0.61 1.04 2.66 0.63 0.49 0.25 0.11 0.11 0.37 0.10 0.09 0.23 0.34 0.11 0.36 0.02 0.05 0.04 0.01 0.28 0.29 0.03 0.04 0.10 0.30 1.86 2.41 2.67 1.32 0.46 0.18 0.08 0.41 0.17 0.13 0.11 0.26 0.89 1.11 2.69 2.67 0.86 0.26 0.13 0.47 0.20 0.15 0.13 0.17 0.40 0.35 0.81 2.70 1.51 0.54 0.30 0.49 0.23 0.16 0.01 0.05 0.06 0.07 0.01 0.06 0.09 0.01 0.01 0.01 0.07 0.06 0.35 0.24 0.38 0.29 0.47 0.83 2.69 2.37 2.34 1.64 0.59 0.35 0.21 0.28 0.19 0.14 0.22 0.23 2.68 2.67 1.37 0.94 0.70 0.31 0.82 0.26 0.22 0.16 0.23 0.25 2.67 2.67 0.92 1.31 1.89 1.14 1.67 0.31 0.17 0.12 0.17 0.16 2.68 2.68 0.44 1.29 2.21 2.22 0.48 0.18 0.12 0.17 0.17 2.67 2.67 0.39 0.91 1.79 2.23 2.05 0.09 0.06 0.09 0.11 2.69 2.67 0.18 0.38 0.50 0.56 0.83 0.50 1.72 0.25 0.19 0.15 2.72 2.68 0.26 0.50 0.55 0.42 0.96 1.67 2.40 0.33 1.19 0.52 2.72 2.68 0.28 0.41 0.36 0.23 0.30 1.45

I got: 0.35 2.30 1.23 2.68 2.72 0.35 0.42 0.30 0.17 0.15 0.78 1.23 0.96 1.08 2.71 2.70 0.35 0.32 0.18 0.08 0.04 0.26 0.13 0.19 0.13 0.61 1.04 2.68 0.62 0.49 0.25 0.11 0.11 0.37 0.11 0.09 0.23 0.34 0.11 0.36 0.02 0.04 0.04 0.01 0.28 0.29 0.03 0.04 0.10 0.30 1.86 2.41 2.67 1.32 0.46 0.18 0.07 0.41 0.17 0.13 0.11 0.26 0.89 1.11 2.69 2.68 0.86 0.26 0.13 0.47 0.20 0.15 0.13 0.17 0.40 0.35 0.81 2.69 1.50 0.54 0.31 0.49 0.23 0.16 0.01 0.07 0.06 0.07 0.01 0.02 0.05 0.01 0.01 0.01 0.08 0.06 0.35 0.24 0.38 0.29 0.48 0.83 2.69 2.37 2.33 1.64 0.59 0.35 0.20 0.28 0.19 0.14 0.22 0.22 2.68 2.67 1.37 0.94 0.70 0.31 0.82 0.26 0.22 0.15 0.23 0.25 2.67 2.68 0.92 1.31 1.89 1.14 1.67 0.31 0.17 0.12 0.17 0.16 2.68 2.68 0.44 1.29 2.20 2.21 0.48 0.18 0.12 0.17 0.17 2.67 2.68 0.39 0.91 1.79 2.23 2.05 0.09 0.06 0.08 0.11 2.69 2.67 0.18 0.38 0.50 0.56 0.83 0.50 1.72 0.25 0.19 0.15 2.67 2.70 0.26 0.50 0.55 0.42 0.95 1.67 2.39 0.33 1.19 0.52 2.67 2.69 0.28 0.41 0.36 0.23 0.30 1.45

I got: 0.36 2.30 1.23 2.70 2.67 0.35 0.42 0.30 0.17 0.15 0.78 1.23 0.96 1.07 2.70 2.69 0.35 0.32 0.18 0.08 0.04 0.26 0.13 0.20 0.13 0.61 1.04 2.68 0.62 0.49 0.25 0.11 0.11 0.37 0.10 0.09 0.23 0.35 0.11 0.36 0.02 0.04 0.04 0.01 0.29 0.29 0.03 0.04 0.10 0.30 1.86 2.41 2.69 1.32 0.46 0.18 0.07 0.41 0.16 0.13 0.11 0.26 0.89 1.10 2.67 2.68 0.86 0.26 0.13 0.47 0.20 0.15 0.13 0.17 0.40 0.35 0.81 2.70 1.50 0.54 0.30 0.49 0.23 0.16 0.01 0.05 0.07 0.06 0.01 0.02 0.06 0.01 0.01 0.01 0.05 0.06 0.35 0.24 0.38 0.29 0.47 0.83 2.67 2.37 2.33 1.64 0.59 0.35 0.21 0.28 0.19 0.14 0.22 0.22 2.66 2.67 1.37 0.94 0.70 0.31 0.82 0.26 0.22 0.16 0.23 0.25 2.69 2.68 0.92 1.31 1.90 1.14 1.66 0.31 0.17 0.12 0.17 0.16 2.68 2.71 0.44 1.29 2.20 2.21 0.48 0.18 0.12 0.17 0.17 2.68 2.68 0.39 0.91 1.79 2.23 2.05 0.09 0.06 0.09 0.11 2.69 2.69 0.18 0.38 0.50 0.56 0.83 0.50 1.72 0.25 0.19 0.15 2.73 2.67 0.26 0.50 0.55 0.42 0.95 1.68 2.39 0.33 1.19 0.52 2.70 2.69 0.28 0.41 0.36 0.23 0.30 1.45

I got: 0.35 2.30 1.23 2.67 2.69 0.35 0.41 0.31 0.18 0.15 0.78 1.23 0.95 1.07 2.72 2.71 0.35 0.32 0.18 0.08 0.04 0.26 0.13 0.19 0.14 0.60 1.04 2.66 0.62 0.49 0.25 0.11 0.11 0.37 0.10 0.09 0.24 0.34 0.11 0.36 0.02 0.05 0.05 0.01 0.28 0.29 0.03 0.04 0.10 0.30 1.86 2.41 2.68 1.32 0.46 0.18 0.07 0.41 0.16 0.13 0.11 0.26 0.89 1.11 2.68 2.68 0.86 0.26 0.13 0.47 0.20 0.15 0.13 0.17 0.39 0.35 0.81 2.71 1.50 0.54 0.30 0.49 0.23 0.16 0.01 0.06 0.06 0.06 0.01 0.01 0.08 0.01 0.01 0.01 0.05 0.05 0.35 0.24 0.38 0.29 0.47 0.83 2.68 2.37 2.34 1.64 0.59 0.35 0.21 0.28 0.19 0.14 0.22 0.22 2.68 2.67 1.38 0.94 0.71 0.31 0.82 0.26 0.22 0.15 0.23 0.25 2.67 2.68 0.92 1.31 1.89 1.14 1.66 0.31 0.17 0.12 0.17 0.16 2.68 2.67 0.44 1.29 2.20 2.21 0.48 0.18 0.12 0.17 0.17 2.67 2.67 0.39 0.91 1.79 2.23 2.05 0.09 0.06 0.09 0.11 2.70 2.67 0.18 0.38 0.50 0.56 0.83 0.50 1.72 0.25 0.19 0.16 2.67 2.69 0.26 0.50 0.55 0.42 0.95 1.68 2.39 0.33 1.19 0.52 2.68 2.67 0.28 0.41 0.36 0.23 0.30 1.45

