I got: 2.23 2.10 0.21 2.67 2.70 0.46 0.66 0.52 0.29 0.32 1.06 1.50 1.10 0.49 2.72 51.53 0.26 0.36 0.27 0.14 0.11 0.44 0.37 0.53 0.40 0.72 0.37 2.67 0.23 0.23 0.14 0.07 0.12 0.34 0.11 0.13 0.27 0.42 0.07 0.35 0.03 0.06 0.06 0.01 0.29 0.28 0.04 0.05 0.10 0.64 1.23 0.74 2.68 1.02 0.28 0.10 0.07 0.29 0.08 0.07 0.11 0.58 0.35 0.32 2.68 2.69 0.81 0.22 0.07 0.40 0.14 0.11 0.17 0.50 0.29 0.12 0.08 2.69 1.21 0.52 0.28 0.45 0.21 0.15 0.01 0.08 0.06 0.05 0.01 0.01 0.06 0.01 0.01 0.01 0.05 0.07 0.43 0.86 0.48 0.18 0.11 0.18 2.69 2.32 2.34 1.62 0.56 0.33 0.22 0.69 0.30 0.11 0.08 0.20 2.66 2.68 1.37 0.95 0.67 0.28 0.79 0.92 0.41 0.14 0.09 0.17 2.67 2.68 0.92 1.33 1.93 1.07 1.52 1.02 0.39 0.13 0.08 0.19 2.67 2.68 0.44 1.26 2.22 2.25 1.49 0.48 0.15 0.09 0.18 2.69 2.68 0.38 0.87 1.76 2.29 2.19 0.44 0.12 0.07 0.18 2.69 2.68 0.19 0.36 0.46 0.52 0.90 0.66 2.20 0.78 0.36 0.16 2.68 2.69 0.43 0.70 0.67 0.46 0.95 1.51 2.40 2.19 1.26 0.14 2.69 2.68 0.45 0.67 0.56 0.33 0.45 1.65

I got: 2.23 2.09 0.21 2.70 2.68 0.46 0.66 0.52 0.29 0.32 1.06 1.50 1.10 0.49 2.73 2.72 0.26 0.36 0.27 0.14 0.11 0.45 0.38 0.53 0.40 0.71 0.37 2.68 0.23 0.23 0.14 0.07 0.12 0.34 0.11 0.13 0.28 0.42 0.07 0.35 0.03 0.06 0.06 0.01 0.29 0.28 0.04 0.05 0.10 0.64 1.23 0.74 2.67 1.02 0.28 0.10 0.07 0.29 0.08 0.07 0.10 0.58 0.35 0.32 2.67 2.68 0.81 0.22 0.07 0.40 0.14 0.11 0.17 0.50 0.29 0.12 0.08 2.71 1.21 0.52 0.28 0.45 0.21 0.15 0.01 0.06 0.06 0.06 0.01 0.01 0.09 0.01 0.01 0.01 0.06 0.05 0.43 0.87 0.48 0.18 0.11 0.18 2.68 2.32 2.35 1.63 0.56 0.33 0.22 0.69 0.30 0.11 0.08 0.20 2.68 2.71 1.38 0.96 0.67 0.28 0.79 0.92 0.42 0.14 0.09 0.17 2.69 2.69 0.93 1.33 1.93 1.07 1.52 1.02 0.40 0.13 0.08 0.19 2.71 2.69 0.44 1.26 2.22 2.24 1.48 0.48 0.16 0.09 0.18 2.67 2.68 0.39 0.87 1.76 2.29 2.19 0.44 0.12 0.07 0.18 2.68 2.69 0.19 0.36 0.46 0.52 0.90 0.66 2.20 0.78 0.36 0.17 2.69 2.68 0.43 0.70 0.67 0.46 0.95 1.51 2.40 2.19 1.26 0.14 2.69 2.70 0.45 0.67 0.56 0.33 0.44 1.65

I got: 2.23 2.10 0.21 2.67 2.70 0.46 0.66 0.52 0.29 0.32 1.05 1.50 1.10 0.49 2.71 2.71 0.26 0.36 0.27 0.14 0.11 0.44 0.37 0.53 0.40 0.71 0.37 2.66 0.23 0.23 0.14 0.07 0.12 0.34 0.11 0.13 0.28 0.43 0.07 0.35 0.03 0.06 0.06 0.01 0.29 0.28 0.04 0.05 0.10 0.64 1.23 0.74 2.69 1.02 0.29 0.10 0.07 0.29 0.08 0.07 0.11 0.58 0.35 0.32 2.68 2.67 0.81 0.22 0.07 0.40 0.14 0.11 0.17 0.50 0.29 0.12 0.08 2.69 1.20 0.52 0.28 0.45 0.20 0.15 0.01 0.06 0.05 0.06 0.01 0.01 0.05 0.01 0.01 0.01 0.08 0.06 0.43 0.87 0.48 0.18 0.11 0.18 2.68 2.32 2.34 1.63 0.56 0.33 0.22 0.69 0.30 0.11 0.08 0.20 2.66 2.66 1.38 0.95 0.67 0.28 0.79 0.92 0.41 0.14 0.09 0.17 2.67 2.67 0.92 1.33 1.93 1.07 1.52 1.02 0.40 0.13 0.08 0.18 2.68 2.68 0.44 1.26 2.22 2.25 1.49 0.48 0.16 0.10 0.18 2.69 2.69 0.38 0.88 1.76 2.29 2.19 0.44 0.12 0.07 0.18 2.69 2.69 0.19 0.36 0.46 0.52 0.90 0.66 2.21 0.78 0.36 0.16 2.68 2.67 0.43 0.70 0.67 0.46 0.95 1.51 2.41 2.19 1.26 0.13 2.69 2.69 0.45 0.67 0.56 0.33 0.44 1.65

I got: 2.23 2.09 0.21 2.70 2.68 0.46 0.66 0.52 0.29 0.32 1.06 1.50 1.10 0.49 2.72 2.72 0.26 0.36 0.27 0.14 0.12 0.44 0.37 0.53 0.40 0.72 0.37 2.67 0.23 0.23 0.14 0.07 0.12 0.34 0.12 0.13 0.28 0.42 0.07 0.35 0.03 0.06 0.06 0.01 0.29 0.28 0.04 0.05 0.10 0.64 1.23 0.74 2.67 1.02 0.29 0.10 0.07 0.29 0.08 0.07 0.11 0.58 0.35 0.32 2.72 2.68 0.81 0.22 0.07 0.40 0.14 0.11 0.17 0.49 0.29 0.11 0.08 2.71 1.20 0.52 0.28 0.45 0.20 0.15 0.01 0.13 0.07 0.06 0.01 0.01 0.06 0.01 0.01 0.01 0.06 0.07 0.43 0.86 0.48 0.18 0.11 0.18 2.68 2.32 2.35 1.62 0.56 0.33 0.22 0.69 0.30 0.11 0.08 0.20 2.67 2.68 1.38 0.95 0.68 0.28 0.79 0.92 0.41 0.14 0.09 0.17 2.68 2.68 0.93 1.33 1.93 1.06 1.52 1.02 0.40 0.13 0.09 0.18 2.67 2.68 0.44 1.26 2.22 2.25 1.49 0.48 0.16 0.10 0.18 2.69 2.68 0.38 0.88 1.76 2.29 2.19 0.44 0.12 0.07 0.18 2.68 2.68 0.19 0.36 0.46 0.52 0.89 0.66 2.21 0.78 0.36 0.16 2.68 2.69 0.43 0.70 0.67 0.46 0.95 1.51 2.41 2.19 1.26 0.13 2.70 2.68 0.45 0.67 0.56 0.33 0.45 1.65

I got: 2.23 2.10 0.21 2.70 2.68 0.46 0.66 0.52 0.29 0.32 1.06 1.50 1.10 0.49 2.72 2.71 0.26 0.36 0.27 0.14 0.11 0.44 0.37 0.53 0.40 0.71 0.36 2.68 0.23 0.23 0.14 0.07 0.12 0.34 0.11 0.13 0.28 0.43 0.07 0.35 0.03 0.06 0.06 0.01 0.29 0.28 0.04 0.05 0.10 0.64 1.23 0.74 2.68 1.02 0.29 0.10 0.07 0.29 0.08 0.07 0.11 0.58 0.35 0.32 2.68 2.68 0.81 0.22 0.07 0.40 0.14 0.11 0.17 0.49 0.29 0.12 0.08 2.71 1.20 0.52 0.28 0.45 0.20 0.15 0.01 0.09 0.06 0.05 0.01 0.01 0.05 0.01 0.01 0.01 0.06 0.09 0.43 0.87 0.48 0.18 0.11 0.18 2.67 2.32 2.34 1.63 0.56 0.33 0.22 0.69 0.30 0.11 0.07 0.20 2.68 2.67 1.38 0.95 0.67 0.28 0.79 0.92 0.41 0.14 0.09 0.17 2.69 2.68 0.92 1.33 1.93 1.07 1.52 1.02 0.40 0.13 0.08 0.19 2.68 2.68 0.44 1.26 2.22 2.25 1.49 0.48 0.16 0.09 0.18 2.67 2.68 0.39 0.88 1.76 2.29 2.19 0.44 0.12 0.07 0.18 2.69 2.67 0.19 0.36 0.46 0.52 0.89 0.66 2.21 0.78 0.36 0.16 2.69 2.69 0.43 0.70 0.67 0.46 0.96 1.52 2.41 2.19 1.26 0.13 2.68 2.68 0.45 0.67 0.56 0.33 0.44 1.65

I got: 2.23 2.09 0.21 2.68 2.67 0.46 0.66 0.52 0.29 0.32 1.06 1.50 1.10 0.49 2.70 2.75 0.26 0.36 0.27 0.14 0.11 0.45 0.37 0.53 0.40 0.72 0.36 2.71 0.23 0.23 0.14 0.07 0.12 0.34 0.11 0.13 0.28 0.42 0.07 0.36 0.03 0.06 0.06 0.01 0.29 0.28 0.04 0.05 0.10 0.64 1.23 0.74 2.70 1.02 0.28 0.10 0.07 0.29 0.08 0.07 0.11 0.58 0.35 0.32 2.68 2.68 0.81 0.22 0.07 0.40 0.14 0.11 0.17 0.50 0.29 0.11 0.08 2.71 1.20 0.52 0.28 0.45 0.20 0.15 0.01 0.05 0.07 0.06 0.01 0.01 0.07 0.01 0.01 0.01 0.05 0.06 0.43 0.86 0.48 0.18 0.11 0.18 2.68 2.32 2.34 1.62 0.56 0.33 0.22 0.69 0.30 0.11 0.07 0.20 2.67 2.68 1.38 0.96 0.68 0.28 0.79 0.92 0.41 0.14 0.09 0.17 2.68 2.67 0.93 1.33 1.93 1.06 1.52 1.02 0.39 0.13 0.08 0.19 2.67 2.68 0.44 1.26 2.22 2.25 1.49 0.48 0.16 0.09 0.18 2.70 2.69 0.38 0.87 1.76 2.29 2.19 0.44 0.12 0.07 0.18 2.69 2.68 0.19 0.36 0.46 0.52 0.89 0.66 2.21 0.78 0.36 0.16 2.68 2.68 0.43 0.70 0.67 0.46 0.95 1.52 2.40 2.19 1.26 0.14 2.69 2.67 0.45 0.67 0.56 0.33 0.45 1.65

I got: 2.23 2.09 0.21 2.70 2.68 0.46 0.66 0.52 0.29 0.32 1.06 1.50 1.10 0.49 2.71 2.72 0.26 0.36 0.27 0.14 0.11 0.44 0.37 0.53 0.40 0.71 0.36 2.67 0.23 0.23 0.14 0.07 0.12 0.34 0.11 0.13 0.28 0.43 0.07 0.35 0.03 0.06 0.06 0.01 0.29 0.28 0.04 0.05 0.10 0.64 1.23 0.74 2.67 1.02 0.29 0.10 0.07 0.29 0.08 0.07 0.11 0.58 0.34 0.32 2.68 2.67 0.81 0.22 0.07 0.40 0.14 0.11 0.17 0.49 0.29 0.11 0.08 2.70 1.20 0.52 0.28 0.45 0.20 0.14 0.01 0.07 0.05 0.07 0.01 0.01 0.06 0.01 0.01 0.01 0.09 0.08 0.43 0.87 0.48 0.18 0.11 0.18 2.68 2.32 2.34 1.63 0.56 0.33 0.22 0.69 0.30 0.11 0.08 0.20 2.68 2.67 1.38 0.96 0.68 0.28 0.79 0.92 0.41 0.14 0.09 0.17 2.69 2.69 0.92 1.33 1.93 1.07 1.52 1.03 0.40 0.13 0.08 0.18 2.69 2.68 0.44 1.26 2.22 2.25 1.49 0.48 0.16 0.09 0.18 2.68 2.67 0.38 0.87 1.76 2.29 2.19 0.44 0.12 0.07 0.18 2.69 2.67 0.18 0.36 0.46 0.52 0.89 0.66 2.21 0.78 0.36 0.16 2.68 2.69 0.43 0.70 0.67 0.46 0.96 1.51 2.41 2.19 1.26 0.13 2.72 2.68 0.45 0.67 0.56 0.33 0.45 1.65

I got: 2.23 2.10 0.20 2.70 2.67 0.46 0.66 0.52 0.29 0.32 1.05 1.50 1.10 0.49 2.71 2.74 0.26 0.36 0.26 0.14 0.11 0.44 0.37 0.53 0.39 0.71 0.36 2.68 0.22 0.23 0.14 0.07 0.12 0.34 0.11 0.13 0.28 0.43 0.07 0.35 0.03 0.05 0.06 0.02 0.29 0.28 0.04 0.05 0.10 0.64 1.23 0.74 2.67 1.01 0.29 0.10 0.07 0.29 0.08 0.07 0.10 0.58 0.35 0.32 2.68 2.68 0.81 0.22 0.07 0.40 0.14 0.11 0.17 0.50 0.29 0.11 0.08 2.70 1.20 0.52 0.28 0.45 0.20 0.14 0.01 0.05 0.05 0.07 0.01 0.01 0.07 0.01 0.01 0.01 0.08 0.06 0.42 0.87 0.48 0.18 0.11 0.18 2.67 2.32 2.34 1.63 0.56 0.33 0.22 0.69 0.30 0.11 0.08 0.20 2.68 2.67 1.37 0.96 0.67 0.28 0.79 0.92 0.41 0.14 0.09 0.17 2.69 2.69 0.93 1.33 1.92 1.06 1.51 1.03 0.40 0.13 0.09 0.19 2.69 2.68 0.44 1.26 2.22 2.25 1.49 0.48 0.16 0.09 0.18 2.68 2.68 0.39 0.88 1.76 2.29 2.19 0.44 0.12 0.07 0.18 2.70 2.67 0.18 0.36 0.46 0.52 0.89 0.66 2.21 0.78 0.36 0.17 2.68 2.69 0.43 0.70 0.67 0.46 0.95 1.51 2.41 2.19 1.26 0.13 2.68 2.69 0.45 0.67 0.56 0.33 0.45 1.65

I got: 2.23 2.10 0.20 2.69 2.68 0.46 0.66 0.52 0.29 0.32 1.06 1.50 1.09 0.49 2.71 2.71 0.26 0.36 0.26 0.14 0.11 0.44 0.37 0.52 0.39 0.71 0.36 2.67 0.23 0.23 0.14 0.07 0.12 0.34 0.11 0.13 0.28 0.43 0.07 0.35 0.03 0.06 0.06 0.01 0.29 0.28 0.04 0.05 0.10 0.64 1.23 0.74 2.69 1.02 0.29 0.10 0.07 0.29 0.08 0.08 0.10 0.58 0.34 0.32 2.68 2.68 0.81 0.22 0.07 0.40 0.14 0.11 0.17 0.50 0.29 0.11 0.08 2.69 1.20 0.52 0.28 0.45 0.20 0.15 0.01 0.10 0.06 0.06 0.01 0.01 0.05 0.01 0.01 0.01 0.04 0.08 0.42 0.87 0.48 0.18 0.11 0.18 2.69 2.32 2.34 1.63 0.56 0.33 0.21 0.69 0.30 0.11 0.08 0.20 2.66 2.67 1.38 0.96 0.67 0.28 0.79 0.92 0.41 0.14 0.09 0.17 2.67 2.68 0.92 1.33 1.93 1.06 1.51 1.03 0.39 0.13 0.08 0.19 2.68 2.73 0.44 1.26 2.22 2.25 1.49 0.48 0.16 0.09 0.18 2.68 2.72 0.38 0.88 1.76 2.29 2.19 0.44 0.12 0.07 0.18 2.70 2.68 0.18 0.36 0.46 0.52 0.89 0.66 2.21 0.78 0.36 0.16 2.71 2.68 0.43 0.70 0.67 0.46 0.95 1.52 2.41 2.19 1.26 0.13 2.73 2.69 0.45 0.67 0.56 0.33 0.45 1.65

I got: 2.23 2.09 0.20 2.69 2.69 0.46 0.66 0.52 0.29 0.32 1.06 1.50 1.09 0.49 2.72 2.71 0.26 0.36 0.26 0.14 0.11 0.44 0.37 0.52 0.39 0.71 0.36 2.66 0.23 0.23 0.14 0.07 0.12 0.34 0.11 0.13 0.28 0.43 0.07 0.36 0.03 0.06 0.06 0.01 0.29 0.28 0.04 0.05 0.10 0.64 1.23 0.74 2.68 1.02 0.29 0.10 0.07 0.29 0.08 0.07 0.10 0.58 0.35 0.32 2.68 2.68 0.81 0.22 0.07 0.40 0.14 0.11 0.17 0.49 0.29 0.11 0.08 2.70 1.19 0.52 0.28 0.45 0.20 0.14 0.01 0.07 0.05 0.06 0.01 0.01 0.06 0.01 0.01 0.01 0.04 0.06 0.43 0.87 0.48 0.18 0.11 0.18 2.68 2.32 2.34 1.63 0.56 0.33 0.21 0.70 0.30 0.11 0.07 0.20 2.68 2.67 1.38 0.96 0.67 0.28 0.79 0.92 0.41 0.14 0.09 0.17 2.69 2.68 0.92 1.33 1.93 1.07 1.52 1.03 0.40 0.13 0.08 0.19 2.69 2.68 0.44 1.26 2.22 2.25 1.49 0.48 0.16 0.09 0.18 2.68 2.68 0.38 0.87 1.76 2.29 2.19 0.44 0.12 0.07 0.18 2.70 2.68 0.18 0.36 0.46 0.52 0.89 0.66 2.21 0.78 0.36 0.16 2.68 2.69 0.43 0.70 0.67 0.46 0.96 1.51 2.41 2.19 1.26 0.13 2.68 2.69 0.45 0.67 0.56 0.33 0.44 1.65

I got: 2.23 2.10 0.21 2.69 2.67 0.46 0.66 0.52 0.29 0.32 1.06 1.50 1.09 0.49 2.72 2.71 0.26 0.36 0.26 0.14 0.11 0.44 0.37 0.53 0.39 0.71 0.36 2.68 0.23 0.23 0.14 0.07 0.12 0.34 0.11 0.13 0.28 0.43 0.07 0.36 0.03 0.06 0.06 0.01 0.29 0.28 0.04 0.05 0.10 0.64 1.23 0.74 2.69 1.02 0.29 0.10 0.07 0.29 0.08 0.07 0.10 0.58 0.35 0.32 2.68 2.67 0.81 0.22 0.07 0.40 0.14 0.11 0.17 0.49 0.29 0.11 0.08 2.70 1.19 0.52 0.28 0.45 0.20 0.15 0.01 0.09 0.06 0.06 0.01 0.01 0.08 0.01 0.01 0.01 0.06 0.08 0.43 0.87 0.48 0.18 0.11 0.17 2.74 2.32 2.35 1.62 0.56 0.33 0.22 0.69 0.30 0.11 0.08 0.20 2.67 2.67 1.37 0.95 0.68 0.28 0.79 0.92 0.41 0.14 0.09 0.17 2.68 2.70 0.92 1.33 1.93 1.06 1.52 1.03 0.40 0.13 0.08 0.19 2.69 2.69 0.44 1.26 2.22 2.25 1.49 0.48 0.15 0.09 0.18 2.67 2.67 0.38 0.88 1.76 2.29 2.19 0.44 0.12 0.07 0.18 2.69 2.67 0.19 0.36 0.46 0.52 0.89 0.66 2.21 0.78 0.36 0.16 2.67 2.69 0.43 0.70 0.67 0.46 0.96 1.52 2.41 2.19 1.26 0.13 2.68 2.70 0.45 0.67 0.56 0.33 0.44 1.65

I got: 2.23 2.09 0.20 2.68 2.68 0.46 0.66 0.52 0.29 0.32 1.06 1.50 1.10 0.49 2.71 2.71 0.26 0.36 0.26 0.14 0.11 0.44 0.37 0.52 0.39 0.71 0.36 2.67 0.23 0.23 0.14 0.07 0.12 0.34 0.11 0.13 0.28 0.43 0.07 0.36 0.03 0.06 0.06 0.01 0.29 0.28 0.04 0.05 0.09 0.64 1.23 0.75 2.69 1.02 0.28 0.10 0.07 0.29 0.08 0.07 0.10 0.58 0.35 0.32 2.68 2.68 0.81 0.22 0.07 0.40 0.14 0.11 0.17 0.50 0.29 0.11 0.08 2.71 1.19 0.51 0.28 0.45 0.20 0.14 0.01 0.05 0.06 0.06 0.01 0.01 0.06 0.01 0.01 0.01 0.07 0.07 0.42 0.87 0.48 0.18 0.11 0.17 2.69 2.32 2.34 1.63 0.56 0.33 0.21 0.69 0.30 0.11 0.08 0.20 2.66 2.66 1.37 0.95 0.67 0.28 0.79 0.92 0.41 0.14 0.09 0.17 2.68 2.68 0.92 1.32 1.93 1.07 1.52 1.03 0.40 0.13 0.09 0.19 2.68 2.68 0.44 1.26 2.22 2.24 1.49 0.48 0.15 0.09 0.18 2.68 2.69 0.39 0.87 1.76 2.29 2.19 0.44 0.12 0.07 0.18 2.68 2.69 0.19 0.36 0.46 0.52 0.89 0.66 2.21 0.78 0.36 0.16 2.69 2.67 0.43 0.70 0.67 0.46 0.95 1.52 2.41 2.19 1.26 0.14 2.70 2.68 0.45 0.67 0.56 0.33 0.45 1.65

I got: 2.23 2.10 0.20 2.69 2.70 0.46 0.66 0.52 0.29 0.32 1.06 1.50 1.09 0.49 2.72 2.71 0.26 0.36 0.26 0.14 0.11 0.44 0.37 0.52 0.39 0.71 0.36 2.67 0.23 0.23 0.14 0.07 0.12 0.34 0.11 0.13 0.28 0.43 0.07 0.36 0.03 0.06 0.06 0.01 0.29 0.28 0.04 0.05 0.10 0.64 1.23 0.75 2.67 1.02 0.28 0.10 0.07 0.29 0.08 0.07 0.10 0.58 0.34 0.32 2.67 2.72 0.81 0.22 0.07 0.40 0.14 0.11 0.16 0.50 0.29 0.11 0.08 2.70 1.19 0.51 0.28 0.45 0.20 0.14 0.01 0.06 0.05 0.06 0.01 0.01 0.06 0.01 0.01 0.01 0.06 0.05 0.42 0.87 0.48 0.18 0.11 0.17 2.71 2.32 2.34 1.63 0.56 0.33 0.21 0.70 0.30 0.11 0.08 0.20 2.68 2.67 1.37 0.96 0.67 0.29 0.79 0.92 0.41 0.14 0.09 0.17 2.69 2.68 0.92 1.33 1.93 1.07 1.51 1.03 0.40 0.13 0.08 0.19 2.68 2.68 0.44 1.26 2.23 2.25 1.49 0.48 0.16 0.10 0.19 2.68 2.68 0.38 0.87 1.76 2.29 2.19 0.44 0.12 0.07 0.18 2.70 2.68 0.18 0.36 0.46 0.52 0.89 0.66 2.21 0.78 0.36 0.17 2.68 2.68 0.43 0.70 0.67 0.46 0.95 1.51 2.40 2.19 1.26 0.14 2.68 2.70 0.45 0.67 0.56 0.33 0.45 1.65

