I got: 1.70 2.57 1.51 2.71 2.68 0.70 0.17 0.15 0.22 0.44 0.98 2.25 1.65 2.77 2.72 2.69 0.74 0.17 0.12 0.21 0.39 0.69 0.68 0.38 0.35 2.75 2.77 2.69 1.29 0.29 0.13 0.30 0.59 0.77 0.41 0.22 0.25 0.36 0.26 0.24 0.02 0.04 0.25 0.10 0.04 0.05 0.05 0.18 0.04 0.65 2.29 1.49 2.71 0.40 0.04 0.23 0.44 0.46 0.20 0.10 0.01 0.44 1.21 2.76 2.71 2.76 0.14 0.48 0.58 0.41 0.15 0.08 0.02 0.55 1.41 2.76 2.76 2.70 2.36 2.29 1.17 0.59 0.20 0.11 0.01 0.01 0.06 0.07 0.01 0.01 0.01 0.04 0.01 0.02 0.10 0.07 0.11 0.30 0.15 1.33 0.66 0.30 2.70 1.76 0.69 0.80 0.12 0.12 0.11 0.37 0.09 0.70 0.34 0.24 2.70 2.70 0.67 1.62 0.52 0.15 0.16 0.71 0.20 0.76 0.33 0.25 2.69 2.69 1.25 2.42 2.28 0.37 1.34 1.03 0.24 0.63 0.28 0.19 2.71 2.70 0.76 1.76 1.67 1.66 2.11 0.50 0.97 0.46 0.23 2.70 2.71 0.74 0.72 0.28 2.53 2.77 0.48 0.49 0.19 0.20 2.71 2.70 0.19 0.10 0.11 0.35 1.40 0.30 1.11 0.99 0.38 0.17 2.72 2.72 0.13 0.06 0.09 0.13 0.53 0.33 2.01 1.92 1.20 0.28 2.72 2.70 0.14 0.05 0.12 0.11 0.21 0.86

I got: 1.71 2.57 1.51 2.70 2.69 0.70 0.17 0.15 0.22 0.44 0.98 2.25 1.65 2.77 2.71 2.69 0.74 0.17 0.12 0.21 0.39 0.69 0.68 0.37 0.35 2.75 2.77 2.69 1.29 0.29 0.13 0.30 0.59 0.77 0.42 0.21 0.24 0.36 0.26 0.24 0.02 0.04 0.25 0.10 0.04 0.05 0.05 0.18 0.04 0.65 2.29 1.49 2.71 0.40 0.04 0.23 0.44 0.47 0.20 0.10 0.02 0.44 1.21 2.76 2.71 2.75 0.14 0.48 0.58 0.41 0.15 0.09 0.02 0.55 1.41 2.76 2.77 2.70 2.36 2.30 1.16 0.59 0.20 0.11 0.01 0.01 0.03 0.05 0.01 0.01 0.01 0.07 0.01 0.01 0.06 0.06 0.13 0.30 0.15 1.29 0.63 0.30 2.71 1.69 0.68 0.77 0.12 0.13 0.11 0.37 0.09 0.69 0.33 0.24 2.70 2.70 0.67 1.62 0.52 0.15 0.16 0.72 0.20 0.76 0.34 0.25 2.69 2.70 1.25 2.42 2.27 0.36 1.34 1.03 0.24 0.62 0.29 0.19 2.70 2.70 0.76 1.75 1.66 1.66 2.02 0.51 0.98 0.46 0.22 2.70 2.70 0.74 0.72 0.28 2.54 2.77 0.48 0.50 0.19 0.20 2.71 2.70 0.19 0.10 0.11 0.42 1.41 0.30 1.11 0.99 0.38 0.17 2.72 2.72 0.13 0.06 0.09 0.18 0.47 0.33 1.99 1.90 1.20 0.29 2.72 2.71 0.15 0.05 0.12 0.18 0.14 0.86

I got: 1.71 2.57 1.51 2.74 2.70 0.70 0.17 0.15 0.32 0.34 0.98 2.25 1.65 2.77 2.72 2.70 0.74 0.17 0.12 0.29 0.31 0.69 0.68 0.37 0.35 2.76 2.77 2.69 1.29 0.29 0.13 0.40 0.49 0.77 0.42 0.21 0.25 0.37 0.26 0.24 0.02 0.04 0.25 0.22 0.16 0.05 0.05 0.18 0.04 0.65 2.29 1.49 2.69 0.40 0.04 0.27 0.40 0.47 0.20 0.10 0.02 0.44 1.21 2.77 2.70 2.76 0.14 0.52 0.55 0.41 0.15 0.08 0.02 0.56 1.41 2.76 2.77 2.73 2.36 2.32 1.12 0.59 0.20 0.11 0.01 0.01 0.08 0.08 0.01 0.01 0.01 0.06 0.01 0.02 0.08 0.06 0.11 0.29 0.14 1.26 0.61 0.30 2.70 1.65 0.66 0.75 0.11 0.12 0.10 0.37 0.09 0.69 0.33 0.24 2.70 2.70 0.67 1.63 0.52 0.15 0.16 0.71 0.20 0.77 0.34 0.25 2.69 2.69 1.25 2.47 2.23 0.36 1.34 1.03 0.24 0.62 0.28 0.19 2.72 2.70 0.76 1.75 1.59 1.65 2.19 0.54 1.06 0.49 0.24 2.70 2.69 0.79 0.76 0.29 2.61 2.77 0.48 0.48 0.19 0.20 2.70 2.70 0.19 0.10 0.11 0.43 1.41 0.29 1.12 1.00 0.38 0.17 2.72 2.72 0.13 0.06 0.09 0.19 0.47 0.34 2.00 1.92 1.20 0.29 2.72 2.71 0.15 0.05 0.12 0.19 0.13 0.86

I got: 1.71 2.57 1.51 2.71 2.68 0.70 0.17 0.15 0.34 0.32 0.98 2.25 1.65 2.76 2.72 2.70 0.74 0.17 0.12 0.31 0.30 0.69 0.68 0.38 0.35 2.76 2.77 2.70 1.29 0.29 0.13 0.42 0.48 0.77 0.42 0.22 0.25 0.37 0.26 0.24 0.02 0.04 0.25 0.25 0.19 0.05 0.05 0.18 0.04 0.65 2.29 1.49 2.71 0.40 0.04 0.28 0.39 0.46 0.20 0.10 0.02 0.44 1.21 2.76 2.70 2.75 0.14 0.53 0.54 0.41 0.15 0.08 0.02 0.55 1.41 2.77 2.77 2.70 2.36 2.33 1.11 0.59 0.20 0.11 0.01 0.01 0.01 0.05 0.01 0.01 0.01 0.05 0.01 0.01 0.05 0.07 0.10 0.30 0.15 1.35 0.66 0.30 2.69 1.76 0.69 0.80 0.12 0.13 0.10 0.37 0.09 0.68 0.32 0.24 2.70 2.69 0.67 1.61 0.52 0.15 0.16 0.72 0.20 0.76 0.34 0.25 2.69 2.69 1.25 2.42 2.28 0.36 1.34 1.03 0.24 0.63 0.28 0.19 2.70 2.71 0.76 1.75 1.67 1.66 2.12 0.51 1.00 0.46 0.23 2.70 2.70 0.75 0.73 0.28 2.54 2.77 0.48 0.49 0.19 0.20 2.70 2.75 0.18 0.10 0.11 0.42 1.40 0.29 1.13 0.99 0.37 0.17 2.71 2.76 0.13 0.06 0.09 0.18 0.48 0.33 2.00 1.92 1.20 0.29 2.71 2.74 51.53 0.05 0.12 0.18 0.15 0.86

I got: 1.71 2.57 1.51 2.71 2.69 0.70 0.17 0.16 0.31 0.34 0.98 2.25 1.65 2.76 2.71 2.69 0.74 0.17 0.13 0.29 0.31 0.69 0.68 0.38 0.35 2.76 2.76 2.70 1.29 0.29 0.14 0.40 0.49 0.77 0.42 0.22 0.24 0.37 0.27 0.24 0.02 0.04 0.25 0.22 0.16 0.05 0.05 0.18 0.04 0.65 2.29 1.49 2.71 0.40 0.04 0.23 0.44 0.47 0.20 0.10 0.02 0.44 1.21 2.77 2.70 2.75 0.15 0.48 0.59 0.41 0.15 0.09 0.02 0.55 1.41 2.76 2.77 2.70 2.36 2.29 1.17 0.59 0.20 0.11 0.01 0.01 0.06 0.06 0.01 0.01 0.01 0.05 0.01 0.01 0.10 0.06 0.13 0.30 0.15 1.30 0.64 0.30 2.69 1.70 0.68 0.78 0.12 0.12 0.11 0.37 0.09 0.69 0.33 0.24 2.70 2.69 0.67 1.61 0.51 0.15 0.16 0.72 0.20 0.76 0.34 0.25 2.69 2.70 1.25 2.43 2.28 0.36 1.34 1.03 0.24 0.62 0.28 0.19 2.69 2.72 0.76 1.75 1.66 1.66 2.23 0.56 1.07 0.50 0.25 2.71 2.71 0.81 0.78 0.30 2.65 2.77 0.48 0.48 0.19 0.20 2.70 2.70 0.19 0.10 0.11 0.44 1.40 0.29 1.11 0.99 0.37 0.17 2.72 2.73 0.13 0.06 0.09 0.19 0.46 0.34 2.00 1.93 1.20 0.28 2.73 2.70 0.15 0.05 0.12 0.20 0.13 0.86

I got: 1.71 2.57 1.51 2.69 2.70 0.70 0.17 0.16 0.34 0.32 0.99 2.25 1.65 2.77 2.71 2.70 0.74 0.17 0.12 0.31 0.29 0.69 0.68 0.37 0.34 2.75 2.76 2.68 1.29 0.29 0.13 0.42 0.48 0.78 0.41 0.22 0.25 0.37 0.27 0.24 0.02 0.04 0.25 0.26 0.20 0.05 0.05 0.18 0.04 0.65 2.29 1.49 2.71 0.40 0.04 0.28 0.39 0.47 0.20 0.11 0.02 0.44 1.21 2.76 2.69 2.75 0.15 0.53 0.54 0.41 0.15 0.09 0.02 0.56 1.41 2.77 2.76 2.73 2.36 2.33 1.10 0.59 0.20 0.11 0.01 0.01 0.01 0.07 0.01 0.01 0.01 0.05 0.01 0.01 0.07 0.07 0.10 0.30 0.16 1.39 0.69 0.31 2.70 1.81 0.71 0.82 0.13 0.12 0.11 0.37 0.09 0.67 0.32 0.24 2.69 2.70 0.67 1.60 0.52 0.15 0.16 0.71 0.20 0.76 0.34 0.25 2.75 2.70 1.25 2.42 2.28 0.36 1.34 1.03 0.25 0.62 0.29 0.19 2.77 2.70 0.76 1.75 1.67 1.65 2.21 0.55 1.06 0.49 0.24 2.69 2.69 0.80 0.77 0.30 2.62 2.77 0.48 0.48 0.19 0.20 2.69 2.70 0.19 0.10 0.11 0.43 1.40 0.29 1.11 0.99 0.38 0.17 2.72 2.76 0.13 0.06 0.09 0.19 0.47 0.33 2.00 1.92 1.20 0.28 2.71 2.71 0.15 0.05 0.12 0.19 0.13 0.86

I got: 1.71 2.57 1.51 2.72 2.69 0.70 0.17 0.15 0.34 0.32 0.98 2.25 1.65 2.77 2.73 2.71 0.74 0.17 0.12 0.30 0.30 0.69 0.68 0.38 0.35 2.75 2.76 2.70 1.29 0.29 0.13 0.41 0.48 0.77 0.42 0.21 0.24 0.36 0.27 0.24 0.02 0.04 0.25 0.25 0.19 0.05 0.05 0.18 0.04 0.65 2.29 1.49 2.70 0.40 0.04 0.28 0.39 0.47 0.20 0.11 0.01 0.45 1.21 2.76 2.70 2.76 0.15 0.53 0.54 0.41 0.15 0.09 0.02 0.56 1.41 2.77 2.76 2.70 2.36 2.33 1.11 0.59 0.20 0.11 0.01 0.01 0.01 0.02 0.01 0.01 0.01 0.08 0.01 0.01 0.06 0.06 0.11 0.30 0.16 1.33 0.65 0.31 2.70 1.73 0.68 0.78 0.08 0.13 0.11 0.37 0.09 0.66 0.31 0.24 2.70 51.53 0.67 1.68 0.51 0.15 0.16 0.72 0.20 0.76 0.34 0.25 2.69 2.69 1.25 2.47 2.23 0.36 1.34 1.03 0.24 0.62 0.28 0.19 2.69 2.72 0.76 1.75 1.59 1.65 2.25 0.57 1.10 0.51 0.25 2.70 2.70 0.82 0.81 0.31 2.69 2.77 0.48 0.48 0.19 0.20 2.69 2.69 0.18 0.10 0.11 0.44 1.40 0.29 1.10 1.00 0.38 0.17 2.72 2.71 0.13 0.06 0.09 0.20 0.46 0.33 2.00 1.92 1.20 0.29 2.71 2.71 0.14 0.05 0.12 0.20 0.13 0.86

I got: 1.71 2.57 1.51 2.70 2.69 0.70 0.17 0.15 0.35 0.32 0.98 2.25 1.65 2.77 2.71 2.69 0.74 0.17 0.12 0.32 0.29 0.69 0.68 0.38 0.35 2.75 2.77 2.69 1.29 0.29 0.14 0.43 0.47 0.77 0.42 0.22 0.25 0.37 0.26 0.24 0.02 0.04 0.25 0.28 0.21 0.05 0.05 0.18 0.04 0.66 2.29 1.49 2.71 0.40 0.04 0.29 0.38 0.47 0.20 0.11 0.02 0.44 1.21 2.77 2.71 2.74 0.14 0.53 0.54 0.41 0.15 0.08 0.02 0.55 1.41 2.77 2.76 2.72 2.36 2.33 1.10 0.59 0.20 0.11 0.01 0.01 0.01 0.05 0.01 0.01 0.01 0.04 0.01 0.01 0.07 0.08 0.09 0.31 0.17 1.43 0.71 0.31 2.70 1.87 0.72 0.85 0.13 0.13 0.11 0.36 0.09 0.68 0.32 0.24 2.70 2.70 0.67 1.61 0.52 0.15 0.16 0.72 0.20 0.76 0.33 0.25 2.69 2.70 1.25 2.41 2.28 0.36 1.34 1.03 0.24 0.62 0.28 0.19 2.70 2.72 0.76 1.75 1.68 1.66 2.24 0.57 1.10 0.51 0.25 2.70 2.70 0.82 0.80 0.31 2.69 2.77 0.48 0.48 0.19 0.20 2.71 2.70 0.19 0.10 0.11 0.44 1.40 0.29 1.11 0.99 0.37 0.17 2.72 2.73 0.13 0.06 0.09 0.20 0.46 0.34 2.00 1.93 1.20 0.28 2.72 2.70 0.15 0.05 0.12 0.20 0.12 0.87

I got: 1.71 2.57 1.51 2.70 2.70 0.70 0.17 0.15 0.35 0.32 0.98 2.25 1.65 2.76 2.72 2.70 0.74 0.17 0.12 0.32 0.29 0.69 0.68 0.37 0.34 2.76 2.77 2.69 1.29 0.29 0.13 0.42 0.47 0.77 0.42 0.22 0.24 0.37 0.26 0.24 0.02 0.04 0.25 0.26 0.20 0.05 0.05 0.18 0.04 0.65 2.29 1.49 2.72 0.40 0.04 0.28 0.39 0.47 0.20 0.11 0.02 0.44 1.21 2.77 2.71 2.75 0.15 0.53 0.54 0.41 0.15 0.08 0.02 0.55 1.41 2.76 2.76 2.73 2.36 2.33 1.11 0.59 0.20 0.11 0.01 0.01 0.01 0.01 0.01 0.01 0.01 0.08 0.01 0.01 0.05 0.05 0.10 0.30 0.16 1.38 0.68 0.30 2.70 1.79 0.70 0.81 0.12 0.13 0.11 0.37 0.09 0.67 0.32 0.24 2.69 2.70 0.67 1.61 0.51 0.16 0.16 0.72 0.20 0.76 0.34 0.25 2.70 2.70 1.25 2.42 2.28 0.36 1.34 1.03 0.24 0.62 0.28 0.19 2.71 2.70 0.76 1.75 1.67 1.65 2.23 0.56 1.08 0.50 0.25 2.71 2.71 0.81 0.79 0.30 2.67 2.77 0.48 0.49 0.19 0.20 2.72 2.70 0.19 0.10 0.11 0.44 1.40 0.29 1.11 0.99 0.37 0.17 2.71 2.72 0.13 0.06 0.09 0.20 0.46 0.33 2.00 1.92 1.20 0.28 2.71 2.71 0.15 0.05 0.12 0.20 0.13 0.87

I got: 1.71 2.57 1.51 2.70 2.70 0.70 0.17 0.15 0.35 0.32 0.98 2.25 1.65 2.76 2.71 2.71 0.74 0.17 0.12 0.32 0.29 0.69 0.68 0.38 0.35 2.75 2.77 2.70 1.29 0.29 0.13 0.43 0.48 0.77 0.41 0.22 0.24 0.37 0.27 0.24 0.02 0.04 0.25 0.27 0.21 0.05 0.05 0.18 0.04 0.65 2.29 1.49 2.78 0.40 0.04 0.28 0.39 0.46 0.20 0.10 0.02 0.43 1.21 2.76 2.70 2.74 0.15 0.53 0.54 0.41 0.15 0.08 0.02 0.56 1.42 2.76 2.77 2.75 2.36 2.33 1.10 0.59 0.20 0.11 0.01 0.01 0.01 0.01 0.01 0.01 0.01 0.06 0.01 0.01 0.06 0.06 0.09 0.30 0.17 1.43 0.71 0.30 2.70 1.86 0.72 0.85 0.13 0.12 0.11 0.37 0.09 0.67 0.32 0.24 2.70 2.70 0.67 1.60 0.51 0.15 0.16 0.72 0.20 0.75 0.34 0.25 2.69 2.69 1.25 2.42 2.29 0.37 1.34 1.03 0.24 0.62 0.29 0.19 2.70 2.71 0.76 1.75 1.68 1.66 2.25 0.57 1.09 0.51 0.25 2.70 2.70 0.82 0.80 0.31 2.68 2.77 0.48 0.48 0.19 0.20 2.69 2.70 0.19 0.10 0.11 0.44 1.39 0.30 1.13 0.99 0.37 0.17 2.71 2.73 0.13 0.06 0.09 0.20 0.46 0.33 2.00 1.93 1.20 0.29 2.72 2.71 0.15 0.05 0.12 0.20 0.12 0.86

I got: 1.71 2.57 1.51 2.70 2.69 0.70 0.17 0.15 0.35 0.32 0.98 2.25 1.65 2.77 2.71 2.69 0.74 0.17 0.12 0.32 0.29 0.69 0.68 0.38 0.35 2.76 2.77 2.69 1.29 0.29 0.13 0.43 0.47 0.77 0.42 0.22 0.25 0.37 0.27 0.24 0.02 0.04 0.25 0.27 0.21 0.06 0.05 0.18 0.05 0.65 2.29 1.49 2.71 0.40 0.04 0.28 0.39 0.47 0.20 0.10 0.02 0.44 1.21 2.77 2.71 2.75 0.14 0.53 0.54 0.41 0.15 0.09 0.02 0.55 1.41 2.76 2.77 2.71 2.36 2.33 1.11 0.59 0.20 0.11 0.01 0.01 0.01 0.01 0.01 0.01 0.01 0.05 0.01 0.02 0.11 0.05 0.09 0.30 0.16 1.41 0.70 0.31 2.70 1.85 0.72 0.84 0.13 0.12 0.11 0.37 0.09 0.67 0.32 0.24 2.70 2.69 0.67 1.60 0.51 0.16 0.16 0.71 0.20 0.77 0.34 0.25 2.69 2.70 1.25 2.42 2.28 0.36 1.34 1.03 0.24 0.62 0.28 0.19 2.70 2.72 0.76 1.75 1.68 1.65 2.22 0.56 1.08 0.50 0.25 2.70 2.70 0.81 0.79 0.30 2.66 2.77 0.47 0.48 0.19 0.20 2.70 2.70 0.18 0.10 0.11 0.44 1.39 0.30 1.11 0.99 0.38 0.17 2.70 2.71 0.13 0.06 0.09 0.20 0.46 0.33 2.00 1.92 1.20 0.28 2.72 2.70 0.15 0.05 0.12 0.19 0.13 0.87

I got: 1.71 2.57 1.51 2.69 2.70 0.70 0.17 0.15 0.35 0.32 0.98 2.25 1.65 2.76 2.70 2.70 0.74 0.17 0.13 0.32 0.29 0.69 0.68 0.38 0.34 2.76 2.76 2.73 1.29 0.29 0.13 0.42 0.47 0.77 0.41 0.22 0.25 0.37 0.27 0.24 0.02 0.04 0.25 0.27 0.20 0.05 0.05 0.19 0.04 0.65 2.29 1.49 2.74 0.40 0.04 0.28 0.39 0.46 0.21 0.11 0.02 0.43 1.21 2.77 2.73 2.75 0.15 0.53 0.54 0.41 0.15 0.08 0.02 0.55 1.41 2.77 2.78 2.71 2.36 2.33 1.10 0.59 0.20 0.11 0.01 0.01 0.01 0.01 0.01 0.01 0.01 0.05 0.01 0.01 0.05 0.07 0.10 0.30 0.16 1.39 0.68 0.30 2.69 1.80 0.70 0.81 0.12 0.13 0.11 0.37 0.09 0.65 0.31 0.24 2.70 2.70 0.67 1.68 0.52 0.15 0.16 0.71 0.20 0.76 0.33 0.25 2.70 2.70 1.25 2.47 2.23 0.37 1.34 1.03 0.24 0.62 0.28 0.19 2.70 2.69 0.76 1.75 1.59 1.65 2.23 0.56 1.10 0.51 0.25 2.70 2.70 0.81 0.79 0.30 2.65 2.77 0.48 0.48 0.19 0.20 2.71 2.70 0.19 0.10 0.11 0.43 1.39 0.29 1.10 0.99 0.38 0.17 2.73 2.72 0.13 0.06 0.09 0.19 0.46 0.34 2.00 1.93 1.20 0.28 2.70 2.71 0.15 0.05 0.12 0.19 0.13 0.87

