I got: 0.48 0.26 0.13 2.67 0.15 2.67 0.05 0.06 0.09 0.11 0.18 0.18 0.65 0.72 0.25 2.67 0.10 2.67 0.07 0.07 0.09 0.10 0.16 0.11 0.30 0.69 0.73 0.65 2.66 0.17 2.66 0.07 0.07 0.08 0.12 0.16 0.08 0.17 0.18 0.26 0.68 2.70 0.10 2.69 0.09 0.08 0.08 0.09 0.12 0.07 0.12 0.11 0.20 0.36 0.84 0.04 2.66 0.17 0.13 0.11 0.11 0.15 0.08 0.13 0.10 0.05 0.20 0.15 0.31 2.63 0.07 0.05 0.03 0.23 0.16 0.11 0.05 0.18 0.01 0.01 0.01 0.01 0.01 0.01 0.01 0.01 0.01 0.01 0.01 0.01 0.01 0.01 0.01 0.01 0.01 0.10 0.47 0.01 0.01 0.01 0.01 0.00 0.01 0.01 0.11 0.16 0.09 0.22 0.20 2.66 0.09 0.84 0.28 0.21 0.10 0.13 0.09 0.10 0.16 0.08 0.19 0.14 2.66 0.14 2.65 0.76 0.32 0.13 0.16 0.10 0.12 0.16 0.08 0.18 0.11 2.66 0.14 2.66 0.81 0.78 0.26 0.23 0.11 0.13 0.16 0.11 0.18 0.09 2.66 0.17 2.66 0.24 0.71 0.74 0.36 0.15 0.14 0.13 0.08 0.13 0.07 2.66 0.12 2.66 0.11 0.22 0.63 0.93 0.22 0.24 0.18 0.11 0.16 0.08 2.67 0.15 2.66 0.08 0.14 0.27 0.82 0.61 0.66 0.28 0.12 0.18 0.10 2.67 0.15 2.67 0.08 0.11 0.18 0.32 0.99 0.66 0.18 0.21 0.11 2.66 0.09 2.66 0.06 0.08 0.12 0.15 0.32 0.57

I got: 0.48 0.26 0.13 2.67 0.16 2.67 0.05 0.06 0.08 0.11 0.18 0.18 0.65 0.72 0.25 2.68 0.13 2.66 0.07 0.07 0.09 0.10 0.16 0.12 0.30 0.69 0.74 0.65 2.66 0.16 2.66 0.07 0.07 0.08 0.12 0.16 0.08 0.17 0.18 0.26 0.68 2.69 0.11 2.70 0.09 0.08 0.08 0.09 0.12 0.07 0.12 0.11 0.20 0.36 0.84 0.04 2.66 0.17 0.12 0.11 0.11 0.14 0.08 0.13 0.11 0.05 0.20 0.15 0.31 2.64 0.06 0.04 0.03 0.22 0.17 0.11 0.05 0.18 0.01 0.01 0.01 0.01 0.01 0.01 0.01 0.01 0.01 0.01 0.01 0.01 0.01 0.01 0.01 0.01 0.01 0.09 0.77 0.01 0.01 0.01 0.01 0.01 0.01 0.01 0.11 0.16 0.09 0.22 0.20 2.66 0.09 0.84 0.28 0.21 0.11 0.13 0.09 0.11 0.16 0.08 0.19 0.14 2.66 0.13 2.66 0.76 0.32 0.14 0.16 0.09 0.12 0.16 0.08 0.18 0.12 2.66 0.14 2.67 0.81 0.79 0.26 0.23 0.11 0.13 0.16 0.11 0.18 0.10 2.66 0.16 2.66 0.24 0.71 0.74 0.36 0.15 0.14 0.13 0.07 0.13 0.07 2.68 0.12 2.68 0.12 0.22 0.63 0.92 0.22 0.24 0.18 0.11 0.16 0.08 2.67 0.14 2.66 0.08 0.14 0.27 0.82 0.62 0.66 0.28 0.11 0.18 0.10 2.69 0.17 2.66 0.08 0.11 0.18 0.32 1.00 0.66 0.17 0.21 0.11 2.72 0.09 2.66 0.06 0.08 0.12 0.14 0.32 0.57

I got: 0.48 0.26 0.13 2.72 0.15 2.67 0.05 0.06 0.09 0.11 0.18 0.18 0.64 0.72 0.25 2.69 0.10 2.70 0.07 0.07 0.09 0.10 0.16 0.12 0.29 0.69 0.73 0.65 2.66 0.15 2.66 0.07 0.07 0.08 0.12 0.16 0.08 0.17 0.17 0.26 0.68 2.70 0.11 2.69 0.09 0.08 0.08 0.09 0.12 0.07 0.12 0.10 0.20 0.36 0.84 0.04 2.67 0.17 0.12 0.11 0.11 0.15 0.08 0.13 0.11 0.06 0.20 0.15 0.31 2.64 0.07 0.04 0.03 0.23 0.17 0.11 0.05 0.18 0.01 0.01 0.01 0.01 0.01 0.01 0.01 0.01 0.01 0.01 0.01 0.01 0.01 0.01 0.00 0.01 0.01 0.08 0.71 0.01 0.01 0.01 0.01 0.01 0.01 0.01 0.11 0.17 0.09 0.22 0.20 2.65 0.09 0.84 0.28 0.21 0.11 0.13 0.09 0.11 0.16 0.07 0.19 0.14 2.66 0.14 2.66 0.75 0.32 0.14 0.16 0.09 0.12 0.16 0.08 0.18 0.12 2.66 0.14 2.66 0.81 0.79 0.26 0.22 0.11 0.13 0.16 0.11 0.18 0.10 2.65 0.16 2.66 0.24 0.71 0.73 0.36 0.14 0.14 0.13 0.07 0.13 0.07 2.67 0.12 2.65 0.12 0.22 0.63 0.92 0.22 0.24 0.18 0.11 0.16 0.08 2.66 0.13 2.67 0.08 0.14 0.27 0.82 0.61 0.66 0.28 0.11 0.18 0.10 2.67 0.14 2.66 0.08 0.11 0.18 0.32 0.99 0.66 0.18 0.21 0.11 2.66 0.09 2.66 0.06 0.08 0.12 0.14 0.32 0.57

I got: 0.48 0.26 0.13 2.67 0.14 2.66 0.05 0.06 0.08 0.11 0.19 0.18 0.64 0.72 0.25 2.67 0.11 2.68 0.07 0.07 0.09 0.10 0.17 0.12 0.30 0.69 0.73 0.65 2.66 0.15 2.66 0.07 0.06 0.08 0.12 0.17 0.08 0.17 0.17 0.26 0.68 2.67 0.09 2.69 0.09 0.07 0.08 0.09 0.12 0.07 0.12 0.10 0.21 0.37 0.84 0.03 2.66 0.17 0.12 0.11 0.11 0.15 0.08 0.13 0.10 0.06 0.20 0.15 0.31 2.65 0.07 0.05 0.03 0.23 0.17 0.11 0.05 0.18 0.01 0.01 0.01 0.01 0.01 0.01 0.01 0.01 0.01 0.01 0.01 0.01 0.01 0.01 0.01 0.01 0.01 0.09 0.49 0.01 0.01 0.01 0.01 0.01 0.01 0.01 0.11 0.17 0.09 0.22 0.20 2.66 0.09 0.84 0.28 0.22 0.10 0.13 0.09 0.11 0.16 0.07 0.19 0.14 2.66 0.16 2.66 0.75 0.32 0.13 0.15 0.09 0.12 0.16 0.08 0.18 0.12 2.66 0.14 2.67 0.81 0.79 0.26 0.22 0.11 0.13 0.16 0.11 0.18 0.10 2.66 0.16 2.66 0.24 0.70 0.73 0.36 0.15 0.14 0.13 0.07 0.13 0.07 2.68 0.10 2.66 0.11 0.22 0.63 0.92 0.22 0.24 0.18 0.11 0.16 0.08 2.67 0.15 2.66 0.08 0.14 0.27 0.82 0.61 0.66 0.28 0.11 0.18 0.10 2.68 0.15 2.68 0.08 0.11 0.18 0.32 1.00 0.66 0.18 0.21 0.11 2.66 0.10 2.66 0.06 0.08 0.12 0.14 0.33 0.57

I got: 0.47 0.26 0.13 2.66 0.14 2.67 0.05 0.06 0.08 0.11 0.19 0.18 0.64 0.72 0.25 2.69 0.13 2.66 0.07 0.07 0.09 0.10 0.17 0.12 0.29 0.69 0.74 0.65 2.66 0.16 2.65 0.07 0.06 0.08 0.12 0.17 0.08 0.17 0.17 0.26 0.68 2.66 51.53 2.69 0.09 0.07 0.08 0.09 0.13 0.07 0.12 0.10 0.21 0.36 0.84 0.03 2.71 0.17 0.13 0.11 0.11 0.15 0.08 0.13 0.10 0.06 0.20 0.15 0.31 2.65 0.06 0.04 0.03 0.23 0.17 0.11 0.05 0.18 0.01 0.01 0.01 0.01 0.01 0.01 0.01 0.01 0.01 0.01 0.01 0.01 0.01 0.01 0.01 0.00 0.01 0.11 0.38 0.01 0.01 0.01 0.01 0.01 0.01 0.01 0.11 0.17 0.09 0.22 0.20 2.67 0.10 0.84 0.28 0.22 0.11 0.13 0.09 0.11 0.16 0.08 0.19 0.14 2.67 0.14 2.67 0.75 0.33 0.14 0.15 0.09 0.12 0.16 0.08 0.18 0.12 2.67 0.15 2.66 0.81 0.79 0.26 0.22 0.11 0.13 0.17 0.11 0.18 0.10 2.66 0.16 2.66 0.24 0.71 0.73 0.36 0.14 0.14 0.13 0.07 0.13 0.07 2.69 0.12 2.67 0.11 0.22 0.62 0.92 0.22 0.24 0.18 0.11 0.16 0.08 2.66 0.17 2.66 0.08 0.14 0.27 0.82 0.61 0.66 0.27 0.11 0.18 0.10 2.68 0.15 2.68 0.08 0.11 0.18 0.31 1.00 0.66 0.17 0.22 0.11 2.67 0.08 2.67 0.06 0.08 0.11 0.14 0.33 0.57

I got: 0.47 0.26 0.13 2.67 0.15 2.66 0.05 0.06 0.08 0.11 0.19 0.18 0.63 0.72 0.25 2.68 0.13 2.68 0.07 0.07 0.09 0.10 0.17 0.12 0.29 0.69 0.74 0.64 2.66 0.16 2.65 0.07 0.06 0.08 0.13 0.17 0.08 0.17 0.17 0.26 0.67 2.67 0.11 2.67 0.09 0.08 0.08 0.10 0.13 0.07 0.12 0.10 0.21 0.36 0.84 0.03 2.67 0.17 0.12 0.11 0.12 0.15 0.08 0.13 0.10 0.06 0.20 0.16 0.30 2.65 0.06 0.04 0.03 0.23 0.17 0.11 0.05 0.19 0.01 0.01 0.01 0.01 0.01 0.01 0.01 0.01 0.01 0.01 0.01 0.01 0.02 0.01 0.01 0.01 0.01 0.09 0.62 0.01 0.01 0.01 0.01 0.01 0.01 0.01 0.11 0.16 0.09 0.22 0.20 2.67 0.08 0.84 0.27 0.22 0.10 0.13 0.09 0.11 0.16 0.08 0.19 0.14 2.66 0.14 2.66 0.75 0.32 0.13 0.16 0.09 0.12 0.16 0.08 0.18 0.12 2.66 0.13 2.66 0.81 0.79 0.26 0.22 0.11 0.13 0.16 0.11 0.18 0.10 2.66 0.16 2.66 0.23 0.70 0.73 0.35 0.14 0.14 0.13 0.07 0.13 0.07 2.69 0.12 2.68 0.11 0.22 0.62 0.91 0.21 0.24 0.18 0.11 0.16 0.08 2.66 0.14 2.66 0.08 0.14 0.27 0.81 0.61 0.66 0.28 0.11 0.18 0.10 2.66 0.16 2.66 0.08 0.11 0.18 0.31 1.00 0.65 0.18 0.21 0.11 2.66 0.10 2.66 0.06 0.08 0.11 0.14 0.33 0.56

I got: 0.48 0.26 0.13 2.67 0.15 2.67 0.05 0.06 0.08 0.11 0.19 0.18 0.63 0.72 0.26 2.67 0.11 2.67 0.07 0.07 0.09 0.10 0.17 0.12 0.29 0.69 0.74 0.64 2.66 0.16 2.66 0.07 0.07 0.08 0.13 0.18 0.08 0.17 0.17 0.26 0.68 2.68 0.10 2.68 0.09 0.07 0.08 0.09 0.13 0.06 0.12 0.10 0.21 0.36 0.84 0.04 2.66 0.17 0.12 0.11 0.12 0.16 0.08 0.13 0.09 0.06 0.20 0.15 0.31 2.64 0.07 0.04 0.03 0.23 0.18 0.11 0.05 0.19 0.01 0.01 0.01 0.01 0.01 0.01 0.01 0.01 0.01 0.01 0.01 0.01 0.01 0.01 0.01 0.01 0.01 0.07 0.81 0.01 0.01 0.01 0.01 0.00 0.01 0.01 0.11 0.17 0.09 0.22 0.20 2.69 0.07 0.84 0.27 0.22 0.10 0.13 0.09 0.11 0.16 0.08 0.19 0.14 2.70 0.14 2.66 0.74 0.32 0.13 0.15 0.09 0.12 0.16 0.08 0.18 0.12 2.67 0.15 2.67 0.81 0.79 0.26 0.22 0.11 0.13 0.16 0.11 0.18 0.10 2.66 0.16 2.69 0.23 0.70 0.72 0.35 0.14 0.14 0.13 0.07 0.13 0.07 2.67 0.11 2.69 0.11 0.22 0.62 0.91 0.21 0.24 0.18 0.11 0.16 0.08 2.66 0.14 2.67 0.08 0.14 0.27 0.81 0.61 0.66 0.28 0.11 0.18 0.10 2.68 0.19 2.67 0.08 0.11 0.18 0.32 1.00 0.66 0.17 0.21 0.11 2.67 0.09 2.68 0.06 0.08 0.11 0.14 0.33 0.56

I got: 0.47 0.26 0.13 2.66 0.15 2.68 0.05 0.06 0.08 0.11 0.19 0.17 0.63 0.72 0.25 2.68 0.11 2.68 0.07 0.07 0.09 0.10 0.17 0.12 0.29 0.69 0.74 0.64 2.66 0.15 2.64 0.06 0.07 0.08 0.12 0.17 0.08 0.17 0.17 0.26 0.68 2.67 0.10 2.68 0.09 0.08 0.08 0.09 0.13 0.06 0.12 0.10 0.21 0.36 0.84 0.03 2.68 0.17 0.12 0.11 0.11 0.15 0.08 0.13 0.10 0.06 0.20 0.15 0.31 2.65 0.06 0.04 0.03 0.23 0.18 0.11 0.05 0.19 0.01 0.01 0.01 0.01 0.01 0.01 0.01 0.01 0.01 0.01 0.01 0.01 0.02 0.01 0.01 0.01 0.01 0.08 0.61 0.01 0.01 0.01 0.01 0.01 0.01 0.01 0.11 0.17 0.09 0.22 0.20 2.67 0.09 0.84 0.27 0.22 0.11 0.13 0.09 0.11 0.16 0.07 0.19 0.14 2.66 0.13 2.67 0.74 0.33 0.13 0.15 0.08 0.12 0.16 0.08 0.18 0.12 2.66 0.14 2.66 0.81 0.79 0.26 0.22 0.10 0.13 0.17 0.11 0.18 0.10 2.65 0.16 2.66 0.23 0.70 0.72 0.35 0.14 0.14 0.13 0.07 0.13 0.07 2.68 51.53 2.69 0.11 0.22 0.62 0.90 0.22 0.24 0.18 0.11 0.17 0.08 2.67 0.14 2.65 0.08 0.14 0.27 0.81 0.61 0.66 0.28 0.11 0.18 0.10 2.67 0.16 2.67 0.08 0.11 0.18 0.31 1.00 0.65 0.17 0.22 0.11 2.66 0.09 2.66 0.06 0.08 0.11 0.14 0.33 0.56

I got: 0.47 0.26 0.13 2.66 0.14 2.68 0.05 0.06 0.08 0.10 0.19 0.17 0.63 0.72 0.25 2.69 0.11 2.67 0.07 0.07 0.09 0.10 0.17 0.12 0.29 0.68 0.74 0.64 2.66 0.16 2.66 0.07 0.06 0.08 0.12 0.18 0.08 0.17 0.17 0.26 0.67 2.67 0.10 2.67 0.09 0.07 0.08 0.09 0.13 0.06 0.12 0.09 0.21 0.37 0.84 0.04 2.67 0.17 0.12 0.11 0.11 0.16 0.08 0.13 0.09 0.06 0.20 0.16 0.31 2.66 0.06 0.04 0.03 0.24 0.18 0.11 0.05 0.18 0.01 0.01 0.01 0.01 0.01 0.01 0.01 0.01 0.01 0.01 52.81 0.01 0.01 0.01 0.01 0.01 0.01 0.11 0.46 0.01 0.01 0.01 0.01 0.01 0.01 0.01 0.11 0.17 0.09 0.22 0.20 2.67 0.09 0.84 0.27 0.23 0.11 0.13 0.08 0.11 0.16 0.08 0.19 0.14 2.65 0.15 2.67 0.74 0.33 0.13 0.15 0.09 0.12 0.16 0.08 0.18 0.12 2.66 0.13 2.67 0.81 0.80 0.26 0.22 0.11 0.13 0.16 0.11 0.18 0.10 2.65 0.15 2.66 0.23 0.70 0.72 0.35 0.14 0.14 0.13 0.07 0.13 0.07 2.68 0.11 2.68 0.11 0.22 0.62 0.90 0.21 0.24 0.19 0.11 0.17 0.08 2.66 0.15 2.69 0.08 0.14 0.27 0.81 0.60 0.66 0.28 0.11 0.18 0.10 2.65 0.16 2.71 0.08 0.11 0.18 0.31 1.00 0.65 0.17 0.22 0.11 2.66 0.08 2.66 0.06 0.08 0.11 0.14 0.33 0.56

I got: 0.47 0.27 0.13 2.68 0.14 2.67 0.05 0.06 0.08 0.11 0.19 0.18 0.63 0.72 0.25 2.70 0.12 2.67 0.07 0.07 0.09 0.10 0.17 0.12 0.29 0.68 0.73 0.64 2.66 0.15 2.66 0.06 0.06 0.08 0.13 0.18 0.08 0.17 0.16 0.26 0.67 2.66 0.10 2.66 0.08 0.08 0.08 0.09 0.13 0.07 0.12 0.09 0.21 0.36 0.84 0.03 2.67 0.17 0.12 0.11 0.11 0.16 0.08 0.13 0.09 0.07 0.21 0.16 0.32 2.64 0.07 0.04 0.03 0.24 0.05 0.14 0.05 0.19 0.01 0.01 0.01 0.01 0.01 0.01 0.01 0.01 0.01 0.01 0.01 0.01 0.01 0.01 0.01 0.01 0.01 0.07 0.39 0.01 0.01 0.01 0.01 0.01 0.01 0.01 0.12 0.05 0.12 0.22 0.20 2.66 0.10 0.84 0.26 0.12 0.18 0.13 0.09 0.11 0.04 0.10 0.20 0.14 2.66 0.15 2.66 0.73 0.23 0.22 0.15 0.08 0.13 0.05 0.10 0.18 0.12 2.66 0.11 2.66 0.81 0.70 0.35 0.22 0.10 0.13 0.03 0.09 0.18 0.10 2.66 0.17 2.66 0.24 0.72 0.85 0.37 0.14 0.13 0.02 0.07 0.16 0.07 2.68 0.14 2.66 0.10 0.20 0.59 0.86 0.20 0.23 0.06 0.10 0.16 0.08 2.66 0.14 2.66 0.08 0.13 0.26 0.78 0.58 0.66 0.18 0.15 0.18 0.10 2.66 0.15 2.66 0.08 0.11 0.18 0.31 1.00 0.54 0.23 0.22 0.11 2.66 0.08 2.66 0.06 0.07 0.11 0.14 0.22 0.66

I got: 0.54 0.26 0.13 2.67 0.16 2.67 0.05 0.06 0.08 0.11 0.10 0.25 0.63 0.61 0.21 2.66 0.14 2.67 0.05 0.05 0.07 0.11 0.06 0.18 0.24 0.52 0.58 0.62 2.67 0.16 2.66 0.06 0.06 0.08 0.13 0.04 0.16 0.16 0.16 0.26 0.67 2.67 0.09 2.68 0.09 0.07 0.08 0.09 0.04 0.13 0.12 0.10 0.21 0.37 0.84 0.04 2.66 0.17 0.12 0.11 0.11 0.05 0.15 0.13 0.09 0.06 0.19 0.14 0.32 2.63 0.06 0.04 0.03 0.25 0.05 0.14 0.05 0.19 0.01 0.01 0.01 0.01 0.01 0.01 0.01 0.01 0.01 0.01 0.01 0.01 0.01 0.01 0.01 0.01 0.01 0.08 0.73 0.01 0.01 0.01 0.01 0.01 0.01 0.01 0.12 0.16 0.07 0.22 0.20 2.66 0.08 0.84 0.27 0.12 0.18 0.13 0.09 0.11 0.15 0.06 0.19 0.14 2.66 0.13 2.66 0.73 0.23 0.22 0.15 0.08 0.13 0.15 0.06 0.18 0.12 2.67 0.13 2.67 0.81 0.70 0.35 0.22 0.10 0.14 0.15 0.09 0.18 0.10 2.66 0.16 2.66 0.24 0.72 0.85 0.37 0.14 0.14 0.13 0.06 0.17 0.09 2.66 0.13 2.66 0.14 0.27 0.76 1.10 0.26 0.24 0.17 0.08 0.16 0.08 2.66 0.16 2.67 0.08 0.13 0.26 0.83 0.59 0.67 0.27 0.09 0.18 0.10 2.66 0.16 2.67 0.08 0.11 0.18 0.35 0.95 0.63 0.17 0.22 0.11 2.66 0.11 2.66 0.06 0.08 0.11 0.16 0.25 0.56

I got: 0.54 0.27 0.13 2.68 0.15 2.66 0.05 0.06 0.08 0.09 0.12 0.17 0.63 0.61 0.21 2.72 0.14 2.66 0.05 0.06 0.07 0.07 0.08 0.09 0.24 0.52 0.58 0.50 2.70 0.15 2.66 0.06 0.06 0.08 0.06 0.07 0.07 0.16 0.15 0.26 0.67 2.73 0.12 2.67 0.09 0.07 0.08 0.07 0.06 0.06 0.12 0.09 0.21 0.36 0.84 0.04 2.67 0.17 0.12 0.11 0.09 0.08 0.07 0.12 0.09 0.06 0.17 0.12 0.31 2.64 0.07 0.04 0.03 0.03 0.05 0.10 0.05 0.19 0.01 0.01 0.01 0.01 0.01 0.01 0.01 0.01 0.01 0.01 0.01 0.01 0.01 0.01 0.01 0.01 0.01 0.09 0.78 0.01 0.01 0.01 0.01 0.01 0.01 0.01 0.11 0.15 0.06 0.22 0.20 2.67 0.10 0.84 0.30 0.15 0.10 0.13 0.08 0.11 0.14 0.05 0.19 0.14 2.66 0.13 2.67 0.80 0.25 0.13 0.15 0.08 0.13 0.15 0.06 0.18 0.12 2.66 0.13 2.66 0.80 0.73 0.26 0.22 0.10 0.16 0.16 0.07 0.18 0.11 2.67 0.16 2.67 0.30 0.88 0.91 0.43 0.15 0.18 0.16 0.07 0.17 0.09 2.65 0.14 2.66 0.14 0.27 0.76 1.10 0.25 0.24 0.17 0.08 0.16 0.08 2.66 0.15 2.66 0.08 0.13 0.26 0.82 0.59 0.66 0.27 0.09 0.18 0.10 2.66 0.17 2.66 0.08 0.11 0.18 0.35 0.94 0.64 0.16 0.22 0.11 2.65 0.09 2.66 0.06 0.08 0.11 0.16 0.25 0.56

I got: 0.47 0.27 0.13 2.66 0.15 2.68 0.05 0.06 0.08 0.10 0.12 0.17 0.62 0.70 0.25 2.69 0.12 2.68 0.06 0.07 0.09 0.09 0.10 0.11 0.28 0.66 0.72 0.62 2.66 0.15 2.67 0.06 0.06 0.08 0.07 0.07 0.07 0.16 0.15 0.26 0.66 2.69 0.11 2.67 0.08 0.07 0.08 0.07 0.06 0.06 0.12 0.10 0.21 0.36 0.84 0.03 2.67 0.17 0.12 0.11 0.09 0.08 0.07 0.13 0.09 0.07 0.18 0.14 0.31 2.65 0.06 0.04 0.03 0.03 0.05 0.10 0.04 0.19 0.01 0.01 0.01 0.01 0.01 0.01 0.01 0.01 0.01 0.01 0.01 0.01 0.02 0.01 0.00 0.01 0.01 0.07 0.49 0.01 0.01 0.01 0.01 0.01 0.01 0.01 0.12 0.17 0.07 0.23 0.20 2.65 0.10 0.83 0.30 0.15 0.10 0.13 0.09 0.11 0.15 0.06 0.20 0.14 2.65 0.14 2.67 0.80 0.25 0.13 0.15 0.08 0.13 0.15 0.07 0.18 0.12 2.67 0.12 2.67 0.81 0.73 0.26 0.22 0.10 0.16 0.17 0.08 0.18 0.11 2.66 0.13 2.66 0.30 0.88 0.91 0.43 0.15 0.19 0.17 0.08 0.17 0.09 2.66 0.15 2.66 0.14 0.27 0.76 1.10 0.25 0.24 0.17 0.09 0.16 0.08 2.66 0.14 2.66 0.08 0.13 0.26 0.81 0.58 0.66 0.28 0.10 0.18 0.10 2.66 0.17 2.67 0.08 0.11 0.18 0.34 0.94 0.65 0.16 0.22 0.11 2.66 0.09 2.67 0.06 0.08 0.11 0.15 0.24 0.56

I got: 0.46 0.26 0.13 2.68 0.15 2.66 0.05 0.06 0.08 0.09 0.12 0.17 0.62 0.70 0.25 2.67 0.13 2.67 0.06 0.07 0.09 0.09 0.09 0.11 0.28 0.65 0.71 0.61 2.66 0.16 2.66 0.06 0.06 0.07 0.07 0.07 0.07 0.16 0.15 0.26 0.66 2.69 0.11 2.69 0.09 0.07 0.08 0.07 0.06 0.06 0.12 0.09 0.21 0.36 0.84 0.03 2.66 0.17 0.12 0.11 0.09 0.08 0.07 0.13 0.09 0.07 0.18 0.13 0.31 2.66 0.06 0.05 0.03 0.03 0.06 0.09 0.05 0.19 0.01 0.01 0.01 0.01 0.01 0.01 0.01 0.01 0.01 0.01 0.01 0.01 0.01 0.01 0.01 0.01 0.01 0.07 0.43 0.01 0.01 0.01 0.01 0.00 0.01 0.01 0.12 0.16 0.07 0.23 0.20 2.66 0.09 0.84 0.30 0.15 0.10 0.13 0.08 0.11 0.15 0.06 0.20 0.14 2.69 0.13 2.67 0.80 0.25 0.13 0.15 0.08 0.13 0.15 0.07 0.18 0.12 2.69 0.12 2.67 0.81 0.73 0.26 0.22 0.10 0.16 0.17 0.07 0.19 0.11 2.69 0.16 2.66 0.30 0.88 0.91 0.43 0.15 0.19 0.17 0.08 0.17 0.09 2.66 0.14 2.66 0.13 0.26 0.74 1.07 0.25 0.19 0.14 0.07 0.13 0.07 2.67 0.13 2.67 0.07 0.12 0.24 0.74 0.58 0.66 0.27 0.10 0.18 0.10 2.66 0.17 2.66 0.08 0.11 0.18 0.35 0.94 0.65 0.16 0.22 0.11 2.66 0.09 2.67 0.05 0.08 0.11 0.16 0.24 0.56

I got: 0.46 0.27 0.13 2.69 0.14 2.67 0.05 0.06 0.08 0.09 0.12 0.17 0.62 0.70 0.25 2.67 0.12 2.66 0.06 0.07 0.09 0.09 0.09 0.11 0.28 0.64 0.71 0.61 2.67 0.16 2.65 0.06 0.06 0.08 0.07 0.07 0.07 0.16 0.15 0.26 0.66 2.68 0.12 2.67 0.08 0.07 0.08 0.07 0.06 0.06 0.11 0.09 0.21 0.36 0.84 0.03 2.66 0.17 0.12 0.11 0.09 0.08 0.07 0.13 0.09 0.07 0.18 0.14 0.31 2.64 0.07 0.04 0.03 0.03 0.11 0.02 0.04 0.19 0.01 0.01 0.01 0.01 0.01 0.01 0.01 0.01 0.00 0.02 0.02 0.01 0.01 0.01 0.00 0.01 0.01 0.07 0.55 0.01 0.01 0.01 0.01 0.01 0.01 0.01 0.12 0.16 0.07 0.23 0.20 2.66 0.09 0.84 0.30 0.13 0.17 0.13 0.09 0.12 0.15 0.06 0.20 0.14 2.66 0.15 2.66 0.80 0.18 0.22 0.15 0.08 0.13 0.15 0.07 0.18 0.12 2.68 0.14 2.66 0.80 0.63 0.37 0.22 0.10 0.16 0.16 0.08 0.18 0.11 2.66 0.13 2.66 0.30 0.88 1.00 0.43 0.15 0.19 0.17 0.08 0.17 0.10 2.66 0.15 2.66 0.14 0.28 0.80 1.17 0.27 0.25 0.18 0.10 0.17 0.09 2.66 0.16 2.66 0.08 0.14 0.28 0.86 0.61 0.66 0.27 0.10 0.18 0.10 2.68 0.16 2.68 0.08 0.11 0.18 0.34 0.95 0.65 0.16 0.22 0.11 2.67 0.08 2.66 0.05 0.08 0.11 0.15 0.25 0.56

I got: 0.46 0.27 0.13 2.68 0.15 2.67 0.05 0.06 0.08 0.09 0.12 0.18 0.62 0.70 0.25 2.66 0.14 2.67 0.06 0.07 0.08 0.09 0.10 0.12 0.28 0.64 0.71 0.61 2.66 0.13 2.66 0.06 0.06 0.08 0.06 0.06 0.09 0.16 0.15 0.26 0.66 2.69 0.11 2.68 0.09 0.07 0.08 0.07 0.06 0.07 0.12 0.09 0.21 0.36 0.84 0.03 2.68 0.17 0.12 0.11 0.09 0.08 0.09 0.13 0.09 0.07 0.18 0.14 0.31 2.65 0.07 0.04 0.03 0.03 0.02 0.13 0.04 0.19 0.01 0.01 0.01 0.01 0.01 0.01 0.01 0.01 0.01 0.01 0.01 0.01 0.01 0.01 0.01 0.00 0.01 0.07 0.80 0.01 0.01 0.01 0.00 0.01 0.01 0.01 0.12 0.16 0.07 0.23 0.20 2.67 0.08 0.84 0.30 0.15 0.11 0.12 0.09 0.12 0.15 0.06 0.20 0.14 2.67 0.13 2.67 0.80 0.25 0.14 0.15 0.08 0.13 0.15 0.06 0.18 0.12 2.66 0.13 2.66 0.80 0.73 0.27 0.22 0.09 0.16 0.16 0.07 0.18 0.11 2.67 0.15 2.67 0.30 0.88 0.91 0.43 0.15 0.20 0.17 0.07 0.18 0.10 2.70 0.14 2.67 0.14 0.28 0.80 1.16 0.27 0.26 0.18 0.09 0.17 0.09 2.70 0.15 2.66 0.08 0.14 0.28 0.86 0.61 0.67 0.28 0.10 0.18 0.10 2.66 0.16 2.69 0.08 0.11 0.18 0.34 0.95 0.65 0.15 0.22 0.11 2.66 0.09 2.69 0.05 0.08 0.11 0.15 0.24 0.56

I got: 0.46 0.27 0.13 2.67 0.14 2.71 0.05 0.06 0.08 0.09 0.12 0.17 0.62 0.70 0.25 2.67 0.12 2.67 0.06 0.07 0.08 0.09 0.09 0.12 0.27 0.63 0.70 0.60 2.67 0.13 2.67 0.06 0.06 0.08 0.07 0.06 0.08 0.16 0.14 0.26 0.66 2.68 0.10 2.68 0.08 0.07 0.08 0.07 0.06 0.07 0.12 0.09 0.21 0.36 0.84 0.04 2.66 0.17 0.12 0.11 0.09 0.07 0.09 0.12 0.09 0.08 0.17 0.13 0.31 2.64 0.07 0.04 0.03 0.03 0.02 0.13 0.04 0.19 0.01 0.01 0.01 0.01 0.01 0.01 0.01 0.01 0.01 0.01 0.01 0.01 0.01 0.01 0.01 0.00 0.01 0.08 0.67 0.01 0.01 0.01 0.01 0.01 0.01 0.01 0.12 0.15 0.06 0.23 0.20 2.66 0.07 0.83 0.30 0.15 0.11 0.12 0.08 0.12 0.15 0.06 0.20 0.14 2.66 0.16 2.66 0.80 0.25 0.14 0.15 0.08 0.13 0.15 0.06 0.19 0.12 2.66 0.14 2.66 0.80 0.73 0.26 0.22 0.09 0.16 0.16 0.07 0.19 0.11 2.66 0.15 2.66 0.29 0.87 0.91 0.43 0.15 0.20 0.17 0.07 0.18 0.10 2.66 0.13 2.66 0.14 0.28 0.80 1.16 0.26 0.26 0.18 0.09 0.17 0.09 2.66 0.15 2.66 0.08 0.14 0.28 0.86 0.61 0.67 0.27 0.10 0.19 0.10 2.68 0.16 2.67 0.08 0.11 0.18 0.34 0.95 0.64 0.15 0.22 0.11 2.67 0.08 2.67 0.05 0.08 0.11 0.15 0.24 0.56

