I got: 0.26 0.15 0.16 0.18 2.68 2.70 0.09 0.04 0.02 0.05 0.10 0.30 2.04 0.49 0.05 0.11 2.71 2.72 0.28 0.10 0.03 0.07 0.28 0.46 0.78 0.36 0.25 0.29 0.22 2.70 2.70 0.47 0.17 0.05 0.12 0.44 0.53 0.36 0.05 0.02 0.65 0.48 2.72 2.71 0.36 0.13 0.04 0.10 0.33 0.37 0.21 0.04 0.15 0.32 0.35 2.69 2.70 0.11 0.05 0.02 0.07 0.06 0.14 0.15 0.04 0.08 0.15 0.04 0.43 2.73 0.05 0.03 0.01 0.04 0.02 0.05 0.07 0.03 0.25 0.32 0.08 0.29 0.14 0.12 0.08 0.02 0.14 0.10 0.04 0.15 0.05 0.06 0.07 0.01 0.04 0.04 0.05 0.01 0.05 0.03 0.01 0.05 0.01 0.01 0.03 0.56 0.54 0.53 0.08 0.21 2.71 0.32 0.53 0.79 0.71 0.33 0.05 0.11 0.31 0.17 0.25 0.10 0.17 2.69 2.69 2.40 0.55 0.28 0.17 0.04 0.13 0.18 0.06 0.13 0.12 0.14 2.70 2.69 0.40 0.35 0.10 0.09 0.03 0.14 0.29 0.12 0.23 0.12 0.18 2.69 2.70 0.54 2.21 0.42 0.17 0.04 0.07 0.41 0.33 0.37 0.08 0.16 2.71 2.69 0.70 0.51 0.32 0.48 0.06 0.08 0.61 0.37 0.39 0.09 0.19 2.69 2.69 0.50 0.18 0.06 0.29 0.19 1.81 0.83 0.19 0.17 0.08 0.12 2.71 2.71 0.20 0.08 0.03 0.07 0.40 0.67 0.13 0.09 0.15 0.15 2.71 2.70 0.05 0.03 0.02 0.05 0.06 0.36

I got: 0.26 0.16 0.17 0.18 2.69 2.68 0.09 0.04 0.02 0.05 0.09 0.30 2.04 0.48 0.05 0.11 2.73 2.73 0.28 0.10 0.03 0.07 0.28 0.46 0.78 0.35 0.24 0.29 0.22 2.69 2.69 0.47 0.17 0.05 0.12 0.44 0.53 0.36 0.06 0.02 0.65 0.48 2.73 2.72 0.36 0.13 0.04 0.09 0.33 0.37 0.21 0.03 0.15 0.32 0.35 2.69 2.70 0.11 0.05 0.02 0.07 0.06 0.14 0.15 0.04 0.08 0.14 0.03 0.42 2.74 0.05 0.03 0.01 0.04 0.01 0.05 0.07 0.02 0.25 0.32 0.08 0.29 0.14 0.12 0.08 0.02 0.14 0.10 0.04 0.15 0.06 0.06 0.05 0.01 0.04 0.04 0.04 0.01 0.04 0.04 0.01 0.05 0.01 0.01 0.02 0.55 0.54 0.53 0.08 0.21 2.69 0.32 0.54 0.78 0.71 0.34 0.05 0.11 0.31 0.17 0.25 0.10 0.17 2.70 2.70 2.40 0.55 0.28 0.17 0.04 0.13 0.18 0.06 0.12 0.12 0.14 2.69 2.71 0.41 0.35 0.10 0.09 0.03 0.14 0.30 0.12 0.23 0.12 0.18 2.69 2.70 0.54 2.22 0.42 0.18 0.04 0.07 0.41 0.33 0.38 0.08 0.16 2.70 2.70 0.72 0.52 0.33 0.48 0.05 0.08 0.61 0.37 0.39 0.09 0.19 2.69 2.70 0.50 0.18 0.06 0.30 0.18 1.81 0.83 0.19 0.17 0.08 0.12 2.71 2.72 0.21 0.08 0.03 0.06 0.39 0.67 0.13 0.09 0.14 0.15 2.71 2.70 0.05 0.03 0.02 0.04 0.06 0.36

I got: 0.26 0.16 0.17 0.18 2.72 2.68 0.09 0.04 0.02 0.04 0.09 0.30 2.05 0.49 0.05 0.11 2.73 2.77 0.28 0.10 0.03 0.08 0.27 0.46 0.78 0.35 0.24 0.29 0.21 2.72 2.69 0.47 0.17 0.05 0.13 0.43 0.53 0.36 0.06 0.03 0.66 0.48 2.71 2.72 0.35 0.13 0.04 0.10 0.33 0.37 0.21 0.03 0.15 0.32 0.35 2.69 2.69 0.11 0.05 0.02 0.06 0.05 0.13 0.15 0.05 0.08 0.14 0.03 0.43 2.73 0.05 0.03 0.01 0.04 0.01 0.05 0.07 0.02 0.25 0.33 0.09 0.29 0.14 0.12 0.08 0.02 0.13 0.11 0.04 0.15 0.06 0.06 0.03 0.01 0.01 0.04 0.05 0.00 0.05 0.04 0.01 0.05 0.03 0.01 0.03 0.55 0.54 0.54 0.08 0.21 2.69 0.32 0.54 0.78 0.71 0.34 0.05 0.11 0.30 0.17 0.25 0.10 0.17 2.70 2.69 2.41 0.55 0.28 0.18 0.04 0.13 0.18 0.07 0.13 0.12 0.14 2.70 2.71 0.40 0.35 0.11 0.09 0.03 0.13 0.30 0.12 0.23 0.12 0.18 2.70 2.69 0.54 2.22 0.41 0.18 0.05 0.07 0.41 0.33 0.38 0.08 0.16 2.70 2.71 0.71 0.51 0.33 0.48 0.06 0.08 0.62 0.37 0.39 0.09 0.19 2.70 2.70 0.50 0.18 0.06 0.30 0.19 1.81 0.84 0.19 0.17 0.08 0.12 2.71 2.72 0.21 0.08 0.03 0.07 0.39 0.68 0.13 0.09 0.14 0.15 2.69 2.70 0.05 0.03 0.02 0.04 0.06 0.36

I got: 0.26 0.16 0.16 0.18 2.70 2.70 0.09 0.04 0.02 0.04 0.09 0.30 2.04 0.49 0.05 0.11 2.74 2.73 0.28 0.10 0.03 0.08 0.27 0.46 0.77 0.36 0.24 0.29 0.22 2.69 2.69 0.47 0.17 0.05 0.13 0.43 0.53 0.36 0.05 0.02 0.64 0.48 2.72 51.53 0.35 0.13 0.04 0.10 0.32 0.37 0.21 0.03 0.16 0.32 0.35 2.69 2.69 0.11 0.05 0.02 0.06 0.05 0.13 0.15 0.03 0.08 0.13 0.03 0.43 2.73 0.06 0.03 0.01 0.04 0.01 0.05 0.07 0.03 0.25 0.32 0.08 0.28 0.14 0.12 0.08 0.02 0.13 0.11 0.04 0.15 0.05 0.05 0.05 0.04 0.01 0.05 0.05 0.01 0.04 0.05 0.01 0.05 0.01 0.00 0.02 0.55 0.54 0.54 0.08 0.21 2.71 0.32 0.53 0.78 0.71 0.34 0.04 0.11 0.30 0.17 0.25 0.10 0.17 2.70 2.70 2.40 0.55 0.28 0.17 0.04 0.13 0.18 0.06 0.12 0.12 0.14 2.71 2.70 0.41 0.35 0.10 0.09 0.04 0.13 0.29 0.12 0.23 0.12 0.18 2.70 2.69 0.54 2.23 0.42 0.18 0.04 0.07 0.40 0.33 0.37 0.08 0.16 2.71 2.69 0.70 0.51 0.32 0.48 0.06 0.08 0.61 0.37 0.39 0.09 0.19 2.70 2.69 0.50 0.18 0.06 0.29 0.18 1.81 0.83 0.19 0.17 0.08 0.12 2.72 2.70 0.20 0.07 0.03 0.06 0.40 0.67 0.13 0.09 0.14 0.15 2.70 2.69 0.05 0.03 0.02 0.05 0.07 0.36

I got: 0.26 0.16 0.16 0.18 2.69 2.69 0.09 0.04 0.02 0.05 0.10 0.30 2.04 0.49 0.05 0.11 2.72 2.71 0.28 0.10 0.03 0.07 0.28 0.46 0.77 0.35 0.25 0.29 0.22 2.70 2.69 0.47 0.17 0.05 0.12 0.44 0.53 0.36 0.06 0.02 0.65 0.48 2.78 2.72 0.35 0.13 0.04 0.09 0.33 0.37 0.21 0.03 0.15 0.32 0.36 2.74 2.70 0.11 0.05 0.02 0.07 0.06 0.14 0.15 0.04 0.09 0.14 0.03 0.43 2.73 0.05 0.03 0.01 0.05 0.02 0.05 0.07 0.03 0.25 0.32 0.09 0.29 0.13 0.12 0.08 0.02 0.14 0.10 0.05 0.15 0.05 0.07 0.10 0.01 0.04 0.05 0.06 0.01 0.05 0.04 0.01 0.07 0.01 0.01 0.02 0.56 0.54 0.54 0.08 0.20 2.69 0.32 0.53 0.79 0.71 0.34 0.04 0.10 0.31 0.17 0.25 0.10 0.17 2.69 2.69 2.40 0.55 0.28 0.17 0.04 0.13 0.18 0.06 0.12 0.12 0.14 2.70 2.70 0.40 0.35 0.10 0.09 0.03 0.13 0.29 0.12 0.23 0.12 0.18 2.69 2.70 0.54 2.21 0.41 0.18 0.04 0.07 0.41 0.33 0.37 0.08 0.16 2.71 2.71 0.71 0.51 0.33 0.48 0.05 0.08 0.61 0.37 0.39 0.09 0.19 2.69 2.70 0.49 0.18 0.06 0.30 0.18 1.81 0.83 0.19 0.17 0.08 0.12 2.71 2.72 0.21 0.07 0.03 0.06 0.39 0.67 0.13 0.10 0.14 0.15 2.69 2.69 0.05 0.03 0.02 0.04 0.06 0.36

I got: 0.26 0.16 0.17 0.18 2.69 2.69 0.09 0.04 0.02 0.05 0.09 0.30 2.04 0.49 0.05 0.11 2.74 2.73 0.28 0.10 0.03 0.08 0.28 0.46 0.77 0.35 0.24 0.29 0.21 2.69 2.69 0.46 0.17 0.05 0.12 0.44 0.53 0.36 0.06 0.02 0.65 0.48 2.71 2.72 0.35 0.13 0.04 0.09 0.33 0.38 0.21 0.03 0.15 0.32 0.35 2.69 2.69 0.11 0.05 0.02 0.07 0.06 0.13 0.15 0.04 0.08 0.14 0.03 0.43 2.72 0.05 0.03 0.01 0.04 0.01 0.05 0.07 0.02 0.25 0.32 0.09 0.29 0.14 0.12 0.08 0.02 0.14 0.10 0.04 0.15 0.05 0.08 0.04 0.04 0.04 0.06 0.07 0.01 0.04 0.02 0.01 0.07 0.01 0.01 0.03 0.55 0.54 0.53 0.08 0.21 2.70 0.32 0.53 0.78 0.71 0.34 0.04 0.11 0.30 0.17 0.25 0.10 0.17 2.71 2.70 2.40 0.55 0.28 0.17 0.03 0.13 0.18 0.07 0.12 0.12 0.14 2.70 2.71 0.40 0.35 0.10 0.09 0.04 0.13 0.29 0.12 0.23 0.12 0.18 2.70 2.69 0.54 2.21 0.42 0.18 0.04 0.07 0.41 0.34 0.38 0.08 0.16 2.71 2.71 0.71 0.51 0.33 0.48 0.05 0.08 0.61 0.37 0.39 0.09 0.19 2.70 2.70 0.49 0.18 0.06 0.29 0.19 1.81 0.84 0.19 0.17 0.08 0.12 2.71 2.72 0.21 0.08 0.03 0.06 0.39 0.67 0.13 0.09 0.14 0.15 2.70 2.70 0.05 0.03 0.02 0.04 0.06 0.37

I got: 0.26 0.16 0.16 0.18 2.69 2.69 0.09 0.04 0.02 0.04 0.09 0.30 2.04 0.49 0.05 0.11 2.73 2.71 0.28 0.10 0.03 0.08 0.28 0.46 0.77 0.35 0.24 0.29 0.22 2.70 2.70 0.46 0.17 0.05 0.12 0.43 0.53 0.36 0.06 0.02 0.65 0.48 2.71 2.70 0.35 0.13 0.04 0.10 0.32 0.37 0.21 0.03 0.15 0.31 0.35 2.69 2.69 0.11 0.05 0.02 0.06 0.05 0.13 0.15 0.04 0.08 0.14 0.03 0.43 2.73 0.05 0.03 0.01 0.04 0.01 0.05 0.07 0.02 0.25 0.32 0.09 0.29 0.14 0.12 0.08 0.02 0.14 0.11 0.04 0.14 0.06 0.06 0.06 0.03 0.01 0.03 0.05 0.01 0.04 0.07 0.01 0.05 0.04 0.01 0.02 0.55 0.54 0.54 0.08 0.21 2.70 0.32 0.54 0.78 0.71 0.34 0.05 0.11 0.31 0.17 0.25 0.10 0.17 2.71 2.73 2.41 0.55 0.28 0.18 0.04 0.13 0.18 0.06 0.13 0.12 0.14 2.70 2.74 0.40 0.35 0.11 0.10 0.03 0.14 0.29 0.12 0.23 0.12 0.19 2.72 2.69 0.54 2.21 0.42 0.18 0.04 0.07 0.41 0.34 0.38 0.08 0.16 2.73 2.70 0.71 0.51 0.33 0.48 0.05 0.08 0.62 0.37 0.39 0.09 0.19 2.70 2.69 0.49 0.18 0.06 0.29 0.18 1.81 0.83 0.19 0.17 0.08 0.12 2.75 2.71 0.20 0.07 0.03 0.06 0.39 0.67 0.13 0.09 0.15 0.15 2.70 2.71 0.05 0.03 0.02 0.04 0.06 0.36

I got: 0.26 0.16 0.17 0.18 2.70 2.70 0.09 0.04 0.02 0.05 0.09 0.30 2.04 0.49 0.05 0.11 2.71 2.71 0.28 0.10 0.03 0.08 0.27 0.46 0.78 0.36 0.24 0.29 0.21 2.70 2.70 0.47 0.17 0.05 0.12 0.43 0.53 0.36 0.06 0.02 0.64 0.48 2.71 2.72 0.35 0.13 0.04 0.09 0.32 0.38 0.21 0.03 0.15 0.32 0.35 2.69 2.70 0.11 0.05 0.02 0.07 0.05 0.13 0.15 0.04 0.08 0.14 0.03 0.43 2.72 0.05 0.03 0.01 0.04 0.01 0.05 0.07 0.03 0.25 0.32 0.08 0.29 0.14 0.12 0.08 0.02 0.14 0.11 0.04 0.15 0.05 0.05 0.05 0.04 0.03 0.06 0.03 0.01 0.04 0.03 0.01 0.04 0.01 0.01 0.03 0.55 0.54 0.54 0.08 0.20 2.71 0.32 0.53 0.78 0.71 0.34 0.04 0.11 0.30 0.17 0.25 0.10 0.17 2.69 2.70 2.41 0.55 0.28 0.17 0.03 0.13 0.18 0.07 0.12 0.12 0.14 2.70 2.70 0.40 0.35 0.10 0.09 0.04 0.14 0.29 0.12 0.23 0.12 0.18 2.69 2.70 0.54 2.20 0.42 0.17 0.04 0.07 0.41 0.33 0.37 0.08 0.16 2.72 2.71 0.70 0.51 0.32 0.47 0.05 0.08 0.61 0.37 0.39 0.09 0.19 2.69 2.69 0.49 0.18 0.06 0.29 0.18 1.81 0.83 0.19 0.17 0.08 0.12 2.71 2.73 0.20 0.08 0.03 0.06 0.40 0.67 0.13 0.09 0.14 0.15 2.71 2.69 0.05 0.03 0.02 0.05 0.07 0.36

I got: 0.26 0.16 0.16 0.18 2.69 2.68 0.09 0.04 0.02 0.05 0.10 0.30 2.04 0.49 0.05 0.11 2.72 2.73 0.28 0.10 0.03 0.07 0.28 0.46 0.77 0.35 0.24 0.29 0.22 2.69 2.69 0.46 0.17 0.05 0.12 0.44 0.53 0.36 0.06 0.02 0.65 0.48 2.72 2.72 0.35 0.13 0.04 0.09 0.33 0.37 0.21 0.03 0.15 0.31 0.35 2.70 2.69 0.11 0.05 0.02 0.07 0.07 0.13 0.15 0.04 0.08 0.14 0.03 0.43 2.73 0.05 0.03 0.01 0.04 0.02 0.05 0.07 0.02 0.25 0.32 0.09 0.29 0.14 0.12 0.08 0.02 0.14 0.09 0.04 0.14 0.05 0.05 0.05 0.03 0.01 0.04 0.05 0.01 0.04 0.06 0.01 0.06 0.04 0.01 0.03 0.55 0.54 0.54 0.08 0.21 2.69 0.32 0.53 0.79 0.71 0.34 0.05 0.10 0.31 0.17 0.25 0.10 0.17 2.70 2.69 2.40 0.56 0.28 0.17 0.04 0.13 0.18 0.06 0.13 0.12 0.14 2.69 2.71 0.40 0.36 0.10 0.10 0.03 0.13 0.29 0.12 0.23 0.12 0.18 2.70 2.69 0.53 2.19 0.42 0.18 0.03 0.07 0.40 0.33 0.38 0.08 0.16 2.71 2.70 0.70 0.50 0.32 0.48 0.05 0.08 0.61 0.37 0.39 0.09 0.19 2.74 2.69 0.49 0.18 0.06 0.29 0.19 1.81 0.83 0.19 0.17 0.08 0.12 2.78 2.73 0.21 0.08 0.03 0.06 0.40 0.67 0.13 0.09 0.14 0.15 2.73 2.70 0.05 0.03 0.02 0.05 0.07 0.36

I got: 0.26 0.16 0.17 0.18 2.68 2.70 0.09 0.04 0.02 0.05 0.10 0.30 2.04 0.49 0.05 0.11 2.72 51.53 0.28 0.10 0.03 0.07 0.28 0.46 0.77 0.35 0.24 0.29 0.22 2.70 2.70 0.46 0.17 0.05 0.11 0.45 0.53 0.36 0.06 0.02 0.65 0.48 2.71 2.70 0.36 0.13 0.03 0.09 0.33 0.37 0.21 0.04 0.15 0.32 0.35 2.69 2.69 0.11 0.05 0.02 0.07 0.06 0.14 0.15 0.04 0.08 0.14 0.03 0.43 2.73 0.05 0.03 0.01 0.05 0.01 0.05 0.07 0.03 0.25 0.32 0.09 0.29 0.14 0.12 0.08 0.02 0.15 0.09 0.04 0.15 0.05 0.05 0.07 0.01 0.01 0.05 0.06 0.01 0.04 0.04 0.01 0.07 0.01 0.01 0.02 0.55 0.54 0.54 0.08 0.21 2.71 0.32 0.53 0.79 0.70 0.34 0.04 0.11 0.31 0.17 0.25 0.10 0.17 2.70 2.70 2.40 0.56 0.27 0.17 0.04 0.13 0.19 0.06 0.13 0.12 0.14 2.71 2.69 0.41 0.36 0.10 0.09 0.03 0.13 0.30 0.12 0.23 0.12 0.18 2.69 2.70 0.53 2.19 0.41 0.17 0.04 0.07 0.40 0.33 0.37 0.08 0.16 2.72 2.70 0.70 0.51 0.32 0.48 0.05 0.08 0.61 0.37 0.39 0.09 0.19 2.69 2.69 0.49 0.18 0.06 0.29 0.18 1.81 0.83 0.19 0.17 0.08 0.12 2.71 2.71 0.20 0.08 0.03 0.06 0.39 0.67 0.13 0.09 0.15 0.15 2.71 2.70 0.05 0.03 0.02 0.05 0.06 0.37

I got: 0.26 0.16 0.17 0.18 2.69 2.69 0.09 0.04 0.02 0.05 0.09 0.30 2.03 0.49 0.05 0.11 2.73 2.71 0.28 0.10 0.03 0.07 0.28 0.46 0.77 0.35 0.24 0.29 0.22 2.70 2.69 0.46 0.17 0.05 0.12 0.44 0.53 0.36 0.05 0.02 0.64 0.48 2.72 2.72 0.35 0.13 0.04 0.09 0.33 0.37 0.21 0.03 0.15 0.32 0.35 2.70 2.70 0.11 0.05 0.02 0.07 0.05 0.14 0.15 0.03 0.08 0.14 0.04 0.43 2.72 0.05 0.03 0.01 0.04 0.01 0.05 0.07 0.03 0.25 0.33 0.09 0.29 0.14 0.12 0.08 0.02 0.14 0.10 0.04 0.15 0.05 0.04 0.06 0.01 0.01 0.04 0.04 0.01 0.05 0.03 0.01 0.04 0.01 0.01 0.03 0.54 0.54 0.54 0.08 0.21 2.69 0.32 0.53 0.79 0.71 0.34 0.05 0.11 0.31 0.17 0.25 0.10 0.17 2.69 2.69 2.40 0.55 0.28 0.17 0.04 0.13 0.18 0.07 0.13 0.12 0.14 2.69 2.70 0.40 0.35 0.10 0.09 0.03 0.13 0.30 0.12 0.23 0.12 0.18 2.69 2.69 0.54 2.18 0.41 0.17 0.04 0.07 0.41 0.33 0.37 0.08 0.16 2.72 2.69 0.69 0.50 0.32 0.47 0.05 0.08 0.61 0.37 0.39 0.09 0.19 2.69 2.70 0.49 0.18 0.06 0.29 0.19 1.81 0.83 0.19 0.17 0.08 0.12 2.70 2.72 0.21 0.07 0.03 0.06 0.40 0.67 0.13 0.09 0.15 0.15 2.71 2.70 0.05 0.03 0.02 0.05 0.07 0.36

I got: 0.26 0.16 0.17 0.18 2.69 2.68 0.09 0.04 0.02 0.05 0.10 0.30 2.04 0.49 0.05 0.11 2.74 2.72 0.28 0.10 0.03 0.07 0.28 0.46 0.77 0.35 0.24 0.29 0.22 2.69 2.70 0.46 0.17 0.05 0.12 0.44 0.53 0.36 0.06 0.02 0.64 0.48 2.72 2.72 0.35 0.13 0.04 0.09 0.33 0.37 0.21 0.04 0.16 0.32 0.35 2.72 2.69 0.11 0.05 0.02 0.07 0.07 0.14 0.15 0.04 0.09 0.15 0.03 0.43 2.76 0.05 0.03 0.01 0.05 0.02 0.05 0.07 0.03 0.25 0.33 0.09 0.29 0.14 0.12 0.08 0.02 0.15 0.09 0.05 0.15 0.05 0.06 0.06 0.01 0.03 0.04 0.04 0.01 0.04 0.03 0.01 0.05 0.01 0.01 0.02 0.55 0.54 0.54 0.08 0.21 2.69 0.32 0.53 0.79 0.71 0.34 0.04 0.11 0.31 0.17 0.25 0.10 0.17 2.69 2.70 2.40 0.56 0.28 0.17 0.04 0.13 0.18 0.06 0.13 0.12 0.14 2.70 2.70 0.40 0.36 0.10 0.09 0.03 0.14 0.29 0.12 0.23 0.12 0.18 2.69 2.69 0.53 2.19 0.41 0.17 0.04 0.08 0.40 0.33 0.37 0.08 0.16 2.70 2.71 0.70 0.51 0.33 0.48 0.05 0.08 0.61 0.37 0.39 0.09 0.19 2.70 2.70 0.49 0.18 0.06 0.29 0.18 1.81 0.83 0.19 0.17 0.08 0.12 2.72 2.71 0.20 0.07 0.03 0.06 0.39 0.67 0.13 0.10 0.14 0.15 2.69 2.70 0.05 0.03 0.02 0.05 0.06 0.37

I got: 0.26 0.16 0.16 0.18 2.70 2.69 0.09 0.04 0.02 0.05 0.09 0.30 2.04 0.49 0.05 0.11 2.72 2.73 0.28 0.10 0.03 0.07 0.28 0.46 0.77 0.35 0.24 0.29 0.22 2.70 2.69 0.46 0.17 0.05 0.12 0.43 0.53 0.36 0.06 0.02 0.65 0.47 2.70 2.71 0.35 0.13 0.04 0.10 0.32 0.37 0.21 0.03 0.16 0.32 0.35 2.69 2.68 0.11 0.05 0.02 0.07 0.06 0.13 0.15 0.04 0.08 0.13 0.03 0.43 2.73 0.05 0.03 0.01 0.04 0.01 0.05 0.07 0.02 0.25 0.32 0.09 0.29 0.14 0.12 0.08 0.02 0.15 0.10 0.04 0.14 0.06 0.06 0.05 0.02 0.01 0.03 0.05 0.01 0.05 0.06 0.01 0.05 0.03 0.01 0.02 0.55 0.54 0.54 0.08 0.21 2.71 0.32 0.53 0.79 0.71 0.34 0.04 0.11 0.31 0.17 0.25 0.10 0.17 2.71 2.70 2.40 0.55 0.28 0.17 0.04 0.13 0.18 0.06 0.13 0.12 0.14 2.70 2.71 0.40 0.36 0.11 0.10 0.03 0.13 0.30 0.12 0.23 0.12 0.18 2.70 2.69 0.53 2.19 0.42 0.18 0.04 0.07 0.41 0.33 0.37 0.08 0.16 2.70 2.71 0.69 0.50 0.32 0.47 0.05 0.08 0.61 0.37 0.39 0.08 0.19 2.70 2.69 0.49 0.18 0.06 0.29 0.18 1.81 0.83 0.19 0.17 0.08 0.12 2.72 2.72 0.21 0.08 0.03 0.06 0.39 0.67 0.13 0.10 0.14 0.15 2.69 2.70 0.05 0.03 0.02 0.05 0.07 0.37

I got: 0.26 0.16 0.16 0.18 2.69 2.70 0.09 0.04 0.02 0.05 0.10 0.30 2.04 0.49 0.04 0.11 2.71 2.72 0.28 0.10 0.03 0.07 0.28 0.46 0.77 0.35 0.24 0.29 0.21 2.70 2.68 0.46 0.17 0.05 0.11 0.44 0.53 0.36 0.06 0.02 0.64 0.47 2.71 2.71 0.36 0.13 0.04 0.09 0.33 0.37 0.21 0.03 0.15 0.33 0.36 2.69 2.70 0.11 0.05 0.02 0.07 0.06 0.13 0.15 0.04 0.08 0.13 0.03 0.43 2.74 0.05 0.03 0.01 0.04 0.01 0.05 0.07 0.03 0.25 0.32 0.09 0.29 0.15 0.12 0.08 0.02 0.15 0.09 0.04 0.15 0.06 0.10 0.06 0.05 0.04 0.08 0.08 0.01 0.05 0.01 0.01 0.08 0.01 0.01 0.03 0.55 0.54 0.54 0.08 0.21 2.76 0.32 0.53 0.79 0.71 0.34 0.05 0.11 0.31 0.17 0.25 0.10 0.17 2.70 2.69 2.40 0.56 0.28 0.17 0.04 0.13 0.19 0.06 0.12 0.12 0.14 2.70 2.73 0.40 0.35 0.10 0.09 0.03 0.13 0.29 0.12 0.23 0.12 0.18 2.69 2.70 0.53 2.19 0.41 0.17 0.03 0.07 0.40 0.32 0.37 0.07 0.16 2.70 2.71 0.69 0.50 0.32 0.46 0.05 0.08 0.61 0.37 0.39 0.09 0.19 2.69 2.70 0.49 0.18 0.06 0.29 0.18 1.81 0.83 0.19 0.17 0.08 0.12 2.72 2.70 0.21 0.07 0.03 0.06 0.39 0.67 0.13 0.10 0.14 0.15 2.71 2.69 0.05 0.03 0.02 0.05 0.07 0.37

I got: 0.26 0.16 0.16 0.18 2.69 2.69 0.09 0.04 0.02 0.06 0.10 0.30 2.04 0.49 0.05 0.11 2.72 2.73 0.28 0.10 0.03 0.07 0.28 0.46 0.77 0.35 0.24 0.29 0.22 2.69 2.70 0.46 0.17 0.05 0.12 0.44 0.53 0.36 0.06 0.02 0.65 0.48 2.71 2.72 0.35 0.13 0.04 0.09 0.33 0.37 0.21 0.03 0.15 0.32 0.36 2.69 2.68 0.11 0.05 0.02 0.07 0.06 0.14 0.15 0.04 0.08 0.14 0.03 0.43 2.70 0.05 0.03 0.01 0.05 0.01 0.04 0.07 0.03 0.25 0.32 0.09 0.29 0.14 0.12 0.08 0.02 0.15 0.09 0.05 0.15 0.06 0.08 0.05 0.01 0.03 0.03 0.06 0.01 0.04 0.02 0.01 0.07 0.01 0.01 0.02 0.56 0.53 0.54 0.08 0.21 2.70 0.32 0.53 0.79 0.71 0.34 0.05 0.11 0.31 0.17 0.26 0.10 0.17 2.70 2.70 2.40 0.55 0.28 0.17 0.04 0.13 0.18 0.06 0.13 0.12 0.14 2.70 2.70 0.40 0.36 0.10 0.09 0.03 0.13 0.29 0.12 0.23 0.12 0.19 2.69 2.69 0.53 2.18 0.41 0.18 0.04 0.07 0.40 0.32 0.37 0.08 0.16 2.70 2.71 0.69 0.50 0.32 0.48 0.06 0.08 0.61 0.36 0.39 0.09 0.19 2.69 2.70 0.49 0.18 0.06 0.29 0.18 1.81 0.83 0.19 0.18 0.08 0.12 2.70 2.72 0.20 0.07 0.03 0.06 0.39 0.67 0.13 0.10 0.14 0.15 2.70 2.70 0.05 0.03 0.02 0.05 0.07 0.37

