I got: 0.28 0.14 0.17 0.18 2.69 2.70 0.25 0.09 0.02 0.12 0.18 0.31 2.06 0.47 0.05 0.11 2.72 2.73 0.13 0.19 0.03 0.20 0.17 0.42 0.84 0.37 0.28 0.33 0.22 2.70 2.69 0.26 0.29 0.05 0.29 0.23 0.28 0.35 0.06 0.05 0.63 0.50 2.72 2.71 0.18 0.23 0.04 0.23 0.17 0.12 0.14 0.03 0.17 0.28 0.36 2.69 2.69 0.28 0.11 0.02 0.10 0.16 0.05 0.12 0.04 0.09 0.13 0.04 0.44 2.73 0.15 0.05 0.01 0.04 0.08 0.02 0.06 0.03 0.26 0.31 0.11 0.27 0.14 0.45 0.12 0.02 0.04 0.21 0.04 0.14 0.05 0.04 0.03 0.01 0.01 0.04 0.03 0.01 0.01 0.05 0.01 0.04 0.01 0.01 0.16 0.32 0.12 0.24 0.14 0.21 2.68 0.87 2.77 2.58 0.42 0.19 0.04 0.08 0.29 0.16 0.22 0.09 0.15 2.71 2.70 2.76 2.77 0.57 0.19 0.04 0.13 0.18 0.06 0.12 0.12 0.14 2.69 2.70 1.64 1.42 0.15 0.10 0.03 0.09 0.30 0.17 0.23 0.09 0.16 2.69 2.70 2.76 2.77 1.00 0.23 0.05 0.09 0.24 0.10 0.16 0.09 0.12 2.72 2.70 2.69 2.77 1.01 0.32 0.03 0.10 0.57 0.17 0.17 0.14 0.16 2.70 2.69 0.37 0.69 0.10 1.07 0.19 1.86 0.92 0.19 0.12 0.10 0.11 2.73 2.70 0.16 0.18 0.03 0.23 0.34 0.70 0.11 0.09 0.15 0.15 2.71 2.69 0.22 0.06 0.02 0.09 0.14 0.37

I got: 0.28 0.14 0.17 0.18 2.69 2.70 0.25 0.09 0.02 0.12 0.18 0.31 2.06 0.48 0.05 0.10 2.72 2.72 0.13 0.19 0.03 0.19 0.17 0.41 0.84 0.37 0.28 0.33 0.22 2.69 2.69 0.27 0.30 0.04 0.29 0.23 0.29 0.35 0.06 0.05 0.62 0.51 2.73 2.71 0.18 0.23 0.03 0.23 0.18 0.12 0.14 0.03 0.17 0.29 0.36 2.69 2.69 0.28 0.11 0.02 0.11 0.16 0.05 0.12 0.04 0.09 0.12 0.03 0.44 2.73 0.15 0.06 0.01 0.04 0.08 0.02 0.06 0.03 0.26 0.31 0.11 0.26 0.14 0.45 0.12 0.02 0.04 0.22 0.04 0.14 0.06 0.06 0.02 0.03 0.03 0.06 0.05 0.01 0.01 0.04 0.02 0.05 0.01 0.01 0.16 0.32 0.12 0.24 0.14 0.21 2.69 0.87 2.77 2.58 0.42 0.19 0.04 0.09 0.28 0.16 0.22 0.09 0.15 2.71 2.76 2.77 2.77 0.57 0.19 0.04 0.13 0.18 0.06 0.12 0.13 0.14 2.70 2.71 1.64 1.43 0.15 0.10 0.04 0.09 0.30 0.17 0.23 0.09 0.16 2.72 2.70 2.77 2.76 1.00 0.23 0.04 0.09 0.24 0.10 0.16 0.08 0.12 2.74 2.69 2.69 2.77 1.01 0.32 0.03 0.10 0.57 0.17 0.17 0.15 0.16 2.69 2.70 0.37 0.69 0.10 1.07 0.19 1.86 0.92 0.19 0.12 0.10 0.11 2.71 2.71 0.15 0.18 0.03 0.23 0.34 0.70 0.11 0.09 0.15 0.14 2.70 2.69 0.22 0.06 0.02 0.09 0.14 0.37

I got: 0.28 0.14 0.17 0.18 2.68 2.69 0.25 0.09 0.02 0.12 0.18 0.30 2.07 0.48 0.05 0.10 2.71 2.72 0.13 0.19 0.03 0.20 0.17 0.42 0.84 0.36 0.28 0.33 0.22 2.69 2.69 0.26 0.30 0.04 0.29 0.23 0.28 0.35 0.07 0.05 0.63 0.50 2.72 2.71 0.18 0.23 0.04 0.23 0.17 0.12 0.14 0.03 0.17 0.28 0.36 2.69 2.69 0.28 0.11 0.02 0.10 0.17 0.05 0.12 0.04 0.09 0.13 0.04 0.44 2.74 0.15 0.05 0.01 0.04 0.07 0.02 0.06 0.02 0.26 0.31 0.11 0.26 0.14 0.46 0.12 0.02 0.04 0.21 0.04 0.14 0.06 0.06 0.03 0.01 0.04 0.03 0.07 0.01 0.01 0.05 0.01 0.06 0.01 0.01 0.16 0.33 0.12 0.24 0.14 0.21 2.70 0.88 2.77 2.58 0.42 0.19 0.04 0.08 0.28 0.16 0.22 0.09 0.15 2.71 2.70 2.77 2.77 0.57 0.19 0.03 0.13 0.19 0.07 0.11 0.12 0.14 2.71 2.71 1.65 1.42 0.15 0.10 0.05 0.09 0.30 0.17 0.23 0.09 0.16 2.69 2.70 2.77 2.77 1.00 0.23 0.05 0.09 0.24 0.10 0.16 0.08 0.12 2.70 2.71 2.69 2.77 1.01 0.32 0.03 0.10 0.57 0.17 0.16 0.14 0.16 2.69 2.70 0.37 0.69 0.10 1.07 0.19 1.86 0.91 0.19 0.12 0.10 0.11 2.70 2.72 0.16 0.18 0.03 0.23 0.34 0.70 0.11 0.09 0.15 0.14 2.70 2.70 0.22 0.06 0.02 0.09 0.15 0.37

I got: 0.28 0.14 0.17 0.18 2.69 2.68 0.25 0.09 0.02 0.12 0.18 0.31 2.06 0.47 0.05 0.10 2.71 2.72 0.13 0.19 0.03 0.20 0.17 0.42 0.84 0.37 0.28 0.33 0.22 2.69 2.69 0.26 0.30 0.04 0.30 0.23 0.29 0.35 0.06 0.05 0.63 0.50 2.71 2.72 0.18 0.23 0.03 0.23 0.17 0.12 0.14 0.04 0.17 0.28 0.36 2.70 2.69 0.28 0.11 0.02 0.10 0.16 0.05 0.12 0.04 0.09 0.12 0.04 0.44 2.73 0.15 0.06 0.01 0.04 0.08 0.03 0.06 0.03 0.25 0.31 0.11 0.26 0.14 0.45 0.12 0.02 0.04 0.21 0.04 0.14 0.06 0.05 0.01 0.01 0.01 0.05 0.05 0.01 0.01 0.06 0.01 0.06 0.03 0.01 0.16 0.32 0.11 0.25 0.14 0.21 2.69 0.87 2.77 2.59 0.43 0.19 0.04 0.08 0.28 0.16 0.22 0.09 0.15 2.70 2.69 2.76 2.77 0.58 0.19 0.03 0.13 0.19 0.06 0.11 0.12 0.14 2.71 2.69 1.64 1.43 0.15 0.10 0.04 0.09 0.30 0.17 0.23 0.09 0.16 2.71 2.70 2.77 2.77 1.00 0.23 0.03 0.09 0.24 0.10 0.16 0.08 0.12 2.74 2.73 2.69 2.77 1.01 0.31 0.03 0.10 0.57 0.17 0.16 0.14 0.16 2.74 2.69 0.36 0.69 0.10 1.07 0.19 1.87 0.92 0.19 0.11 0.10 0.11 2.78 2.71 0.15 0.18 0.03 0.22 0.34 0.70 0.11 0.09 0.15 0.15 2.74 2.71 0.22 0.06 0.02 0.09 0.14 0.37

I got: 0.28 0.14 0.17 0.18 2.69 2.70 0.25 0.09 0.02 0.12 0.18 0.30 2.07 0.47 0.05 0.10 2.73 2.73 0.13 0.19 0.03 0.19 0.17 0.41 0.84 0.37 0.28 0.33 0.22 2.70 2.70 0.26 0.29 0.04 0.29 0.23 0.29 0.35 0.06 0.05 0.63 0.50 2.73 2.71 0.18 0.23 0.04 0.23 0.17 0.12 0.14 0.03 0.17 0.28 0.36 2.69 2.69 0.27 0.11 0.02 0.11 0.16 0.05 0.11 0.04 0.09 0.12 0.04 0.44 2.73 0.16 0.06 0.01 0.04 0.08 0.02 0.06 0.03 0.26 0.31 0.11 0.26 0.14 0.45 0.12 0.02 0.04 0.21 0.04 0.14 0.05 0.05 0.01 0.04 0.06 0.07 0.05 0.01 0.01 0.07 0.02 0.05 0.01 0.01 0.16 0.32 0.12 0.24 0.13 0.21 2.69 0.87 2.77 2.58 0.42 0.19 0.04 0.08 0.28 0.16 0.22 0.09 0.15 2.71 2.71 2.76 2.77 0.57 0.19 0.04 0.13 0.18 0.06 0.12 0.13 0.14 2.69 2.71 1.65 1.41 0.15 0.10 0.03 0.09 0.30 0.17 0.23 0.09 0.16 2.69 2.70 2.76 2.77 1.00 0.23 0.04 0.09 0.25 0.10 0.16 0.08 0.12 2.69 2.70 2.69 2.77 1.01 0.31 0.04 0.10 0.58 0.17 0.16 0.14 0.16 2.69 2.70 0.37 0.69 0.10 1.07 0.19 1.86 0.92 0.19 0.12 0.10 0.11 2.71 2.71 0.16 0.18 0.03 0.23 0.34 0.70 0.11 0.09 0.15 0.15 2.71 2.69 0.22 0.06 0.02 0.08 0.15 0.37

I got: 0.28 0.14 0.17 0.18 2.68 2.68 0.25 0.09 0.02 0.12 0.19 0.31 2.07 0.48 0.05 0.10 2.71 2.73 0.13 0.19 0.03 0.19 0.17 0.41 0.84 0.37 0.28 0.33 0.22 2.69 2.69 0.26 0.29 0.04 0.29 0.23 0.28 0.35 0.06 0.05 0.63 0.50 2.72 2.71 0.18 0.23 0.03 0.23 0.17 0.12 0.14 0.03 0.17 0.29 0.36 2.69 2.69 0.28 0.11 0.02 0.10 0.16 0.05 0.12 0.04 0.09 0.12 0.03 0.44 2.73 0.16 0.05 0.01 0.04 0.08 0.02 0.06 0.03 0.26 0.31 0.11 0.26 0.14 0.45 0.12 0.02 0.04 0.22 0.04 0.14 0.06 0.06 0.02 0.03 0.03 0.06 0.06 0.01 0.01 0.04 0.01 0.08 0.01 0.01 0.16 0.33 0.12 0.24 0.14 0.21 2.69 0.88 2.77 2.58 0.42 0.19 0.04 0.08 0.28 0.16 0.22 0.09 0.15 2.70 2.70 2.77 2.77 0.57 0.19 0.04 0.13 0.18 0.06 0.11 0.12 0.14 2.70 2.70 1.65 1.41 0.15 0.10 0.03 0.09 0.30 0.17 0.23 0.09 0.16 2.69 2.71 2.77 2.76 1.00 0.23 0.04 0.09 0.24 0.10 0.16 0.08 0.12 2.71 2.73 2.69 2.77 1.01 0.31 0.04 0.10 0.58 0.17 0.16 0.14 0.16 2.69 2.69 0.37 0.69 0.10 1.07 0.19 1.86 0.92 0.19 0.11 0.10 0.11 2.69 2.72 0.16 0.18 0.03 0.23 0.33 0.70 0.11 0.09 0.15 0.14 2.70 2.70 0.22 0.06 0.02 0.08 0.14 0.37

I got: 0.28 0.14 0.17 0.18 2.69 2.69 0.25 0.09 0.02 0.12 0.18 0.31 2.07 0.48 0.05 0.10 2.72 2.73 0.13 0.19 0.03 0.19 0.17 0.42 0.84 0.37 0.27 0.33 0.22 2.69 2.70 0.27 0.29 0.04 0.29 0.23 0.28 0.35 0.07 0.05 0.63 0.51 2.70 2.72 0.18 0.23 0.04 0.23 0.17 0.12 0.14 0.02 0.17 0.29 0.36 2.72 2.70 0.28 0.11 0.02 0.11 0.16 0.05 0.12 0.04 0.09 0.13 0.03 0.44 2.77 0.15 0.06 0.01 0.04 0.08 0.03 0.06 0.02 0.26 0.31 0.11 0.26 0.14 0.45 0.12 0.02 0.04 0.22 0.04 0.14 0.06 0.08 0.04 0.01 0.04 0.06 0.06 0.01 0.01 0.05 0.01 0.07 0.01 0.01 0.16 0.33 0.12 0.24 0.14 0.21 2.70 0.88 2.77 2.58 0.42 0.19 0.04 0.09 0.28 0.16 0.22 0.09 0.15 2.69 2.71 2.77 2.77 0.57 0.19 0.03 0.13 0.18 0.06 0.11 0.13 0.14 2.71 2.71 1.64 1.41 0.15 0.10 0.04 0.09 0.30 0.17 0.23 0.10 0.16 2.70 2.71 2.77 2.76 1.00 0.23 0.03 0.09 0.24 0.10 0.16 0.09 0.12 2.71 2.73 2.68 2.77 1.00 0.31 0.03 0.10 0.58 0.17 0.16 0.14 0.16 2.70 2.69 0.37 0.69 0.10 1.07 0.19 1.86 0.92 0.19 0.11 0.10 0.11 2.70 2.70 0.16 0.18 0.03 0.23 0.33 0.70 0.11 0.09 0.15 0.14 2.69 2.70 0.22 0.06 0.02 0.08 0.15 0.37

I got: 0.28 0.14 0.17 0.18 2.69 2.69 0.26 0.09 0.02 0.12 0.18 0.31 2.07 0.48 0.05 0.10 2.72 2.73 0.13 0.19 0.03 0.19 0.17 0.42 0.84 0.37 0.28 0.33 0.22 2.70 2.69 0.26 0.29 0.04 0.29 0.23 0.28 0.35 0.07 0.05 0.62 0.50 2.71 2.73 0.18 0.23 0.04 0.23 0.17 0.12 0.14 0.03 0.17 0.29 0.36 2.69 2.69 0.27 0.11 0.02 0.11 0.17 0.05 0.12 0.05 0.09 0.12 0.04 0.44 2.73 0.15 0.05 0.01 0.04 0.08 0.03 0.06 0.02 0.26 0.31 0.11 0.26 0.14 0.45 0.12 0.02 0.04 0.22 0.05 0.14 0.06 0.08 0.06 0.01 0.05 0.05 0.06 0.01 0.01 0.05 0.01 0.07 0.01 0.01 0.16 0.32 0.12 0.24 0.14 0.21 2.69 0.88 2.77 2.58 0.42 0.19 0.04 0.09 0.28 0.16 0.22 0.09 0.15 2.69 2.70 2.77 2.77 0.58 0.19 0.04 0.13 0.18 0.06 0.11 0.12 0.14 2.71 2.69 1.65 1.41 0.15 0.10 0.04 0.09 0.30 0.17 0.23 0.09 0.16 2.71 2.69 2.77 2.76 0.99 0.23 0.04 0.09 0.24 0.10 0.16 0.08 0.12 2.72 2.72 2.68 2.76 1.00 0.31 0.03 0.10 0.57 0.17 0.16 0.14 0.16 2.70 2.70 0.37 0.69 0.10 1.07 0.19 1.86 0.91 0.19 0.12 0.10 0.11 2.70 2.72 0.15 0.18 0.03 0.23 0.33 0.69 0.11 0.09 0.15 0.15 2.69 2.70 0.21 0.06 0.02 0.08 0.14 0.37

I got: 0.28 0.14 0.17 0.18 2.70 2.70 0.25 0.09 0.02 0.12 0.18 0.31 2.07 0.48 0.05 0.10 2.73 51.53 0.13 0.19 0.03 0.19 0.17 0.42 0.84 0.36 0.28 0.33 0.22 2.70 2.69 0.27 0.30 0.05 0.29 0.23 0.28 0.35 0.07 0.05 0.63 0.50 2.70 2.70 0.18 0.23 0.03 0.23 0.17 0.12 0.14 0.03 0.17 0.28 0.37 2.69 2.69 0.27 0.11 0.02 0.10 0.17 0.06 0.11 0.05 0.09 0.13 0.04 0.44 2.74 0.15 0.05 0.01 0.04 0.08 0.02 0.06 0.02 0.26 0.31 0.11 0.26 0.14 0.45 0.12 0.02 0.04 0.22 0.04 0.14 0.05 0.05 0.06 0.01 0.04 0.05 0.04 0.01 0.01 0.05 0.01 0.05 0.01 0.01 0.16 0.32 0.11 0.24 0.13 0.21 2.72 0.88 2.77 2.58 0.42 0.19 0.04 0.08 0.28 0.16 0.22 0.09 0.15 2.71 2.70 2.77 2.77 0.57 0.19 0.04 0.13 0.18 0.06 0.11 0.12 0.14 2.69 2.73 1.65 1.42 0.15 0.10 0.03 0.09 0.30 0.17 0.23 0.09 0.16 2.69 2.70 2.77 2.76 0.99 0.23 0.04 0.09 0.24 0.10 0.16 0.09 0.12 2.70 2.71 2.67 2.77 1.00 0.32 0.04 0.10 0.57 0.17 0.16 0.14 0.16 2.69 2.70 0.36 0.68 0.10 1.07 0.19 1.86 0.92 0.19 0.12 0.10 0.11 2.71 2.70 0.15 0.18 0.03 0.23 0.33 0.70 0.11 0.09 0.15 0.14 2.70 2.69 0.21 0.06 0.02 0.09 0.14 0.37

I got: 0.28 0.14 0.17 0.18 2.69 2.70 0.25 0.09 0.02 0.12 0.18 0.31 2.08 0.48 0.05 0.11 2.74 2.73 0.13 0.19 0.03 0.20 0.17 0.42 0.84 0.36 0.28 0.33 0.22 2.69 2.69 0.26 0.30 0.04 0.29 0.23 0.28 0.35 0.07 0.05 0.63 0.51 2.72 2.71 0.19 0.23 0.03 0.23 0.17 0.12 0.14 0.03 0.17 0.28 0.36 2.70 2.70 0.27 0.11 0.02 0.10 0.17 0.05 0.12 0.04 0.09 0.13 0.03 0.44 2.73 0.15 0.05 0.01 0.04 0.08 0.02 0.06 0.03 0.26 0.31 0.11 0.26 0.14 0.46 0.12 0.02 0.04 0.21 0.05 0.14 0.06 0.06 0.08 0.01 0.04 0.04 0.06 0.01 0.01 0.05 0.01 0.07 0.01 0.01 0.16 0.33 0.12 0.24 0.14 0.21 2.69 0.88 2.76 2.58 0.42 0.19 0.05 0.08 0.29 0.16 0.22 0.09 0.15 2.69 2.71 2.77 2.77 0.58 0.19 0.03 0.13 0.18 0.06 0.11 0.12 0.14 2.69 2.71 1.65 1.41 0.15 0.10 0.04 0.09 0.30 0.17 0.23 0.09 0.16 2.70 2.71 2.77 2.76 1.00 0.23 0.03 0.09 0.24 0.10 0.16 0.08 0.12 2.70 2.73 2.68 2.77 1.00 0.31 0.03 0.10 0.58 0.17 0.16 0.14 0.16 2.69 2.69 0.37 0.69 0.10 1.07 0.19 1.86 0.92 0.19 0.11 0.10 0.11 2.71 2.71 0.15 0.18 0.03 0.22 0.34 0.70 0.11 0.09 0.15 0.14 2.70 2.70 0.22 0.06 0.02 0.08 0.15 0.37

I got: 0.28 0.14 0.17 0.18 2.69 2.68 0.26 0.09 0.02 0.12 0.19 0.30 2.07 0.48 0.05 0.11 2.73 2.74 0.13 0.19 0.03 0.19 0.17 0.42 0.84 0.36 0.28 0.33 0.22 2.69 2.70 0.26 0.29 0.04 0.29 0.24 0.28 0.35 0.07 0.05 0.64 0.51 2.71 2.71 0.18 0.23 0.04 0.23 0.17 0.12 0.14 0.03 0.17 0.28 0.36 2.69 2.70 0.28 0.11 0.02 0.10 0.16 0.05 0.11 0.05 0.09 0.12 0.03 0.45 2.72 0.16 0.05 0.01 0.04 0.08 0.03 0.06 0.02 0.26 0.31 0.11 0.26 0.14 0.45 0.12 0.02 0.04 0.21 0.04 0.14 0.05 0.05 0.03 0.04 0.02 0.04 0.05 0.01 0.01 0.05 0.01 0.05 0.01 0.01 0.16 0.32 0.12 0.24 0.13 0.21 2.70 0.88 2.77 2.58 0.42 0.19 0.05 0.08 0.28 0.16 0.22 0.09 0.15 2.70 2.70 2.77 2.77 0.57 0.19 0.03 0.13 0.18 0.07 0.11 0.12 0.14 2.70 2.70 1.65 1.42 0.16 0.10 0.03 0.09 0.30 0.17 0.23 0.09 0.16 2.70 2.71 2.77 2.77 0.99 0.23 0.04 0.09 0.24 0.10 0.16 0.08 0.12 2.72 2.78 2.68 2.77 1.00 0.32 0.04 0.10 0.57 0.17 0.16 0.14 0.16 2.69 2.69 0.37 0.69 0.10 1.07 0.19 1.86 0.92 0.19 0.12 0.10 0.11 2.70 2.71 0.15 0.18 0.03 0.23 0.34 0.70 0.11 0.09 0.15 0.15 2.72 2.70 0.22 0.06 0.02 0.08 0.15 0.37

I got: 0.28 0.14 0.17 0.18 2.69 2.69 0.25 0.09 0.02 0.12 0.18 0.31 2.07 0.48 0.05 0.10 2.75 2.73 0.13 0.19 0.03 0.19 0.17 0.42 0.84 0.37 0.28 0.33 0.22 2.70 2.69 0.26 0.29 0.04 0.29 0.23 0.29 0.35 0.06 0.05 0.62 0.50 2.71 2.73 0.18 0.23 0.04 0.23 0.18 0.12 0.14 0.03 0.17 0.29 0.36 2.70 2.68 0.28 0.11 0.02 0.10 0.16 0.05 0.12 0.04 0.09 0.12 0.03 0.44 2.73 0.15 0.06 0.01 0.04 0.08 0.02 0.06 0.03 0.26 0.31 0.11 0.26 0.14 0.46 0.12 0.02 0.03 0.22 0.04 0.14 0.05 0.06 0.05 0.03 0.04 0.05 0.05 0.01 0.01 0.04 0.01 0.09 0.01 0.01 0.16 0.32 0.12 0.25 0.14 0.21 2.70 0.88 2.76 2.58 0.42 0.19 0.04 0.08 0.28 0.16 0.22 0.09 0.15 2.70 2.70 2.76 2.77 0.57 0.19 0.04 0.13 0.18 0.07 0.11 0.12 0.14 2.71 2.69 1.65 1.41 0.15 0.10 0.04 0.09 0.29 0.17 0.23 0.09 0.16 2.70 2.71 2.76 2.76 1.00 0.23 0.03 0.09 0.24 0.10 0.16 0.08 0.12 2.71 2.73 2.68 2.77 1.00 0.31 0.03 0.09 0.58 0.17 0.16 0.14 0.16 2.70 2.69 0.37 0.69 0.10 1.07 0.19 1.86 0.92 0.19 0.11 0.10 0.11 2.71 2.70 0.16 0.18 0.03 0.22 0.34 0.70 0.11 0.09 0.15 0.14 2.69 2.71 0.21 0.06 0.02 0.08 0.14 0.37

I got: 0.28 0.14 0.17 0.18 2.70 2.70 0.25 0.09 0.02 0.12 0.18 0.31 2.07 0.48 0.05 0.10 2.74 2.71 0.13 0.19 0.03 0.19 0.17 0.42 0.84 0.36 0.28 0.33 0.22 2.70 2.70 0.27 0.29 0.04 0.29 0.23 0.28 0.35 0.07 0.04 0.63 0.50 2.71 2.70 0.19 0.23 0.04 0.23 0.17 0.12 0.14 0.02 0.17 0.29 0.36 2.68 2.68 0.27 0.11 0.02 0.11 0.17 0.05 0.12 0.05 0.09 0.13 0.03 0.44 2.72 0.15 0.06 0.01 0.04 0.07 0.02 0.06 0.02 0.25 0.31 0.11 0.26 0.14 0.46 0.12 0.02 0.03 0.21 0.04 0.14 0.06 0.08 0.07 0.01 0.04 0.04 0.05 0.01 0.01 0.06 0.01 0.06 0.01 0.01 0.15 0.33 0.12 0.24 0.14 0.21 2.67 0.88 2.77 2.58 0.42 0.19 0.04 0.08 0.28 0.16 0.22 0.09 0.15 2.70 2.69 2.77 2.77 0.58 0.19 0.03 0.13 0.18 0.06 0.11 0.12 0.14 2.70 2.70 1.65 1.41 0.15 0.10 0.04 0.09 0.29 0.17 0.23 0.10 0.16 2.71 2.70 2.77 2.76 1.00 0.23 0.04 0.09 0.23 0.10 0.16 0.08 0.12 2.73 2.70 2.67 2.77 0.99 0.31 0.03 0.10 0.57 0.17 0.16 0.14 0.16 2.70 2.70 0.37 0.69 0.10 1.08 0.19 1.86 0.92 0.19 0.12 0.10 0.11 2.72 2.71 0.15 0.19 0.03 0.23 0.34 0.70 0.11 0.09 0.15 0.14 2.70 2.69 0.21 0.06 0.02 0.08 0.15 0.37

I got: 0.28 0.14 0.17 0.18 2.73 2.69 0.25 0.09 0.02 0.12 0.19 0.31 2.07 0.48 0.05 0.11 2.71 2.73 0.13 0.19 0.03 0.20 0.17 0.42 0.84 0.37 0.28 0.33 0.22 2.74 2.69 0.26 0.29 0.04 0.29 0.23 0.28 0.35 0.06 0.04 0.62 0.50 2.73 2.75 0.18 0.23 0.03 0.23 0.17 0.12 0.14 0.03 0.17 0.28 0.36 2.70 2.70 0.28 0.11 0.02 0.10 0.16 0.05 0.12 0.04 0.09 0.13 0.04 0.44 2.72 0.15 0.05 0.01 0.04 0.08 0.02 0.05 0.03 0.25 0.31 0.11 0.26 0.13 0.45 0.12 0.02 0.03 0.22 0.04 0.14 0.05 0.05 0.03 0.01 0.01 0.05 0.04 0.01 0.01 0.05 0.01 0.05 0.01 0.01 0.16 0.32 0.11 0.24 0.13 0.21 2.69 0.88 2.76 2.59 0.43 0.19 0.04 0.08 0.29 0.16 0.22 0.08 0.15 2.70 2.71 2.77 2.77 0.57 0.19 0.04 0.13 0.19 0.06 0.11 0.12 0.14 2.70 2.72 1.65 1.40 0.15 0.10 0.03 0.09 0.30 0.17 0.23 0.09 0.16 2.70 2.70 2.77 2.77 0.99 0.23 0.04 0.09 0.24 0.10 0.16 0.08 0.12 2.73 51.53 2.67 2.77 0.99 0.31 0.04 0.10 0.57 0.17 0.16 0.14 0.16 2.69 2.69 0.36 0.69 0.10 1.08 0.19 1.86 0.91 0.19 0.12 0.10 0.11 2.72 2.71 0.15 0.18 0.03 0.23 0.33 0.70 0.11 0.09 0.15 0.14 2.70 2.70 0.21 0.06 0.02 0.08 0.15 0.37

I got: 0.28 0.14 0.17 0.18 2.69 2.69 0.25 0.09 0.02 0.12 0.19 0.31 2.07 0.48 0.05 0.11 2.73 2.73 0.13 0.19 0.03 0.20 0.18 0.42 0.84 0.37 0.28 0.33 0.22 2.69 2.70 0.26 0.29 0.05 0.29 0.23 0.28 0.35 0.06 0.05 0.63 0.50 2.70 2.72 0.19 0.23 0.03 0.23 0.17 0.11 0.14 0.04 0.17 0.28 0.36 2.69 2.70 0.28 0.11 0.02 0.10 0.17 0.05 0.12 0.04 0.09 0.13 0.04 0.44 2.72 0.15 0.05 0.01 0.04 0.08 0.02 0.06 0.03 0.26 0.31 0.11 0.27 0.14 0.47 0.13 0.02 0.03 0.22 0.04 0.14 0.05 0.05 0.08 0.01 0.01 0.04 0.04 0.02 0.02 0.04 0.01 0.04 0.01 0.01 0.16 0.32 0.11 0.25 0.14 0.21 2.69 0.88 2.76 2.58 0.42 0.19 0.05 0.08 0.29 0.16 0.22 0.09 0.15 2.70 2.70 2.76 2.77 0.57 0.19 0.03 0.13 0.18 0.06 0.11 0.12 0.14 2.71 2.70 1.65 1.40 0.15 0.10 0.03 0.09 0.30 0.17 0.23 0.10 0.16 2.71 2.70 2.77 2.77 0.99 0.23 0.04 0.09 0.24 0.10 0.16 0.08 0.12 2.73 2.71 2.67 2.77 0.99 0.32 0.03 0.10 0.57 0.17 0.17 0.14 0.16 2.69 2.69 0.37 0.69 0.10 1.07 0.19 1.86 0.92 0.19 0.12 0.10 0.11 2.70 2.72 0.15 0.18 0.03 0.22 0.34 0.70 0.11 0.09 0.15 0.14 2.69 2.71 0.22 0.06 0.02 0.08 0.15 0.37

I got: 0.28 0.14 0.17 0.18 2.70 2.69 0.25 0.09 0.02 0.12 0.19 0.31 2.08 0.48 0.05 0.11 2.73 2.72 51.53 0.19 0.03 0.19 0.17 0.42 0.84 0.36 0.28 0.32 0.22 2.70 2.69 0.27 0.29 0.04 0.29 0.23 0.28 0.35 0.07 0.05 0.63 0.50 2.71 2.71 0.18 0.23 0.03 0.23 0.17 0.12 0.14 0.02 0.17 0.28 0.36 2.69 2.68 0.28 0.11 0.02 0.10 0.17 0.05 0.12 0.04 0.09 0.12 0.03 0.44 2.72 0.15 0.05 0.01 0.04 0.08 0.02 0.06 0.02 0.26 0.31 0.11 0.26 0.14 0.45 0.12 0.02 0.03 0.23 0.05 0.14 0.06 0.07 0.05 0.01 0.04 0.03 0.05 0.01 0.01 0.05 0.01 0.06 0.01 0.01 0.16 0.33 0.11 0.25 0.14 0.21 2.69 0.88 2.76 2.59 0.42 0.19 0.04 0.09 0.28 0.16 0.22 0.09 0.15 2.73 2.69 2.77 2.77 0.58 0.19 0.03 0.13 0.19 0.06 0.11 0.12 0.14 2.70 2.70 1.65 1.41 0.15 0.10 0.04 0.09 0.30 0.17 0.23 0.10 0.16 2.71 2.71 2.77 2.76 1.00 0.23 0.03 0.09 0.23 0.10 0.16 0.08 0.12 2.73 2.71 2.67 2.77 0.99 0.31 0.03 0.10 0.57 0.17 0.16 0.14 0.16 2.70 2.69 0.37 0.69 0.10 1.07 0.19 1.86 0.92 0.19 0.12 0.10 0.11 2.71 2.70 0.15 0.18 0.03 0.22 0.33 0.69 0.11 0.09 0.15 0.15 2.69 2.70 0.22 0.06 0.02 0.08 0.15 0.37

I got: 0.28 0.14 0.17 0.18 2.70 2.70 0.25 0.09 0.02 0.11 0.19 0.30 2.07 0.48 0.05 0.11 2.73 2.72 0.13 0.19 0.03 0.20 0.17 0.42 0.84 0.37 0.27 0.33 0.22 2.70 2.70 0.26 0.29 0.04 0.29 0.23 0.28 0.35 0.06 0.05 0.63 0.50 2.71 2.70 0.19 0.23 0.03 0.23 0.17 0.12 0.14 0.03 0.17 0.28 0.36 2.69 2.69 0.28 0.11 0.02 0.10 0.17 0.05 0.12 0.04 0.09 0.13 0.04 0.44 2.72 0.15 0.05 0.01 0.04 0.09 0.02 0.06 0.03 0.25 0.31 0.11 0.26 0.14 0.46 0.13 0.02 0.03 0.22 0.04 0.14 0.05 0.04 0.07 0.01 0.01 0.05 0.04 0.01 0.02 0.04 0.01 0.04 0.01 0.01 0.16 0.32 0.11 0.25 0.13 0.21 2.68 0.88 2.77 2.59 0.43 0.19 0.04 0.08 0.29 0.16 0.22 0.09 0.15 2.71 2.70 2.77 2.77 0.57 0.19 0.04 0.13 0.18 0.06 0.11 0.12 0.14 2.70 2.69 1.65 1.40 0.15 0.10 0.03 0.09 0.30 0.17 0.23 0.09 0.16 2.71 2.69 2.77 2.76 0.99 0.23 0.04 0.09 0.24 0.10 0.16 0.08 0.12 2.70 2.72 2.66 2.77 0.98 0.31 0.04 0.10 0.57 0.17 0.16 0.14 0.16 2.69 2.70 0.37 0.69 0.10 1.07 0.19 1.86 0.91 0.19 0.12 0.10 0.11 2.71 2.72 0.15 0.18 0.03 0.22 0.34 0.70 0.11 0.09 0.15 0.14 2.70 2.69 0.21 0.06 0.02 0.08 0.15 0.37

I got: 0.28 0.14 0.17 0.18 2.69 2.70 0.25 0.09 0.02 0.11 0.19 0.31 2.07 0.48 0.05 0.10 2.71 2.73 0.13 0.19 0.03 0.19 0.17 0.42 0.84 0.37 0.27 0.32 0.22 2.69 2.69 0.25 0.29 0.04 0.29 0.24 0.28 0.35 0.07 0.04 0.63 0.50 2.73 2.72 0.18 0.23 0.04 0.23 0.17 0.12 0.14 0.03 0.17 0.28 0.36 2.69 2.70 0.28 0.11 0.02 0.10 0.17 0.05 0.12 0.04 0.09 0.12 0.03 0.44 2.74 0.15 0.05 0.02 0.04 0.08 0.02 0.06 0.02 0.25 0.30 0.11 0.26 0.13 0.45 0.12 0.02 0.03 0.22 0.04 0.14 0.05 0.05 0.07 0.04 0.02 0.05 0.04 0.01 0.01 0.05 0.02 0.04 0.01 0.01 0.16 0.32 0.11 0.24 0.14 0.21 2.70 0.88 2.77 2.59 0.43 0.19 0.04 0.08 0.28 0.16 0.22 0.09 0.15 2.70 2.70 2.77 2.77 0.58 0.19 0.04 0.13 0.18 0.06 0.11 0.12 0.14 2.74 2.70 1.65 1.40 0.15 0.10 0.03 0.09 0.29 0.17 0.23 0.10 0.16 2.73 2.70 2.77 2.76 0.99 0.23 0.04 0.09 0.24 0.10 0.16 0.08 0.12 2.74 2.73 2.65 2.77 0.98 0.31 0.03 0.10 0.57 0.17 0.16 0.14 0.16 2.70 2.72 0.37 0.68 0.11 1.07 0.19 1.86 0.91 0.19 0.11 0.10 0.11 2.72 2.72 0.15 0.18 0.03 0.22 0.34 0.70 0.11 0.09 0.15 0.15 2.69 2.70 0.22 0.06 0.02 52.80 0.15 0.37

