I got: 2.53 2.49 1.30 2.71 2.68 0.69 0.98 0.73 0.37 0.38 1.05 1.38 1.49 1.01 2.71 2.74 0.45 0.59 0.42 0.21 0.18 0.50 0.36 0.47 0.41 0.88 1.18 2.67 0.52 0.51 0.34 0.16 0.06 0.48 0.20 0.18 0.28 0.47 0.11 0.40 0.03 0.06 0.06 0.01 0.28 0.28 0.03 0.04 0.31 1.08 1.66 2.56 2.68 1.22 0.51 0.23 0.14 0.52 0.27 0.21 0.35 1.01 0.89 0.97 2.68 2.68 0.85 0.29 0.20 0.58 0.31 0.24 0.29 0.68 0.46 0.28 0.64 2.70 1.53 0.45 0.27 0.47 0.26 0.20 0.01 0.09 0.06 0.05 0.01 0.01 0.05 0.01 0.01 0.01 0.01 0.09 0.59 1.17 0.71 0.35 0.49 0.72 2.68 2.62 2.50 1.55 0.59 0.39 0.27 0.87 0.44 0.20 0.27 0.19 2.68 2.68 1.61 1.05 0.65 0.29 0.76 1.06 0.57 0.26 0.33 0.29 2.69 2.68 0.91 1.47 2.11 1.00 1.39 1.05 0.49 0.21 0.27 0.20 2.68 2.69 0.51 1.23 2.29 2.36 1.44 0.53 0.22 0.28 0.21 2.68 2.69 0.50 0.92 1.64 2.40 2.26 0.41 0.13 0.15 0.06 2.69 2.68 0.26 0.43 0.45 0.48 0.96 0.72 2.40 0.70 0.54 0.43 2.69 2.68 0.63 0.96 0.79 0.47 0.90 1.65 2.57 2.47 1.33 0.71 2.69 2.69 0.66 0.97 0.74 0.39 0.47 1.57

I got: 2.53 2.48 1.30 2.69 2.68 0.69 0.98 0.73 0.37 0.37 1.05 1.38 1.49 1.01 2.71 2.71 0.45 0.59 0.42 0.21 0.18 0.50 0.36 0.47 0.41 0.88 1.18 2.67 0.52 0.51 0.34 0.16 0.06 0.48 0.20 0.18 0.28 0.46 0.11 0.41 0.03 0.06 0.06 0.01 0.29 0.29 0.03 0.04 0.31 1.08 1.66 2.56 2.67 1.21 0.51 0.23 0.15 0.52 0.27 0.21 0.34 1.01 0.89 0.97 2.67 2.68 0.84 0.29 0.19 0.57 0.31 0.24 0.29 0.68 0.46 0.28 0.64 2.71 1.52 0.45 0.27 0.48 0.26 0.20 0.01 0.06 0.07 0.06 0.01 0.01 0.08 0.01 0.01 0.01 0.01 0.05 0.59 1.17 0.71 0.35 0.49 0.72 2.68 2.62 2.50 1.55 0.60 0.39 0.27 0.87 0.44 0.20 0.27 0.19 2.68 2.67 1.61 1.05 0.65 0.29 0.76 1.07 0.57 0.26 0.33 0.29 2.69 2.69 0.91 1.47 2.11 1.00 1.38 1.05 0.49 0.21 0.27 0.20 2.69 2.73 0.51 1.23 2.30 2.35 1.44 0.53 0.22 0.28 0.21 2.69 2.73 0.50 0.92 1.64 2.40 2.26 0.41 0.13 0.16 0.06 2.72 2.69 0.26 0.44 0.45 0.48 0.96 0.72 2.40 0.70 0.54 0.42 2.72 2.69 0.63 0.96 0.78 0.47 0.90 1.65 2.57 2.48 1.33 0.71 2.71 2.68 0.66 0.97 0.74 0.39 0.46 1.57

I got: 2.53 2.48 1.30 2.68 2.70 0.69 0.98 0.73 0.37 0.38 1.04 1.37 1.49 1.01 2.72 2.71 0.45 0.59 0.42 0.21 0.18 0.50 0.36 0.47 0.41 0.88 1.18 2.67 0.52 0.51 0.34 0.16 0.05 0.48 0.20 0.18 0.28 0.47 0.11 0.41 0.03 0.06 0.06 0.01 0.29 0.28 0.03 0.04 0.31 1.08 1.66 2.56 2.69 1.22 0.52 0.23 0.14 0.52 0.27 0.21 0.35 1.01 0.89 0.98 2.69 2.68 0.85 0.29 0.20 0.58 0.31 0.24 0.29 0.68 0.46 0.28 0.64 2.71 1.52 0.45 0.27 0.47 0.26 0.20 0.01 0.07 0.05 0.07 0.01 0.01 0.06 0.01 0.01 0.01 0.04 0.06 0.59 1.17 0.71 0.35 0.49 0.72 2.68 2.62 2.50 1.55 0.59 0.39 0.27 0.87 0.44 0.20 0.27 0.19 2.67 2.67 1.61 1.05 0.65 0.29 0.76 1.07 0.57 0.26 0.33 0.29 2.68 2.69 0.91 1.47 2.11 1.00 1.39 1.06 0.48 0.21 0.27 0.20 2.68 2.68 0.51 1.23 2.29 2.36 1.44 0.53 0.22 0.28 0.21 2.68 2.67 0.50 0.92 1.64 2.40 2.26 0.41 0.13 0.15 0.06 2.68 2.68 0.26 0.44 0.45 0.48 0.96 0.72 2.40 0.70 0.54 0.43 2.69 2.68 0.63 0.96 0.79 0.47 0.90 1.65 2.57 2.48 1.33 0.71 2.69 2.70 0.66 0.97 0.74 0.39 0.47 1.57

I got: 2.53 2.48 1.30 2.69 2.69 0.69 0.98 0.73 0.37 0.38 1.04 1.38 1.49 1.00 2.73 2.72 0.45 0.59 0.42 0.21 0.18 0.50 0.36 0.47 0.41 0.88 1.18 2.68 0.52 0.51 0.34 0.16 0.06 0.48 0.20 0.18 0.28 0.46 0.11 0.40 0.03 0.06 0.06 0.01 0.28 0.28 0.03 0.04 0.31 1.08 1.66 2.56 2.68 1.21 0.51 0.22 0.15 0.52 0.27 0.21 0.35 1.01 0.89 0.97 2.67 2.67 0.84 0.29 0.20 0.58 0.31 0.24 0.29 0.68 0.46 0.28 0.64 2.72 1.52 0.45 0.28 0.47 0.27 0.20 0.01 0.06 0.06 0.06 0.01 0.01 0.06 0.01 0.01 0.01 0.02 0.06 0.59 1.17 0.71 0.35 0.49 0.72 2.72 2.62 2.50 1.54 0.59 0.39 0.28 0.86 0.44 0.20 0.27 0.19 2.68 2.67 1.60 1.05 0.65 0.29 0.76 1.06 0.57 0.26 0.33 0.29 2.70 2.72 0.91 1.47 2.11 1.00 1.40 1.05 0.48 0.21 0.27 0.20 2.68 2.69 0.51 1.23 2.30 2.36 1.44 0.53 0.22 0.28 0.21 2.67 2.68 0.50 0.92 1.64 2.40 2.27 0.41 0.13 0.15 0.06 2.69 2.68 0.26 0.43 0.45 0.48 0.96 0.72 2.40 0.70 0.54 0.42 2.69 2.68 0.63 0.96 0.79 0.47 0.90 1.65 2.57 2.48 1.33 0.71 2.68 2.70 0.66 0.97 0.74 0.39 0.47 1.57

I got: 2.53 2.49 1.30 2.68 2.68 0.69 0.98 0.73 0.37 0.38 1.05 1.38 1.49 1.01 2.71 2.71 0.45 0.59 0.42 0.21 0.18 0.50 0.36 0.47 0.41 0.88 1.18 2.67 0.52 0.51 0.34 0.16 0.06 0.48 0.20 0.18 0.27 0.45 0.11 0.41 0.03 0.06 0.06 0.01 0.29 0.28 0.03 0.04 0.31 1.07 1.66 2.56 2.68 1.21 0.51 0.23 0.14 0.52 0.27 0.21 0.35 1.01 0.89 0.97 2.68 2.68 0.84 0.29 0.20 0.58 0.31 0.24 0.29 0.67 0.46 0.28 0.64 2.71 1.52 0.45 0.27 0.47 0.26 0.20 0.01 0.07 0.05 0.07 0.01 0.01 0.07 0.01 0.01 0.01 0.01 0.05 0.59 1.16 0.71 0.35 0.49 0.72 2.68 2.62 2.50 1.55 0.59 0.39 0.27 0.86 0.44 0.20 0.27 0.19 2.68 2.67 1.61 1.05 0.65 0.29 0.77 1.06 0.57 0.26 0.33 0.29 2.69 2.68 0.91 1.47 2.11 1.00 1.39 1.05 0.49 0.21 0.27 0.20 2.69 2.69 0.51 1.23 2.29 2.36 1.43 0.53 0.23 0.28 0.21 2.69 2.69 0.49 0.92 1.63 2.40 2.26 0.41 0.13 0.15 0.06 2.68 2.69 0.26 0.43 0.45 0.48 0.96 0.71 2.40 0.70 0.54 0.42 2.69 2.68 0.63 0.96 0.78 0.47 0.90 1.65 2.57 2.48 1.33 0.71 2.70 2.69 0.66 0.97 0.74 0.39 0.47 1.57

I got: 2.54 2.49 1.30 2.69 2.68 0.69 0.98 0.73 0.37 0.38 1.04 1.38 1.49 1.01 2.72 2.71 0.45 0.59 0.42 0.21 0.18 0.50 0.36 0.47 0.41 0.88 1.18 2.68 0.52 0.51 0.34 0.16 0.06 0.48 0.20 0.18 0.27 0.44 0.11 0.41 0.03 0.06 0.06 0.01 0.29 0.28 0.03 0.04 0.32 1.07 1.66 2.57 2.69 1.21 0.51 0.22 0.14 0.53 0.27 0.22 0.35 1.00 0.89 0.97 2.68 2.74 0.84 0.29 0.19 0.58 0.31 0.24 0.29 0.67 0.46 0.28 0.64 2.71 1.51 0.45 0.27 0.47 0.26 0.20 0.01 0.06 0.05 0.07 0.01 0.01 0.07 0.01 0.01 0.01 0.04 0.06 0.59 1.16 0.71 0.35 0.49 0.72 2.72 2.61 2.50 1.55 0.59 0.39 0.28 0.86 0.44 0.20 0.27 0.19 2.67 2.67 1.61 1.05 0.65 0.30 0.77 1.06 0.57 0.26 0.33 0.29 2.68 2.67 0.91 1.47 2.11 1.00 1.40 1.04 0.48 0.21 0.27 0.20 2.68 2.68 0.51 1.23 2.29 2.35 1.43 0.53 0.22 0.28 0.21 2.68 2.68 0.49 0.92 1.63 2.39 2.26 0.41 0.13 0.15 0.06 2.69 2.69 0.26 0.43 0.45 0.48 0.96 0.71 2.40 0.70 0.54 0.43 2.68 2.68 0.63 0.96 0.79 0.47 0.90 1.64 2.57 2.48 1.33 0.71 2.68 2.70 0.66 0.97 0.74 0.38 0.47 1.57

I got: 2.54 2.49 1.30 2.68 2.70 0.69 0.99 0.73 0.37 0.38 1.05 1.38 1.49 1.01 2.73 2.71 0.45 0.59 0.42 0.21 0.18 0.49 0.36 0.47 0.41 0.88 1.18 2.68 0.52 0.51 0.34 0.16 0.06 0.48 0.20 0.18 0.27 0.44 0.11 0.40 0.03 0.06 0.06 0.01 0.29 0.29 0.03 0.03 0.32 1.07 1.66 2.56 2.69 1.21 0.52 0.23 0.15 0.52 0.27 0.22 0.35 1.00 0.88 0.97 2.69 2.68 0.84 0.29 0.20 0.58 0.31 0.24 0.29 0.67 0.46 0.28 0.64 2.72 1.51 0.45 0.27 0.47 0.26 0.20 0.01 0.06 0.07 0.05 0.01 0.01 0.06 0.01 0.01 0.01 0.05 0.05 0.59 1.16 0.71 0.35 0.49 0.72 2.68 2.61 2.50 1.55 0.59 0.39 0.28 0.85 0.44 0.20 0.27 0.19 2.67 2.67 1.61 1.05 0.65 0.30 0.77 1.06 0.57 0.26 0.33 0.29 2.69 2.69 0.91 1.47 2.11 1.00 1.39 1.04 0.48 0.21 0.27 0.20 2.68 2.68 0.51 1.23 2.29 2.36 1.43 0.53 0.22 0.28 0.21 2.67 2.67 0.49 0.92 1.63 2.40 2.27 0.41 0.13 0.15 0.06 2.68 2.68 0.26 0.43 0.45 0.48 0.96 0.71 2.41 0.70 0.54 0.43 2.69 2.68 0.63 0.96 0.79 0.47 0.90 1.64 2.57 2.48 1.33 0.71 2.71 2.69 0.66 0.97 0.74 0.39 0.47 1.57

I got: 2.54 2.49 1.30 2.71 2.69 0.69 0.98 0.73 0.37 0.38 1.05 1.38 1.49 1.00 2.75 2.71 0.45 0.59 0.42 0.21 0.18 0.49 0.36 0.47 0.41 0.88 1.18 2.71 0.52 0.51 0.34 0.16 0.06 0.48 0.20 0.18 0.27 0.44 0.11 0.40 0.03 0.06 0.06 0.01 0.28 0.28 0.03 0.03 0.31 1.07 1.66 2.57 2.68 1.21 0.52 0.23 0.14 0.52 0.27 0.22 0.35 1.00 0.88 0.97 2.69 2.68 0.84 0.29 0.20 0.57 0.31 0.25 0.29 0.67 0.46 0.28 0.64 2.71 1.51 0.45 0.27 0.47 0.26 0.20 0.01 0.06 0.06 0.07 0.01 0.01 0.06 0.01 0.01 0.01 0.04 0.07 0.59 1.16 0.71 0.35 0.49 0.72 2.69 2.62 2.50 1.55 0.60 0.39 0.27 0.85 0.44 0.20 0.27 0.19 2.67 2.68 1.61 1.05 0.65 0.30 0.77 1.05 0.57 0.26 0.33 0.29 2.67 2.69 0.91 1.47 2.11 1.01 1.39 1.04 0.48 0.21 0.27 0.19 2.68 2.69 0.51 1.23 2.29 2.35 1.43 0.53 0.22 0.28 0.21 2.68 2.67 0.49 0.92 1.63 2.40 2.26 0.41 0.13 0.15 0.06 2.70 2.68 0.26 0.43 0.45 0.48 0.96 0.71 2.40 0.70 0.54 0.42 2.69 2.68 0.63 0.96 0.79 0.47 0.90 1.64 2.57 2.48 1.33 0.71 2.69 2.70 0.66 0.97 0.74 0.39 0.47 1.57

I got: 2.54 2.49 1.30 2.68 2.68 0.69 0.98 0.73 0.37 0.38 1.05 1.38 1.49 1.00 2.73 2.71 0.45 0.59 0.42 0.21 0.18 0.49 0.36 0.47 0.40 0.88 1.18 2.67 0.52 0.51 0.34 0.16 0.05 0.48 0.20 0.19 0.28 0.44 0.11 0.41 0.03 0.06 0.06 0.01 0.28 0.29 0.03 0.03 0.31 1.07 1.66 2.56 2.68 1.21 0.51 0.22 0.15 0.53 0.27 0.22 0.35 1.00 0.88 0.97 2.67 2.68 0.85 0.29 0.19 0.57 0.31 0.24 0.29 0.67 0.46 0.28 0.64 2.71 1.51 0.45 0.27 0.47 0.26 0.20 0.01 0.07 0.08 0.06 0.01 0.01 0.05 0.01 0.01 0.01 0.02 0.06 0.59 1.16 0.71 0.35 0.49 0.72 2.68 2.62 2.50 1.55 0.59 0.39 0.27 0.86 0.44 0.20 0.27 0.19 2.68 2.68 1.61 1.05 0.65 0.30 0.77 1.06 0.57 0.26 0.33 0.29 2.69 2.68 0.91 1.47 2.11 1.01 1.39 1.05 0.48 0.21 0.27 0.19 2.69 2.69 0.51 1.23 2.29 2.35 1.43 0.53 0.22 0.28 0.21 2.69 2.69 0.50 0.92 1.63 2.40 2.26 0.41 0.13 0.15 0.06 2.68 51.53 0.26 0.43 0.45 0.48 0.96 0.71 2.41 0.70 0.54 0.42 2.69 2.73 0.63 0.96 0.78 0.47 0.90 1.64 2.57 2.48 1.33 0.71 2.70 2.75 0.66 0.97 0.74 0.38 0.46 1.57

I got: 2.54 2.49 1.30 2.72 2.67 0.69 0.98 0.73 0.37 0.38 1.04 1.37 1.49 1.00 2.74 2.71 0.45 0.59 0.42 0.21 0.18 0.49 0.36 0.47 0.40 0.88 1.18 2.68 0.52 0.51 0.34 0.16 0.05 0.48 0.20 0.19 0.28 0.44 0.11 0.41 0.03 0.06 0.06 0.01 0.29 0.29 0.03 0.03 0.31 1.07 1.66 2.56 2.68 1.22 0.52 0.23 0.14 0.53 0.27 0.22 0.35 1.00 0.88 0.97 2.68 2.69 0.85 0.29 0.20 0.58 0.31 0.25 0.29 0.67 0.46 0.28 0.64 2.71 1.51 0.45 0.27 0.47 0.26 0.20 0.01 0.08 0.07 0.04 0.01 0.01 0.07 0.01 0.01 0.01 0.03 0.09 0.59 1.16 0.71 0.35 0.50 0.72 2.69 2.61 2.50 1.55 0.59 0.40 0.27 0.85 0.43 0.20 0.27 0.19 2.67 2.67 1.61 1.05 0.65 0.30 0.76 1.06 0.57 0.26 0.33 0.29 2.68 2.68 0.91 1.47 2.11 1.01 1.39 1.04 0.48 0.21 0.27 0.19 2.68 2.68 0.51 1.23 2.29 2.35 1.43 0.53 0.22 0.28 0.21 2.68 2.68 0.50 0.92 1.63 2.40 2.26 0.41 0.13 0.15 0.06 2.69 2.69 0.26 0.43 0.45 0.48 0.95 0.70 2.40 0.70 0.54 0.42 2.68 2.68 0.63 0.96 0.79 0.47 0.90 1.64 2.57 2.48 1.33 0.71 2.68 2.69 0.66 0.97 0.74 0.39 0.46 1.57

I got: 2.54 2.49 1.30 2.69 2.70 0.69 0.98 0.73 0.37 0.38 1.05 1.38 1.49 1.00 2.72 2.71 0.45 0.59 0.42 0.21 0.18 0.49 0.36 0.47 0.40 0.88 1.18 2.67 0.52 0.51 0.34 0.16 0.06 0.48 0.20 0.19 0.28 0.44 0.11 0.40 0.03 0.06 0.06 0.01 0.28 0.29 0.03 0.03 0.31 1.07 1.66 2.56 2.68 1.21 0.52 0.23 0.15 0.53 0.27 0.22 0.35 1.00 0.89 0.97 2.68 2.67 0.84 0.29 0.20 0.58 0.31 0.25 0.29 0.67 0.46 0.28 0.64 2.71 1.51 0.45 0.27 0.47 0.26 0.20 0.01 0.07 0.10 0.06 0.01 0.01 0.06 0.01 0.01 0.01 0.01 0.05 0.59 1.16 0.71 0.35 0.49 0.72 2.68 2.62 2.50 1.55 0.60 0.40 0.28 0.86 0.44 0.20 0.27 0.19 2.68 2.68 1.61 1.05 0.65 0.30 0.77 1.06 0.57 0.26 0.33 0.29 2.69 2.69 0.91 1.47 2.11 1.01 1.39 1.04 0.48 0.21 0.27 0.20 2.74 2.68 0.51 1.23 2.29 2.36 1.43 0.53 0.22 0.28 0.21 2.68 2.67 0.49 0.92 1.63 2.40 2.27 0.41 0.13 0.15 0.06 2.69 2.71 0.26 0.43 0.45 0.48 0.96 0.70 2.41 0.70 0.54 0.42 2.67 2.69 0.63 0.96 0.79 0.47 0.90 1.64 2.57 2.48 1.33 0.71 2.68 2.69 0.66 0.97 0.74 0.39 0.46 1.57

I got: 2.54 2.49 1.30 2.67 2.69 0.69 0.98 0.73 0.37 0.38 1.05 1.38 1.49 1.00 2.72 2.72 0.45 0.58 0.42 0.21 0.18 0.49 0.36 0.47 0.40 0.88 1.18 2.67 0.52 0.51 0.34 0.16 0.05 0.48 0.20 0.19 0.28 0.44 0.11 0.41 0.03 0.06 0.06 0.01 0.28 0.28 0.03 0.03 0.31 1.07 1.66 2.57 2.68 1.21 0.51 0.23 0.14 0.52 0.27 0.22 0.35 1.00 0.89 0.97 2.69 2.68 0.84 0.29 0.19 0.58 0.31 0.25 0.29 0.67 0.46 0.28 0.64 2.72 1.50 0.44 0.27 0.47 0.26 0.20 0.01 0.08 0.06 0.05 0.01 0.01 0.05 0.01 0.01 0.01 0.02 0.07 0.59 1.16 0.71 0.35 0.49 0.72 2.68 2.62 2.50 1.55 0.59 0.40 0.27 0.86 0.44 0.20 0.27 0.18 2.67 2.68 1.61 1.05 0.65 0.30 0.77 1.06 0.57 0.26 0.33 0.29 2.69 2.69 0.91 1.47 2.11 1.01 1.39 1.04 0.48 0.21 0.27 0.19 2.68 2.68 0.51 1.23 2.29 2.35 1.43 0.53 0.22 0.28 0.21 2.68 2.68 0.49 0.92 1.63 2.40 2.26 0.41 0.13 0.15 0.05 2.69 2.68 0.26 0.43 0.45 0.48 0.96 0.71 2.40 0.70 0.54 0.42 2.69 2.68 0.63 0.96 0.79 0.47 0.90 1.64 2.57 2.48 1.33 0.71 2.69 2.70 0.66 0.97 0.74 0.39 0.47 1.57

I got: 2.54 2.49 1.30 2.69 2.68 0.69 0.98 0.73 0.37 0.38 1.05 1.37 1.49 1.00 2.72 2.72 0.45 0.58 0.42 0.20 0.18 0.49 0.36 0.47 0.40 0.88 1.18 2.67 0.52 0.51 0.34 0.16 0.06 0.48 0.20 0.19 0.28 0.44 0.11 0.41 0.03 0.06 0.06 0.01 0.28 0.29 0.03 0.03 0.31 1.07 1.66 2.56 2.68 1.22 0.52 0.23 0.14 0.52 0.27 0.22 0.35 1.00 0.89 0.97 2.68 2.67 0.84 0.29 0.19 0.58 0.30 0.24 0.29 0.67 0.46 0.28 0.64 2.71 1.51 0.44 0.26 0.47 0.26 0.20 0.01 0.08 0.07 0.05 0.00 0.01 0.05 0.01 0.01 0.01 0.03 0.08 0.59 1.17 0.71 0.35 0.49 0.71 2.68 2.62 2.50 1.55 0.59 0.39 0.27 0.86 0.44 0.20 0.27 0.18 2.71 2.68 1.61 1.05 0.65 0.30 0.76 1.06 0.57 0.26 0.33 0.29 2.71 2.68 0.91 1.47 2.11 1.01 1.38 1.05 0.48 0.21 0.27 0.19 2.68 2.68 0.51 1.23 2.29 2.35 1.43 0.53 0.22 0.28 0.21 2.69 2.68 0.49 0.92 1.63 2.39 2.26 0.41 0.13 0.15 0.05 2.69 2.70 0.26 0.43 0.45 0.48 0.95 0.70 2.40 0.70 0.54 0.42 2.68 2.69 0.63 0.96 0.79 0.47 0.90 1.63 2.57 2.48 1.33 0.71 2.67 2.69 0.66 0.97 0.74 0.39 0.46 1.57

