I got: 2.01 2.74 2.48 2.68 2.69 0.61 0.68 0.48 0.25 0.25 0.91 1.20 2.08 2.45 2.76 2.72 0.53 0.52 0.33 0.16 0.13 0.45 0.36 0.49 0.45 2.32 1.51 2.68 0.66 0.54 0.30 0.13 0.04 0.44 0.20 0.21 0.31 0.49 0.30 0.41 0.02 0.04 0.05 0.01 0.28 0.27 0.04 0.03 0.16 1.16 2.76 2.76 2.69 51.53 0.32 0.12 0.04 0.30 0.13 0.12 0.06 0.67 1.95 2.66 2.68 2.68 0.72 0.19 0.06 0.35 0.13 0.11 0.08 0.38 0.63 0.89 0.73 2.73 1.40 0.43 0.22 0.34 0.14 0.10 0.01 0.01 0.06 0.05 0.01 0.02 0.05 0.01 0.01 0.01 0.01 0.06 0.28 0.64 0.66 0.88 0.57 0.45 2.68 2.45 2.39 1.53 0.50 0.28 0.12 0.55 0.31 0.45 0.33 0.04 2.67 2.67 1.41 0.97 0.63 0.26 0.68 0.74 0.43 0.54 0.35 0.07 2.68 2.68 0.83 1.37 1.99 1.05 1.41 0.85 0.37 0.47 0.31 0.09 2.69 2.67 0.37 1.19 2.25 2.28 1.29 0.44 0.53 0.34 0.08 2.70 2.68 0.31 0.79 1.70 2.32 2.21 0.35 0.37 0.25 0.10 2.68 2.68 0.14 0.30 0.41 0.48 0.87 0.64 2.35 2.23 1.19 0.22 2.69 2.68 0.30 0.53 0.55 0.40 0.87 1.58 2.28 2.46 2.76 1.02 2.68 2.68 0.36 0.48 0.40 0.23 0.27 1.28

I got: 2.01 2.75 2.49 2.68 2.68 0.61 0.68 0.48 0.25 0.25 0.91 1.20 2.08 2.45 2.73 2.72 0.53 0.52 0.33 0.16 0.13 0.45 0.36 0.49 0.45 2.32 1.51 2.68 0.65 0.54 0.30 0.13 0.04 0.44 0.20 0.21 0.31 0.49 0.30 0.42 0.02 0.04 0.05 0.01 0.27 0.27 0.04 0.03 0.16 1.16 2.76 2.76 2.69 0.96 0.32 0.12 0.04 0.30 0.13 0.12 0.06 0.67 1.95 2.65 2.70 2.70 0.72 0.19 0.07 0.35 0.13 0.11 0.08 0.38 0.63 0.89 0.72 2.71 1.38 0.42 0.22 0.34 0.14 0.10 0.01 0.01 0.06 0.05 0.01 0.02 0.05 0.01 0.01 0.01 0.01 0.07 0.28 0.64 0.66 0.88 0.57 0.47 2.69 2.45 2.39 1.53 0.50 0.28 0.12 0.55 0.31 0.45 0.32 0.04 2.71 2.68 1.41 0.97 0.63 0.25 0.69 0.74 0.42 0.54 0.35 0.07 2.69 2.68 0.82 1.37 1.98 1.04 1.41 0.85 0.37 0.47 0.31 0.09 2.69 2.71 0.36 1.19 2.25 2.29 1.29 0.44 0.53 0.34 0.08 2.70 2.69 0.31 0.79 1.70 2.32 2.21 0.35 0.37 0.25 0.10 2.68 2.69 0.14 0.30 0.41 0.48 0.87 0.64 2.35 2.23 1.20 0.20 2.68 2.69 0.30 0.53 0.56 0.40 0.87 1.57 2.28 2.45 2.76 1.03 2.68 2.68 0.36 0.48 0.40 0.23 0.27 1.28

I got: 2.01 2.75 2.46 2.69 2.68 0.61 0.68 0.48 0.25 0.25 0.91 1.21 2.08 2.45 2.73 2.73 0.53 0.52 0.33 0.16 0.13 0.45 0.36 0.49 0.45 2.32 1.51 2.68 0.66 0.55 0.31 0.14 0.04 0.45 0.21 0.21 0.31 0.49 0.30 0.41 0.02 0.04 0.05 0.01 0.27 0.27 0.04 0.03 0.16 1.16 2.75 2.75 2.70 0.96 0.32 0.12 0.04 0.30 0.13 0.12 0.06 0.67 1.95 2.66 2.68 2.69 0.72 0.19 0.06 0.35 0.13 0.11 0.09 0.38 0.63 0.90 0.74 2.72 1.40 0.43 0.22 0.35 0.15 0.10 0.01 0.01 0.09 0.06 0.01 0.02 0.06 0.01 0.01 0.01 0.01 0.06 0.27 0.64 0.66 0.88 0.57 0.44 2.69 2.45 2.39 1.53 0.50 0.28 0.12 0.55 0.32 0.45 0.33 0.07 2.68 2.68 1.41 0.97 0.63 0.26 0.68 0.74 0.42 0.54 0.35 0.09 2.68 2.68 0.82 1.37 1.99 1.05 1.41 0.85 0.37 0.47 0.31 0.08 2.69 2.69 0.36 1.18 2.25 2.28 1.29 0.44 0.52 0.34 0.08 2.69 2.69 0.31 0.79 1.70 2.32 2.21 0.35 0.37 0.26 0.11 2.70 2.70 0.14 0.30 0.41 0.48 0.87 0.64 2.35 2.23 1.20 0.21 2.70 2.70 0.30 0.53 0.56 0.40 0.87 1.58 2.28 2.46 2.75 1.02 2.69 2.69 0.36 0.48 0.40 0.23 0.27 1.28

I got: 2.01 2.74 2.47 2.68 2.69 0.61 0.68 0.48 0.25 0.24 0.91 1.20 2.08 2.45 2.73 2.71 0.53 0.52 0.33 0.16 0.13 0.45 0.36 0.48 0.46 2.32 1.51 2.68 0.65 0.54 0.30 0.13 0.04 0.44 0.20 0.21 0.31 0.49 0.30 0.41 0.02 0.04 0.05 0.01 0.27 0.27 0.04 0.03 0.16 1.16 2.74 2.76 2.70 0.96 0.32 0.12 0.04 0.30 0.13 0.12 0.06 0.67 1.95 2.66 2.68 2.76 0.72 0.19 0.06 0.35 0.13 0.11 0.09 0.38 0.63 0.89 0.73 2.77 1.39 0.43 0.21 0.34 0.15 0.10 0.01 0.01 0.05 0.06 0.01 0.03 0.07 0.01 0.01 0.01 0.01 0.05 0.27 0.64 0.66 0.89 0.57 0.46 2.71 2.45 2.39 1.53 0.50 0.28 0.12 0.55 0.32 0.45 0.33 0.03 2.68 2.67 1.41 0.97 0.63 0.25 0.68 0.74 0.43 0.54 0.35 0.07 2.69 2.68 0.82 1.37 1.99 1.04 1.41 0.85 0.37 0.47 0.31 0.08 2.68 2.68 0.36 1.19 2.24 2.28 1.29 0.44 0.53 0.34 0.09 2.68 2.67 0.31 0.79 1.70 2.32 2.21 0.35 0.37 0.25 0.12 2.68 2.68 0.14 0.30 0.41 0.48 0.87 0.64 2.35 2.23 1.20 0.21 2.69 2.68 0.30 0.53 0.56 0.40 0.87 1.58 2.28 2.46 2.75 1.03 2.68 2.68 0.36 0.48 0.40 0.23 0.27 1.28

I got: 2.01 2.76 2.48 2.69 2.68 0.61 0.68 0.48 0.25 0.25 0.91 1.20 2.07 2.45 2.73 2.72 0.53 0.52 0.33 0.16 0.13 0.45 0.36 0.48 0.45 2.32 1.51 2.68 0.65 0.54 0.30 0.13 0.04 0.45 0.21 0.21 0.31 0.49 0.30 0.40 0.02 0.04 0.05 0.01 0.27 0.27 0.04 0.03 0.16 1.16 2.76 2.76 2.71 0.96 0.32 0.12 0.04 0.30 0.13 0.12 0.06 0.67 1.95 2.66 2.69 2.70 0.72 0.19 0.06 0.35 0.13 0.11 0.09 0.38 0.62 0.88 0.72 2.73 1.39 0.42 0.22 0.34 0.14 0.10 0.01 0.01 0.06 0.05 0.01 0.02 0.05 0.01 0.01 0.01 0.01 0.09 0.28 0.64 0.66 0.89 0.57 0.45 2.69 2.45 2.39 1.53 0.50 0.28 0.12 0.55 0.31 0.45 0.33 0.05 2.67 2.68 1.41 0.97 0.63 0.26 0.69 0.74 0.43 0.54 0.35 0.06 2.68 2.68 0.82 1.37 1.99 1.05 1.41 0.85 0.37 0.47 0.31 0.07 2.69 2.69 0.36 1.18 2.24 2.28 1.29 0.44 0.52 0.34 0.08 2.69 2.69 0.31 0.79 1.70 2.32 2.21 0.35 0.37 0.25 0.11 2.69 2.69 0.14 0.30 0.41 0.48 0.87 0.64 2.35 2.23 1.20 0.21 2.69 2.69 0.30 0.53 0.56 0.40 0.87 1.58 2.28 2.46 2.75 1.03 2.69 2.69 0.36 0.48 0.40 0.23 0.27 1.28

I got: 2.01 2.76 2.47 2.68 2.69 0.61 0.68 0.48 0.25 0.25 0.91 1.20 2.07 2.45 2.73 2.71 0.53 0.53 0.33 0.16 0.14 0.45 0.36 0.49 0.45 2.33 1.51 2.67 0.65 0.55 0.30 0.13 0.04 0.45 0.21 0.22 0.31 0.49 0.30 0.40 0.02 0.04 0.05 0.01 0.27 0.27 0.04 0.03 0.16 1.16 2.75 2.76 2.69 0.96 0.32 0.12 0.04 0.30 0.13 0.12 0.06 0.66 1.95 2.65 2.70 2.70 0.72 0.19 0.07 0.35 0.13 0.11 0.09 0.38 0.63 0.90 0.73 2.74 1.41 0.43 0.22 0.34 0.15 0.10 0.01 0.01 0.06 0.08 0.01 0.06 0.07 0.01 0.01 0.01 0.02 0.07 0.28 0.64 0.66 0.88 0.57 0.42 2.70 2.45 2.39 1.53 0.50 0.28 0.12 0.55 0.31 0.45 0.33 0.05 2.68 2.69 1.41 0.97 0.63 0.26 0.69 0.74 0.43 0.54 0.35 0.08 2.68 2.68 0.83 1.37 1.98 1.05 1.41 0.85 0.37 0.47 0.31 0.07 2.69 2.69 0.36 1.18 2.25 2.28 1.29 0.44 0.53 0.34 0.08 2.69 2.69 0.31 0.79 1.70 2.32 2.21 0.35 0.37 0.25 0.11 2.70 2.69 0.14 0.30 0.41 0.48 0.88 0.64 2.35 2.23 1.20 0.21 2.69 2.69 0.30 0.53 0.55 0.40 0.87 1.58 2.28 2.46 2.75 1.02 2.68 2.68 0.36 0.48 0.40 0.23 0.27 1.28

I got: 2.00 2.75 2.48 2.68 2.69 0.61 0.68 0.48 0.25 0.25 0.91 1.21 2.08 2.45 2.73 2.72 0.53 0.52 0.33 0.16 0.13 0.44 0.36 0.49 0.45 2.32 1.51 2.67 0.65 0.54 0.30 0.13 0.04 0.44 0.20 0.21 0.31 0.49 0.30 0.41 0.02 0.04 0.05 0.01 0.27 0.27 0.04 0.03 0.16 1.17 2.75 2.76 2.69 0.96 0.32 0.12 0.04 0.30 0.13 0.12 0.06 0.67 1.95 2.66 2.69 2.69 0.72 0.19 0.06 0.35 0.13 0.11 0.08 0.38 0.63 0.90 0.73 2.72 1.40 0.43 0.22 0.34 0.14 0.10 0.01 0.01 0.06 0.06 0.01 0.01 0.05 0.01 0.01 0.01 0.02 0.05 0.28 0.64 0.66 0.88 0.57 0.45 2.68 2.45 2.39 1.53 0.50 0.28 0.12 0.55 0.31 0.46 0.33 0.06 2.68 2.68 1.41 0.97 0.63 0.26 0.68 0.74 0.42 0.54 0.35 0.07 2.69 2.70 0.82 1.37 1.98 1.05 1.41 0.85 0.37 0.47 0.31 0.08 2.68 2.68 0.36 1.18 2.25 2.28 1.29 0.44 0.53 0.34 0.07 2.68 2.68 0.31 0.79 1.70 2.32 2.21 0.35 0.37 0.25 0.11 2.68 2.68 0.14 0.30 0.41 0.48 0.87 0.64 2.35 2.23 1.20 0.21 2.68 2.68 0.30 0.52 0.56 0.40 0.87 1.58 2.28 2.46 2.75 1.03 2.68 2.68 0.36 0.48 0.40 0.23 0.27 1.28

I got: 2.00 2.75 2.48 2.69 2.73 0.61 0.68 0.48 0.25 0.25 0.91 1.20 2.08 2.45 2.73 2.77 0.52 0.52 0.33 0.16 0.13 0.45 0.36 0.48 0.45 2.33 1.53 2.68 0.67 0.56 0.31 0.14 0.04 0.45 0.21 0.22 0.31 0.49 0.30 0.39 0.02 0.04 0.06 0.01 0.28 0.27 0.04 0.03 0.16 1.17 2.76 2.76 2.72 0.96 0.32 0.12 0.04 0.30 0.13 0.12 0.06 0.67 1.95 2.66 2.69 2.70 0.72 0.19 0.06 0.35 0.13 0.11 0.08 0.38 0.63 0.90 0.73 2.71 1.41 0.43 0.22 0.35 0.15 0.10 0.01 0.01 0.05 0.05 0.01 0.07 0.04 0.01 0.01 0.01 0.01 0.08 0.27 0.63 0.66 0.89 0.57 0.46 2.70 2.45 2.39 1.53 0.50 0.28 0.12 0.55 0.31 0.45 0.33 0.05 2.68 2.67 1.41 0.97 0.63 0.26 0.68 0.74 0.42 0.54 0.35 0.06 2.68 2.68 0.83 1.37 1.99 1.05 1.41 0.85 0.37 0.46 0.31 0.08 2.69 2.69 0.36 1.18 2.25 2.28 1.29 0.44 0.52 0.34 0.07 2.69 2.69 0.31 0.79 1.70 2.32 2.21 0.35 0.37 0.25 0.10 2.69 2.70 0.14 0.30 0.41 0.48 0.87 0.64 2.34 2.23 1.20 0.21 2.69 2.69 0.30 0.53 0.56 0.40 0.87 1.58 2.28 2.45 2.75 1.03 2.69 2.69 0.36 0.48 0.39 0.23 0.27 1.28

I got: 2.00 2.75 2.48 2.68 2.68 0.61 0.68 0.48 0.25 0.25 0.91 1.20 2.07 2.45 2.72 2.72 0.53 0.52 0.33 0.16 0.14 0.45 0.36 0.49 0.45 2.32 1.50 2.68 0.65 0.54 0.30 0.13 0.04 0.44 0.20 0.21 0.31 0.49 0.30 0.42 0.02 0.04 0.05 0.01 0.27 0.27 0.04 0.03 0.16 1.16 2.76 2.76 2.69 0.96 0.32 0.12 0.04 0.30 0.13 0.12 0.06 0.67 1.95 2.66 2.68 2.69 0.72 0.19 0.07 0.35 0.13 0.11 0.08 0.38 0.63 0.89 0.73 2.72 1.40 0.43 0.22 0.34 0.15 0.10 0.01 0.01 0.07 0.05 0.01 0.02 0.06 0.01 0.01 0.01 0.01 0.06 0.28 0.64 0.66 0.88 0.57 0.46 2.69 2.45 2.39 1.53 0.50 0.29 0.12 0.55 0.32 0.45 0.33 0.03 2.68 2.68 1.41 0.97 0.63 0.26 0.69 0.74 0.43 0.54 0.35 0.08 2.70 2.70 0.82 1.37 1.99 1.05 1.41 0.85 0.38 0.47 0.31 0.09 2.72 2.69 0.36 1.19 2.25 2.28 1.29 0.44 0.53 0.34 0.07 2.72 2.69 0.31 0.79 1.70 2.33 2.21 0.35 0.37 0.25 0.11 2.70 2.72 0.14 0.30 0.41 0.48 0.87 0.64 2.35 2.23 1.20 0.21 2.69 2.72 0.30 0.53 0.56 0.40 0.87 1.58 2.28 2.46 2.75 1.04 2.69 2.72 0.36 0.48 0.40 0.23 0.27 1.28

I got: 2.01 2.75 2.48 2.68 2.68 0.61 0.68 0.48 0.25 0.25 0.91 1.20 2.07 2.45 2.73 2.72 0.52 0.52 0.33 0.16 0.13 0.45 0.36 0.49 0.46 2.32 1.51 2.67 0.65 0.55 0.30 0.13 0.04 0.45 0.20 0.21 0.31 0.49 0.30 0.42 0.02 0.04 0.05 0.01 0.27 0.27 0.04 0.03 0.16 1.16 2.76 2.76 2.69 0.96 0.32 0.12 0.04 0.30 0.13 0.12 0.06 0.67 1.95 2.66 2.69 2.70 0.72 0.19 0.06 0.35 0.13 0.11 0.08 0.38 0.63 0.90 0.73 2.73 1.40 0.43 0.22 0.34 0.15 0.11 0.01 0.01 0.05 0.06 0.01 0.04 0.06 0.01 0.01 0.01 0.01 0.07 0.27 0.63 0.66 0.89 0.57 0.45 2.69 2.45 2.39 1.53 0.50 0.28 0.12 0.55 0.31 0.45 0.33 0.06 2.69 2.67 1.41 0.97 0.63 0.26 0.68 0.74 0.43 0.54 0.35 0.06 2.70 2.69 0.83 1.37 1.99 1.05 1.41 0.85 0.37 0.46 0.31 0.08 2.68 2.68 0.36 1.19 2.24 2.28 1.29 0.44 0.53 0.34 0.08 2.68 2.68 0.31 0.79 1.70 2.32 2.21 0.35 0.37 0.25 0.10 2.68 2.69 0.14 0.30 0.41 0.48 0.88 0.64 2.35 2.23 1.20 0.20 2.69 2.68 0.30 0.53 0.56 0.40 0.87 1.58 2.28 2.45 2.76 1.04 2.68 2.69 0.36 0.48 0.40 0.23 0.27 1.28

I got: 2.00 2.75 2.48 2.69 2.69 0.61 0.68 0.48 0.25 0.25 0.91 1.20 2.07 2.45 2.72 2.72 0.53 0.52 0.33 0.16 0.14 0.45 0.36 0.49 0.45 2.32 1.51 2.67 0.65 0.55 0.30 0.13 0.04 0.45 0.20 0.21 0.31 0.49 0.30 0.41 0.02 0.04 0.05 0.01 0.27 0.27 0.04 0.03 0.16 1.16 2.76 2.76 2.69 0.96 0.32 0.12 0.04 0.30 0.13 0.12 0.06 0.67 1.95 2.66 2.68 2.69 0.72 0.19 0.06 0.35 0.13 0.11 0.08 0.38 0.64 0.90 0.73 2.71 1.41 0.43 0.22 0.34 0.15 0.10 0.01 0.01 0.06 0.06 0.01 0.02 0.08 0.01 0.01 0.01 0.01 0.06 0.27 0.64 0.66 0.88 0.58 0.44 2.69 2.45 2.39 1.53 0.50 0.28 0.12 0.55 0.32 0.45 0.33 0.06 2.67 2.72 1.41 0.97 0.63 0.25 0.68 0.74 0.43 0.54 0.35 0.08 2.69 2.69 0.82 1.37 1.99 1.04 1.41 0.85 0.37 0.47 0.31 0.09 2.72 2.68 0.36 1.19 2.24 2.28 1.29 0.44 0.53 0.34 0.08 2.69 2.68 0.31 0.79 1.70 2.32 2.21 0.35 0.37 0.25 0.10 2.70 2.69 0.14 0.30 0.41 0.48 0.88 0.64 2.35 2.23 1.20 0.20 2.69 2.69 0.30 0.53 0.56 0.40 0.87 1.58 2.28 2.46 2.76 1.03 2.69 2.68 0.36 0.48 0.40 0.23 0.27 1.28

I got: 2.00 2.75 2.47 2.68 2.68 0.61 0.68 0.48 0.25 0.25 0.91 1.20 2.07 2.45 2.73 2.72 0.52 0.52 0.33 0.16 0.13 0.45 0.36 0.48 0.45 2.32 1.51 2.68 0.65 0.54 0.30 0.13 0.04 0.44 0.20 0.21 0.31 0.49 0.30 0.41 0.02 0.04 0.05 0.01 0.27 0.27 0.04 0.03 0.16 1.16 2.75 2.76 2.71 0.96 0.32 0.12 0.04 0.30 0.13 0.12 0.06 0.67 1.95 2.66 2.70 2.70 0.72 0.20 0.06 0.35 0.13 0.11 0.09 0.38 0.63 0.89 0.73 2.72 1.39 0.43 0.22 0.34 0.14 0.10 0.01 0.01 0.06 0.06 0.01 0.05 0.06 0.01 0.01 0.01 0.02 0.06 0.27 0.64 0.66 0.88 0.57 0.43 2.69 2.45 2.39 1.53 0.50 0.28 0.12 0.55 0.31 0.45 0.33 0.05 2.68 2.68 1.41 0.97 0.63 0.26 0.69 0.74 0.43 0.54 0.35 0.08 2.69 2.68 0.83 1.37 1.99 1.04 1.41 0.85 0.37 0.47 0.31 0.08 2.69 2.69 0.36 1.18 2.24 2.28 1.29 0.44 0.53 0.34 0.08 2.69 2.69 0.31 0.79 1.70 2.32 2.21 0.35 0.37 0.25 0.09 2.69 2.70 0.14 0.30 0.41 0.48 0.88 0.64 2.35 2.23 1.20 0.20 2.69 2.69 0.30 0.53 0.56 0.40 0.87 1.58 2.28 2.46 2.76 1.04 2.69 2.69 0.36 0.48 0.40 0.23 0.27 1.28

I got: 2.01 2.76 2.47 2.68 2.69 0.61 0.68 0.48 0.25 0.25 0.91 1.20 2.07 2.45 2.72 2.72 0.52 0.52 0.33 0.16 0.14 0.45 0.36 0.48 0.45 2.32 1.51 2.68 0.65 0.54 0.30 0.13 0.04 0.44 0.20 0.21 0.31 0.49 0.30 0.43 0.02 0.04 0.05 0.01 0.27 0.27 0.04 0.03 0.16 1.16 2.76 2.75 2.74 0.96 0.32 0.12 0.04 0.30 0.13 0.12 0.06 0.67 1.95 2.66 2.72 2.69 0.72 0.19 0.06 0.35 0.13 0.11 0.09 0.37 0.62 0.88 0.72 2.72 1.39 0.42 0.22 0.34 0.14 0.10 0.01 0.01 0.05 0.06 0.01 0.03 0.06 0.01 0.01 0.01 0.01 0.07 0.28 0.64 0.66 0.88 0.57 0.45 2.69 2.45 2.39 1.53 0.50 0.28 0.12 0.55 0.31 0.45 0.32 0.05 2.69 2.68 1.41 0.97 0.63 0.26 0.69 0.74 0.42 0.54 0.35 0.07 2.68 2.68 0.82 1.37 1.99 1.05 1.41 0.85 0.37 0.47 0.31 0.08 2.69 2.69 0.36 1.19 2.24 2.28 1.29 0.44 0.52 0.34 0.07 2.68 2.69 0.31 0.79 1.70 2.32 2.21 0.35 0.37 0.25 0.10 2.69 2.70 0.14 0.30 0.41 0.48 0.88 0.64 2.34 2.23 1.20 0.20 2.69 2.69 0.30 0.53 0.56 0.40 0.87 1.58 2.28 2.46 2.75 1.03 2.68 2.69 0.36 0.48 0.40 0.23 0.27 1.28

