I got: 2.74 2.41 1.57 2.69 2.69 0.75 0.98 0.76 0.42 0.51 1.35 1.73 1.88 0.88 2.73 2.72 0.47 0.55 0.41 0.22 0.24 0.65 0.62 0.81 0.90 1.06 1.26 2.68 0.44 0.35 0.20 0.09 0.07 0.40 0.20 0.25 0.32 0.55 0.12 0.41 0.03 0.06 0.07 0.02 0.28 0.26 0.05 0.04 0.44 2.17 1.51 2.58 2.70 1.10 0.34 0.12 0.05 0.32 0.14 0.16 0.36 1.88 0.81 0.91 2.68 2.69 0.73 0.19 0.06 0.35 0.14 0.14 0.22 1.08 0.37 0.20 0.55 2.72 1.32 0.39 0.19 0.30 0.12 0.10 0.01 0.01 0.05 0.08 0.01 0.01 0.06 0.01 0.01 0.01 0.01 0.07 0.43 1.88 0.57 0.21 0.33 0.55 2.68 2.48 2.42 1.42 0.42 0.24 0.16 1.34 0.37 0.11 0.15 0.05 2.67 2.68 1.46 1.00 0.56 0.21 0.65 1.99 0.57 0.15 0.17 0.09 2.68 2.68 0.77 1.42 2.06 0.92 1.23 2.14 0.60 0.15 0.15 0.07 2.69 2.69 0.33 1.09 2.28 2.36 2.57 0.79 0.19 0.18 0.08 2.69 2.69 0.28 0.69 1.58 2.41 2.33 0.87 0.19 0.17 0.05 2.70 2.69 0.16 0.29 0.38 0.45 1.02 0.86 2.74 1.21 0.95 0.70 2.68 2.69 0.64 0.91 0.80 0.52 0.98 1.42 2.54 2.74 1.65 0.99 2.69 2.68 0.71 0.95 0.77 0.44 0.59 1.83

I got: 2.75 2.41 1.57 2.71 2.68 0.76 0.98 0.76 0.42 0.51 1.35 1.73 1.88 0.88 2.73 2.73 0.47 0.55 0.41 0.22 0.24 0.65 0.62 0.81 0.90 1.06 1.26 2.66 0.44 0.35 0.20 0.09 0.07 0.40 0.20 0.25 0.32 0.55 0.12 0.41 0.03 0.06 0.07 0.02 0.28 0.26 0.05 0.04 0.44 2.16 1.51 2.59 2.68 1.10 0.34 0.12 0.04 0.32 0.14 0.16 0.36 1.88 0.81 0.90 2.73 2.69 0.73 0.19 0.06 0.35 0.14 0.14 0.22 1.08 0.37 0.21 0.55 2.73 1.32 0.39 0.18 0.30 0.12 0.10 0.01 0.01 0.06 0.06 0.01 0.01 0.06 0.01 0.01 0.01 0.01 0.08 0.43 1.87 0.57 0.21 0.33 0.55 2.69 2.48 2.42 1.42 0.42 0.24 0.17 1.33 0.37 0.11 0.15 0.05 2.67 2.67 1.46 1.00 0.56 0.21 0.66 1.99 0.56 0.15 0.17 0.09 2.68 2.68 0.77 1.42 2.07 0.92 1.23 2.14 0.60 0.15 0.15 0.07 2.69 2.69 0.32 1.09 2.28 2.36 2.57 0.79 0.19 0.18 0.08 2.69 2.69 0.27 0.69 1.58 2.42 2.33 0.87 0.19 0.17 0.05 2.69 2.69 0.16 0.29 0.38 0.45 1.02 0.86 2.74 1.21 0.95 0.70 2.68 2.69 0.64 0.91 0.80 0.52 0.98 1.42 2.53 2.75 1.65 0.99 2.69 2.68 0.70 0.95 0.77 0.44 0.59 1.84

I got: 2.75 2.41 1.57 2.69 2.68 0.76 0.98 0.76 0.42 0.51 1.35 1.73 1.88 0.88 2.71 2.73 0.47 0.56 0.41 0.22 0.24 0.65 0.62 0.81 0.90 1.06 1.26 2.68 0.44 0.35 0.20 0.09 0.07 0.40 0.20 0.25 0.33 0.55 0.12 0.42 0.03 0.06 0.06 0.02 0.28 0.26 0.05 0.04 0.43 2.17 1.51 2.58 2.68 1.10 0.34 0.12 0.05 0.32 0.14 0.16 0.36 1.88 0.80 0.91 2.69 2.68 0.73 0.19 0.06 0.35 0.14 0.14 0.22 1.08 0.37 0.20 0.55 2.73 1.32 0.39 0.18 0.30 0.12 0.10 0.01 0.01 0.10 0.06 0.01 0.01 0.06 0.01 0.01 0.01 0.03 0.05 0.43 1.88 0.57 0.21 0.33 0.55 2.69 2.48 2.42 1.42 0.42 0.24 0.16 1.34 0.37 0.11 0.15 0.05 2.68 2.68 1.46 1.00 0.56 0.21 0.65 1.99 0.57 0.15 0.17 0.08 2.69 2.68 0.77 1.42 2.07 0.92 1.23 2.14 0.60 0.15 0.15 0.07 2.68 2.68 0.33 1.09 2.28 2.36 2.57 0.79 0.19 0.18 0.08 2.68 2.68 0.28 0.69 1.58 2.41 2.33 0.87 0.19 0.17 0.05 2.68 2.68 0.16 0.29 0.38 0.45 1.02 0.87 2.74 1.21 0.95 0.70 2.69 2.68 0.64 0.91 0.80 0.51 0.98 1.41 2.54 2.75 1.65 0.99 2.70 2.71 0.70 0.95 0.77 0.44 0.59 1.83

I got: 2.74 2.41 1.56 2.68 2.70 0.76 0.98 0.76 0.42 0.51 1.35 1.73 1.88 0.88 2.73 2.71 0.47 0.56 0.41 0.22 0.24 0.65 0.62 0.81 0.90 1.06 1.26 2.72 0.44 0.35 0.20 0.09 0.07 0.40 0.20 0.25 0.33 0.55 0.12 0.41 0.03 0.06 0.07 0.02 0.28 0.26 0.05 0.04 0.44 2.17 1.51 2.59 2.72 1.11 0.34 0.12 0.04 0.32 0.14 0.16 0.35 1.88 0.80 0.91 2.71 2.69 0.73 0.19 0.06 0.35 0.14 0.14 0.22 1.08 0.37 0.20 0.55 2.72 1.32 0.39 0.18 0.30 0.12 0.10 0.01 0.01 0.06 0.06 0.01 0.01 0.05 0.01 0.01 0.01 0.02 0.06 0.43 1.88 0.57 0.21 0.33 0.55 2.68 2.48 2.42 1.43 0.42 0.24 0.17 1.34 0.37 0.11 0.15 0.05 2.67 2.67 1.46 1.00 0.56 0.21 0.65 1.99 0.57 0.15 0.17 0.09 2.68 2.68 0.77 1.42 2.06 0.92 1.23 2.14 0.60 0.15 0.15 0.08 2.69 2.69 0.32 1.09 2.28 2.36 2.57 0.79 0.19 0.18 0.08 2.69 2.69 0.27 0.69 1.58 2.41 2.33 0.87 0.19 0.17 0.05 2.70 2.70 0.16 0.29 0.38 0.45 1.02 0.86 2.74 1.21 0.95 0.70 2.68 2.69 0.64 0.91 0.80 0.52 0.98 1.42 2.53 2.76 1.65 0.99 2.70 2.68 0.70 0.95 0.77 0.44 0.59 1.84

I got: 2.75 2.41 1.57 2.70 2.69 0.76 0.98 0.76 0.42 0.51 1.35 1.73 1.88 0.88 2.72 2.72 0.47 0.56 0.41 0.22 0.24 0.65 0.62 0.81 0.90 1.06 1.26 2.68 0.44 0.35 0.20 0.09 0.07 0.39 0.20 0.25 0.33 0.55 0.12 0.41 0.03 0.06 0.07 0.02 0.28 0.26 0.05 0.04 0.43 2.16 1.51 2.59 2.68 1.10 0.34 0.12 0.05 0.32 0.14 0.16 0.35 1.88 0.81 0.91 2.69 2.68 0.73 0.19 0.06 0.35 0.14 0.14 0.22 1.08 0.37 0.20 0.55 2.71 1.32 0.39 0.18 0.30 0.12 0.10 0.01 0.01 0.06 0.06 0.01 0.01 0.06 0.01 0.01 0.01 0.02 0.06 0.43 1.88 0.57 0.21 0.33 0.55 2.69 2.48 2.42 1.42 0.42 0.24 0.16 1.33 0.37 0.11 0.15 0.05 2.68 2.68 1.46 1.00 0.56 0.21 0.66 1.99 0.57 0.15 0.17 0.08 2.69 2.69 0.77 1.42 2.06 0.92 1.23 2.14 0.60 0.15 0.15 0.07 2.68 2.68 0.33 1.09 2.28 2.37 2.57 0.79 0.19 0.18 0.07 2.68 2.68 0.27 0.69 1.58 2.42 2.33 0.87 0.19 0.17 0.05 2.68 2.69 0.16 0.29 0.38 0.45 1.02 0.87 2.75 1.21 0.95 0.70 2.70 2.69 0.64 0.91 0.80 0.51 0.98 1.42 2.54 2.75 1.65 0.99 2.74 2.69 0.70 0.95 0.77 0.44 0.60 1.83

I got: 2.76 2.41 1.57 2.69 2.70 0.75 0.98 0.76 0.42 0.51 1.34 1.73 1.88 0.88 2.73 2.72 0.47 0.55 0.41 0.22 0.24 0.65 0.62 0.81 0.90 1.06 1.26 2.68 0.44 0.35 0.20 0.09 0.07 0.39 0.20 0.25 0.32 0.54 0.12 0.41 0.03 0.06 0.07 0.02 0.28 0.26 0.05 0.04 0.44 2.16 1.51 2.59 2.68 1.10 0.34 0.12 0.05 0.32 0.14 0.16 0.35 1.88 0.81 0.90 2.69 2.68 0.73 0.19 0.06 0.35 0.14 0.14 0.22 1.08 0.37 0.20 0.55 2.72 1.32 0.39 0.18 0.30 0.12 0.10 0.01 0.01 0.06 0.06 0.01 0.01 0.06 0.01 0.01 0.01 0.01 0.09 0.43 1.88 0.57 0.21 0.33 0.55 2.69 2.48 2.42 1.43 0.42 0.24 0.16 1.34 0.37 0.11 0.15 0.05 2.68 2.68 1.46 1.00 0.56 0.21 0.66 1.99 0.57 0.15 0.17 0.08 2.70 2.69 0.77 1.42 2.07 0.92 1.22 2.14 0.60 0.15 0.15 0.07 2.68 2.68 0.33 1.09 2.28 2.36 2.57 0.79 0.19 0.18 0.07 2.68 2.67 0.28 0.69 1.58 2.42 2.33 0.87 0.19 0.17 0.05 2.68 2.68 0.16 0.29 0.38 0.45 1.02 0.87 2.74 1.21 0.95 0.70 2.69 2.68 0.64 0.91 0.80 0.52 0.98 1.42 2.54 2.75 1.65 0.99 2.69 2.70 0.70 0.95 0.77 0.44 0.59 1.83

I got: 2.75 2.41 1.57 2.68 2.69 0.76 0.98 0.76 0.42 0.51 1.35 1.73 1.88 0.88 2.74 2.72 0.47 0.55 0.41 0.22 0.24 0.65 0.62 0.81 0.90 1.06 1.26 2.68 0.44 0.35 0.20 0.09 0.07 0.39 0.20 0.25 0.33 0.55 0.11 0.42 0.03 0.06 0.07 0.02 0.28 0.26 0.05 0.04 0.44 2.17 1.51 2.59 2.69 1.10 0.34 0.12 0.05 0.32 0.14 0.16 0.36 1.88 0.81 0.90 2.68 2.69 0.73 0.19 0.06 0.35 0.14 0.14 0.22 1.08 0.37 0.20 0.55 2.71 1.32 0.39 0.18 0.30 0.12 0.10 0.01 0.01 0.06 0.05 0.01 0.01 0.05 0.01 0.01 0.01 0.02 0.07 0.43 1.88 0.57 0.21 0.33 0.55 2.68 2.48 2.42 1.42 0.42 0.24 0.16 1.34 0.37 0.11 0.15 0.05 2.67 2.68 1.46 1.00 0.56 0.21 0.65 1.99 0.57 0.15 0.16 0.08 2.68 2.69 0.77 1.42 2.07 0.92 1.22 2.14 0.60 0.15 0.15 0.07 2.69 2.72 0.32 1.09 2.29 2.36 2.58 0.79 0.19 0.18 0.08 2.69 2.74 0.28 0.69 1.58 2.42 2.33 0.87 0.19 0.17 0.05 2.71 2.69 0.16 0.29 0.38 0.45 1.02 0.87 2.75 1.21 0.95 0.70 2.70 2.69 0.64 0.91 0.80 0.52 0.98 1.42 2.53 2.74 1.65 0.99 2.72 2.69 0.71 0.95 0.77 0.44 0.59 1.84

I got: 2.75 2.41 1.57 2.70 2.69 0.76 0.98 0.76 0.42 0.51 1.35 1.73 1.88 0.88 2.74 2.72 0.47 0.55 0.41 0.22 0.24 0.65 0.62 0.81 0.90 1.06 1.26 2.68 0.44 0.35 0.20 0.09 0.08 0.40 0.20 0.25 0.33 0.55 0.12 0.42 0.03 0.06 0.07 0.02 0.28 0.26 0.05 0.04 0.43 2.17 1.51 2.58 2.68 1.10 0.34 0.12 0.05 0.32 0.14 0.16 0.36 1.88 0.80 0.91 2.68 2.68 0.73 0.19 0.06 0.35 0.14 0.14 0.22 1.08 0.37 0.20 0.55 2.72 1.32 0.39 0.18 0.30 0.12 0.10 0.01 0.01 0.06 0.05 0.01 0.01 0.05 0.01 0.01 0.01 0.02 0.08 0.43 1.88 0.57 0.21 0.33 0.55 2.69 2.48 2.42 1.43 0.42 0.24 0.16 1.34 0.37 0.11 0.15 0.05 2.69 2.68 1.46 1.00 0.56 0.21 0.65 1.99 0.57 0.15 0.16 0.08 2.70 2.69 0.77 1.42 2.06 0.92 1.22 2.14 0.60 0.15 0.15 0.08 2.68 2.68 0.33 1.09 2.28 2.36 2.57 0.79 0.19 0.18 0.08 2.68 2.68 0.28 0.69 1.58 2.42 2.33 0.87 0.19 0.17 0.05 2.68 2.68 0.16 0.29 0.38 0.45 1.02 0.87 2.74 1.21 0.95 0.70 2.70 2.68 0.64 0.91 0.80 0.51 0.98 1.42 2.53 2.75 1.65 0.99 2.70 2.70 0.70 0.95 0.77 0.44 0.59 1.83

I got: 2.76 2.41 1.57 2.68 2.70 0.76 0.98 0.76 0.42 0.51 1.35 1.73 1.88 0.88 2.72 2.73 0.47 0.55 0.41 0.22 0.24 0.65 0.62 0.81 0.90 1.06 1.26 2.68 0.44 0.35 0.20 0.09 0.07 0.40 0.20 0.25 0.33 0.56 0.12 0.41 0.03 0.06 0.06 0.02 0.28 0.26 0.05 0.04 0.43 2.17 1.51 2.59 2.69 1.10 0.34 0.12 0.05 0.32 0.14 0.16 0.35 1.88 0.80 0.91 2.68 2.68 51.53 0.19 0.06 0.35 0.14 0.14 0.22 1.08 0.37 0.20 0.54 2.73 1.32 0.39 0.19 0.30 0.12 0.10 0.01 0.01 0.10 0.06 0.01 0.01 0.05 0.01 0.01 0.01 0.01 0.05 0.43 1.87 0.57 0.21 0.33 0.55 2.68 2.49 2.42 1.42 0.42 0.24 0.17 1.33 0.37 0.11 0.15 0.05 2.68 2.67 1.46 1.00 0.56 0.21 0.66 1.98 0.56 0.15 0.17 0.08 2.68 2.68 0.77 1.42 2.06 0.91 1.23 2.14 0.60 0.15 0.15 0.07 2.68 2.68 0.33 1.09 2.28 2.36 2.57 0.79 0.19 0.18 0.08 2.69 2.69 0.27 0.70 1.58 2.42 2.33 0.87 0.19 0.17 0.05 2.68 2.68 0.16 0.29 0.38 0.45 1.02 0.87 2.74 1.21 0.95 0.70 2.69 2.68 0.64 0.91 0.80 0.52 0.98 1.42 2.54 2.76 1.65 0.99 2.71 2.69 0.70 0.95 0.77 0.44 0.59 1.84

I got: 2.75 2.41 1.57 2.69 2.68 0.75 0.98 0.76 0.42 0.51 1.35 1.73 1.88 0.88 2.72 2.72 0.47 0.56 0.41 0.22 0.24 0.65 0.62 0.81 0.90 1.06 1.26 2.68 0.44 0.35 0.20 0.09 0.07 0.39 0.20 0.25 0.33 0.55 0.12 0.42 0.03 0.06 0.07 0.02 0.28 0.26 0.05 0.04 0.43 2.17 1.51 2.58 2.69 1.10 0.34 0.12 0.04 0.32 0.14 0.16 0.35 1.88 0.80 0.90 2.68 51.53 0.73 0.19 0.06 0.35 0.14 0.14 0.22 1.08 0.37 0.20 0.55 2.72 1.32 0.39 0.19 0.30 0.12 0.10 0.01 0.01 0.05 0.06 0.01 0.01 0.07 0.01 0.01 0.01 0.02 0.07 0.43 1.88 0.57 0.21 0.33 0.55 2.68 2.48 2.42 1.42 0.42 0.24 0.16 1.34 0.37 0.11 0.15 0.05 2.67 2.68 1.46 1.00 0.56 0.21 0.66 1.99 0.57 0.15 0.17 0.08 2.68 2.68 0.77 1.42 2.06 0.92 1.22 2.14 0.60 0.15 0.15 0.07 2.68 2.69 0.32 1.09 2.28 2.36 2.57 0.79 0.19 0.18 0.07 2.68 2.69 0.28 0.70 1.58 2.41 2.33 0.87 0.19 0.17 0.05 2.69 2.69 0.16 0.29 0.38 0.45 1.02 0.86 2.74 1.21 0.95 0.70 2.68 2.69 0.64 0.91 0.80 0.51 0.98 1.42 2.54 2.75 1.65 0.99 2.68 2.69 0.70 0.95 0.77 0.44 0.59 1.83

I got: 2.74 2.41 1.57 2.69 2.69 0.75 0.98 0.76 0.42 0.51 1.35 1.73 1.88 0.88 2.73 2.73 0.47 0.55 0.41 0.22 0.24 0.65 0.62 0.81 0.90 1.06 1.26 2.68 0.44 0.35 0.20 0.09 0.07 0.39 0.20 0.25 0.33 0.55 0.12 0.42 0.03 0.06 0.07 0.02 0.28 0.26 0.05 0.04 0.43 2.17 1.51 2.59 2.68 1.10 0.34 0.12 0.05 0.32 0.14 0.16 0.35 1.88 0.81 0.91 2.68 2.72 0.73 0.19 0.06 0.35 0.14 0.14 0.21 1.08 0.37 0.20 0.55 2.77 1.32 0.39 0.18 0.30 0.12 0.10 0.01 0.01 0.05 0.05 0.01 0.01 0.05 0.01 0.01 0.01 0.02 0.06 0.43 1.88 0.57 0.21 0.32 0.55 2.71 2.48 2.42 1.43 0.42 0.24 0.16 1.34 0.37 0.11 0.15 0.05 2.68 2.67 1.46 1.00 0.56 0.21 0.65 1.99 0.56 0.15 0.17 0.08 2.69 2.69 0.77 1.42 2.06 0.92 1.23 2.14 0.60 0.15 0.15 0.07 2.68 2.68 0.33 1.09 2.28 2.36 2.57 0.79 0.19 0.18 0.08 2.69 2.68 0.28 0.69 1.58 2.42 2.33 0.87 0.19 0.17 0.05 2.69 2.69 0.16 0.29 0.38 0.45 1.02 0.86 2.74 1.21 0.95 0.70 2.68 2.68 0.64 0.91 0.80 0.52 0.99 1.42 2.53 2.75 1.65 0.99 2.70 2.69 0.71 0.95 0.77 0.44 0.59 1.83

I got: 2.75 2.41 1.57 2.68 2.68 0.75 0.98 0.76 0.42 0.51 1.34 1.73 1.88 0.88 2.74 2.72 0.47 0.56 0.41 0.22 0.24 0.65 0.62 0.81 0.90 1.06 1.26 2.68 0.44 0.35 0.20 0.09 0.07 0.39 0.20 0.25 0.33 0.54 0.11 0.42 0.03 0.06 0.07 0.02 0.28 0.26 0.05 0.04 0.43 2.16 1.51 2.58 2.70 1.10 0.34 0.12 0.05 0.32 0.14 0.16 0.35 1.88 0.81 0.90 2.69 2.69 0.73 0.19 0.06 0.35 0.14 0.14 0.22 1.08 0.37 0.20 0.54 2.72 1.32 0.39 0.18 0.30 0.12 0.10 0.01 0.01 0.07 0.06 0.01 0.01 0.06 0.01 0.01 0.01 0.02 0.08 0.43 1.88 0.57 0.21 0.33 0.55 2.69 2.48 2.42 1.42 0.42 0.24 0.16 1.34 0.37 0.11 0.15 0.05 2.67 2.67 1.46 1.00 0.56 0.21 0.65 1.98 0.57 0.15 0.17 0.09 2.68 2.68 0.77 1.42 2.06 0.91 1.22 2.14 0.60 0.15 0.15 0.07 2.69 2.69 0.33 1.09 2.28 2.37 2.57 0.79 0.19 0.18 0.08 2.69 2.68 0.27 0.69 1.58 2.42 2.33 0.87 0.19 0.17 0.05 2.69 2.69 0.16 0.29 0.38 0.45 1.02 0.87 2.75 1.21 0.95 0.70 2.69 2.69 0.64 0.91 0.80 0.51 0.98 1.42 2.54 2.76 1.65 1.00 2.68 2.69 0.70 0.95 0.77 0.44 0.60 1.83

I got: 2.75 2.41 1.57 2.70 2.70 0.76 0.98 0.76 0.42 0.52 1.35 1.73 1.88 0.88 2.72 2.72 0.47 0.56 0.41 0.22 0.24 0.65 0.62 0.81 0.90 1.06 1.26 2.68 0.44 0.35 0.20 0.09 0.07 0.39 0.20 0.25 0.32 0.55 0.12 0.41 0.03 0.06 0.06 0.02 0.28 0.26 0.05 0.04 0.44 2.17 1.51 2.59 2.68 1.10 0.34 0.12 0.04 0.32 0.14 0.16 0.36 1.88 0.81 0.91 2.69 2.68 0.73 0.19 0.06 0.35 0.14 0.14 0.22 1.08 0.37 0.20 0.55 2.74 1.32 0.39 0.18 0.30 0.12 0.10 0.01 0.01 0.07 0.05 0.01 0.01 0.06 0.01 0.01 0.01 0.01 0.07 0.43 1.88 0.57 0.21 0.33 0.55 2.68 2.48 2.42 1.42 0.42 0.24 0.16 1.34 0.37 0.11 0.15 0.05 2.67 2.68 1.46 1.00 0.56 0.21 0.65 1.99 0.56 0.15 0.17 0.08 2.68 2.68 0.77 1.42 2.06 0.91 1.22 2.14 0.60 0.15 0.15 0.07 2.68 2.69 0.33 1.09 2.29 2.36 2.57 0.79 0.19 0.18 0.07 2.68 2.68 0.28 0.70 1.58 2.42 2.33 0.87 0.19 0.17 0.05 2.68 2.68 0.16 0.29 0.38 0.45 1.02 0.87 2.75 1.21 0.95 0.70 2.68 2.69 0.64 0.91 0.80 0.51 0.98 1.42 2.54 2.75 1.65 0.99 2.69 2.69 0.70 0.95 0.77 0.44 0.59 1.84

