I got: 2.35 2.76 2.50 2.71 2.69 0.65 0.72 0.51 0.27 0.27 0.96 1.30 2.13 2.19 2.74 2.71 0.54 0.54 0.33 0.16 0.14 0.45 0.36 0.49 0.47 1.98 1.78 2.67 0.66 0.56 0.31 0.13 0.04 0.45 0.21 0.21 0.31 0.49 0.26 0.43 0.02 0.04 0.05 0.01 0.27 0.27 0.04 0.03 0.26 1.53 2.76 2.75 2.69 1.09 0.38 0.14 0.06 0.36 0.17 0.16 0.10 0.87 2.03 2.34 2.68 2.68 0.72 0.20 0.07 0.36 0.14 0.12 0.08 0.41 0.65 0.70 0.78 2.72 1.33 0.40 0.20 0.32 0.14 0.10 0.01 0.01 0.06 0.06 0.01 0.01 0.05 0.01 0.01 0.01 0.01 0.06 0.27 0.67 0.72 0.74 0.67 0.49 2.68 2.45 2.39 1.52 0.49 0.28 0.11 0.56 0.36 0.37 0.35 0.04 2.67 2.67 1.42 0.97 0.63 0.25 0.68 0.74 0.46 0.45 0.40 0.08 2.68 2.68 0.82 1.37 1.99 1.04 1.41 0.85 0.40 0.38 0.35 0.06 2.69 2.68 0.36 1.18 2.25 2.28 1.29 0.47 0.43 0.39 0.06 2.69 2.69 0.30 0.78 1.69 2.32 2.21 0.38 0.29 0.27 0.07 2.68 2.68 0.14 0.29 0.41 0.48 0.88 0.65 2.35 1.74 1.35 0.40 2.69 2.69 0.31 0.53 0.55 0.40 0.86 1.58 2.43 2.64 2.76 1.37 2.70 2.69 0.44 0.56 0.45 0.27 0.34 1.43

I got: 2.36 2.76 2.50 2.69 2.68 0.65 0.72 0.51 0.27 0.27 0.95 1.30 2.13 2.19 2.72 2.73 0.54 0.54 0.33 0.16 0.14 0.45 0.36 0.49 0.46 1.98 1.78 2.68 0.66 0.56 0.31 0.14 0.04 0.45 0.21 0.21 0.31 0.49 0.26 0.43 0.02 0.04 0.05 0.01 0.27 0.27 0.04 0.03 0.25 1.53 2.75 2.76 2.70 1.09 0.38 0.15 0.06 0.36 0.17 0.16 0.10 0.87 2.03 2.34 2.68 2.70 0.72 0.20 0.07 0.36 0.14 0.12 0.09 0.41 0.65 0.70 0.78 2.70 1.34 0.40 0.20 0.32 0.14 0.10 0.01 0.01 0.09 0.06 0.01 0.01 0.05 0.01 0.01 0.01 0.02 0.06 0.27 0.67 0.72 0.73 0.67 0.49 2.69 2.46 2.40 1.52 0.49 0.28 0.12 0.56 0.36 0.37 0.36 0.04 2.73 2.67 1.41 0.97 0.63 0.26 0.68 0.74 0.46 0.45 0.41 0.08 2.73 2.68 0.82 1.38 1.98 1.04 1.41 0.85 0.40 0.38 0.35 0.06 2.69 2.72 0.36 1.18 2.25 2.29 1.29 0.47 0.43 0.39 0.06 2.70 2.72 0.30 0.78 1.69 2.32 2.21 0.38 0.29 0.27 0.07 2.69 2.68 0.14 0.29 0.41 0.48 0.88 0.65 2.36 1.74 1.35 0.40 2.68 2.69 0.31 0.53 0.55 0.40 0.86 1.58 2.43 2.65 2.76 1.37 2.69 2.70 0.44 0.56 0.46 0.27 0.34 1.42

I got: 2.36 2.76 2.50 2.69 2.68 0.65 0.72 0.51 0.27 0.27 0.95 1.30 2.13 2.19 2.73 2.71 0.55 0.54 0.34 0.16 0.14 0.45 0.36 0.49 0.47 1.98 1.79 2.68 0.66 0.56 0.31 0.14 0.04 0.45 0.21 0.21 0.31 0.49 0.26 0.43 0.02 0.04 0.05 0.01 0.27 0.27 0.04 0.03 0.25 1.53 2.75 2.75 2.71 1.09 0.38 0.14 0.06 0.36 0.17 0.16 0.10 0.87 2.03 2.34 2.68 2.68 0.72 0.20 0.07 0.36 0.14 0.12 0.08 0.41 0.65 0.70 0.78 2.73 1.34 0.40 0.20 0.32 0.14 0.10 0.01 0.01 0.08 0.06 0.01 0.01 0.05 0.01 0.01 0.01 0.02 0.05 0.27 0.67 0.72 0.74 0.68 0.49 2.69 2.46 2.39 1.52 0.49 0.28 0.11 0.56 0.36 0.37 0.35 0.04 2.67 2.67 1.41 0.97 0.63 0.25 0.68 0.74 0.46 0.44 0.40 0.08 2.68 2.68 0.81 1.37 1.99 1.04 1.40 0.85 0.40 0.38 0.35 0.06 2.69 2.69 0.36 1.18 2.25 2.28 1.29 0.47 0.43 0.39 0.06 2.69 2.69 0.30 0.78 1.69 2.32 2.21 0.38 0.29 0.27 0.07 2.68 2.69 0.14 0.30 0.41 0.48 0.88 0.65 2.36 1.74 1.35 0.39 2.70 2.69 0.31 0.53 0.55 0.40 0.86 1.58 2.43 2.64 2.75 1.37 2.69 2.69 0.44 0.56 0.45 0.27 0.34 1.43

I got: 2.36 2.76 2.50 2.69 2.68 0.65 0.72 0.51 0.27 0.27 0.96 1.30 2.12 2.19 2.73 2.72 0.54 0.54 0.33 0.16 0.14 0.45 0.36 0.49 0.46 1.98 1.78 2.68 0.66 0.56 0.31 0.14 0.04 0.45 0.21 0.21 0.31 0.49 0.26 0.43 0.02 0.04 0.05 0.01 0.27 0.27 0.04 0.03 0.25 1.53 2.75 2.76 2.68 1.09 0.38 0.14 0.06 0.36 0.17 0.16 0.10 0.87 2.03 2.34 2.69 2.70 0.72 0.20 0.07 0.36 0.14 0.12 0.08 0.41 0.65 0.70 0.79 2.71 1.34 0.40 0.20 0.33 0.14 0.10 0.01 0.01 0.07 0.05 0.01 0.01 0.05 0.01 0.01 0.01 0.02 0.04 0.27 0.67 0.72 0.74 0.67 0.49 2.69 2.46 2.39 1.52 0.49 0.28 0.11 0.56 0.36 0.36 0.35 0.04 2.69 2.67 1.41 0.97 0.63 0.25 0.68 0.74 0.46 0.45 0.40 0.08 2.69 2.69 0.81 1.37 1.99 1.04 1.41 0.85 0.40 0.38 0.35 0.06 2.68 2.68 0.36 1.18 2.24 2.28 1.29 0.47 0.43 0.39 0.06 2.68 2.68 0.30 0.78 1.69 2.32 2.21 0.38 0.29 0.27 0.07 2.68 2.68 0.14 0.29 0.41 0.48 0.88 0.65 2.35 1.74 1.35 0.40 2.68 2.68 0.31 0.53 0.55 0.40 0.86 1.58 2.43 2.64 2.76 1.37 2.68 2.69 0.44 0.56 0.46 0.27 0.34 1.42

I got: 2.36 2.75 2.50 2.68 2.69 0.65 0.72 0.51 0.27 0.27 0.95 1.30 2.13 2.19 2.73 2.72 0.54 0.54 0.33 0.16 0.14 0.45 0.36 0.49 0.47 1.98 1.78 2.68 0.66 0.56 0.31 0.14 0.04 0.45 0.21 0.21 0.31 0.48 0.26 0.43 0.02 0.04 0.05 0.01 0.27 0.27 0.04 0.03 0.25 1.53 2.75 2.75 2.71 51.53 0.38 0.14 0.06 0.36 0.17 0.16 0.10 0.87 2.03 2.34 2.69 2.68 0.73 0.20 0.07 0.36 0.14 0.12 0.09 0.41 0.65 0.70 0.78 2.72 1.34 0.40 0.20 0.32 0.14 0.10 0.01 0.01 0.06 0.06 0.01 0.01 0.07 0.01 0.01 0.01 0.01 0.07 0.27 0.67 0.72 0.73 0.67 0.49 2.69 2.46 2.39 1.52 0.49 0.28 0.11 0.56 0.36 0.37 0.35 0.04 2.67 2.67 1.41 0.97 0.63 0.26 0.68 0.74 0.46 0.45 0.41 0.09 2.68 2.68 0.82 1.37 1.98 1.04 1.40 0.85 0.40 0.38 0.35 0.06 2.69 2.69 0.36 1.18 2.24 2.28 1.29 0.47 0.43 0.39 0.06 2.69 2.69 0.30 0.78 1.70 2.32 2.21 0.38 0.29 0.27 0.07 2.70 2.70 0.14 0.30 0.41 0.48 0.88 0.65 2.35 1.74 1.36 0.40 2.70 2.69 0.31 0.53 0.55 0.40 0.86 1.58 2.44 2.65 2.75 1.37 2.69 2.70 0.44 0.56 0.46 0.27 0.34 1.43

I got: 2.36 2.74 2.50 2.69 2.68 0.65 0.72 0.51 0.27 0.28 0.96 1.30 2.13 2.19 2.72 2.72 0.55 0.54 0.34 0.16 0.14 0.45 0.36 0.48 0.47 1.98 1.79 2.67 0.66 0.56 0.31 0.14 0.04 0.45 0.21 0.22 0.31 0.48 0.26 0.43 0.02 0.04 0.05 0.01 0.27 0.27 0.04 0.03 0.25 1.53 2.75 2.76 2.70 1.09 0.38 0.14 0.06 0.36 0.17 0.16 0.10 0.87 2.03 2.34 2.70 2.73 0.73 0.20 0.07 0.36 0.14 0.12 0.09 0.41 0.65 0.70 0.78 2.71 1.34 0.40 0.20 0.32 0.14 0.10 0.01 0.01 0.05 0.07 0.01 0.01 0.06 0.00 0.01 0.01 0.02 0.06 0.27 0.67 0.72 0.74 0.68 0.49 2.69 2.46 2.39 1.52 0.49 0.28 0.11 0.56 0.36 0.37 0.35 0.04 2.67 2.68 1.41 0.97 0.63 0.26 0.68 0.74 0.46 0.45 0.41 0.08 2.68 2.68 0.82 1.37 1.98 1.04 1.41 0.85 0.40 0.38 0.35 0.06 2.69 2.69 0.36 1.18 2.25 2.28 1.29 0.47 0.43 0.39 0.06 2.70 2.69 0.30 0.78 1.69 2.32 2.21 0.39 0.29 0.27 0.07 2.69 2.70 0.14 0.30 0.41 0.48 0.88 0.65 2.36 1.74 1.35 0.39 2.70 2.69 0.31 0.53 0.55 0.40 0.86 1.57 2.43 2.65 2.76 1.37 2.70 2.69 0.44 0.56 0.45 0.27 0.34 1.42

I got: 2.36 2.75 2.50 2.69 2.68 0.65 0.72 0.51 0.27 0.27 0.95 1.30 2.12 2.18 2.71 2.71 0.54 0.54 0.33 0.16 0.14 0.45 0.36 0.48 0.46 1.98 1.79 2.67 0.66 0.56 0.31 0.14 0.04 0.45 0.21 0.21 0.31 0.49 0.26 0.43 0.02 0.04 0.05 0.01 0.27 0.27 0.04 0.03 0.25 1.53 2.76 2.76 2.68 1.09 0.38 0.14 0.06 0.36 0.17 0.16 0.10 0.87 2.03 2.34 2.69 2.70 0.72 0.20 0.07 0.36 0.14 0.12 0.08 0.41 0.65 0.70 0.78 2.71 1.34 0.40 0.20 0.32 0.14 0.10 0.01 0.01 0.05 0.08 0.01 0.01 0.06 0.01 0.01 0.01 0.02 0.07 0.27 0.67 0.72 0.74 0.68 0.49 2.69 2.45 2.39 1.52 0.49 0.28 0.11 0.56 0.36 0.36 0.36 0.04 2.68 2.68 1.41 0.97 0.63 0.26 0.68 0.74 0.46 0.45 0.41 0.08 2.70 2.69 0.82 1.37 1.99 1.04 1.40 0.85 0.40 0.38 0.35 0.06 2.68 2.68 0.36 1.18 2.24 2.28 1.29 0.47 0.43 0.39 0.06 2.68 2.68 0.30 0.78 1.69 2.32 2.21 0.39 0.29 0.27 0.07 2.69 2.69 0.14 0.30 0.41 0.48 0.88 0.65 2.36 1.74 1.35 0.39 2.68 2.68 0.31 0.53 0.55 0.40 0.86 1.58 2.43 2.64 2.75 1.37 2.68 2.68 0.44 0.56 0.45 0.27 0.33 1.43

I got: 2.36 2.76 2.50 2.69 2.75 0.65 0.72 0.51 0.27 0.27 0.95 1.30 2.12 2.18 2.72 2.75 0.54 0.54 0.33 0.16 0.13 0.45 0.36 0.48 0.46 1.98 1.79 2.69 0.66 0.56 0.31 0.14 0.04 0.45 0.21 0.21 0.31 0.49 0.26 0.43 0.02 0.04 0.05 0.01 0.28 0.27 0.04 0.03 0.25 1.53 2.76 2.76 2.70 1.09 0.38 0.14 0.06 0.36 0.17 0.16 0.10 0.87 2.03 2.34 2.68 2.68 0.72 0.20 0.07 0.36 0.14 0.12 0.08 0.41 0.65 0.70 0.79 2.73 1.35 0.40 0.20 0.32 0.14 0.10 0.01 0.01 0.05 0.05 0.01 0.01 0.05 0.01 0.01 0.01 0.01 0.07 0.27 0.67 0.72 0.74 0.67 0.49 2.68 2.45 2.39 1.52 0.49 0.28 0.11 0.56 0.36 0.37 0.35 0.04 2.66 2.68 1.41 0.97 0.63 0.26 0.68 0.74 0.46 0.45 0.40 0.08 2.68 2.68 0.82 1.37 1.99 1.04 1.40 0.86 0.40 0.38 0.35 0.06 2.69 2.69 0.36 1.18 2.25 2.28 1.29 0.47 0.43 0.39 0.06 2.70 2.69 0.30 0.78 1.69 2.32 2.21 0.38 0.29 0.27 0.07 2.68 2.68 0.14 0.30 0.41 0.48 0.88 0.65 2.35 1.74 1.35 0.40 2.69 2.69 0.31 0.53 0.55 0.40 0.86 1.58 2.43 2.64 2.76 1.37 2.70 2.70 0.44 0.56 0.46 0.27 0.34 1.43

I got: 2.35 2.74 2.50 2.69 2.68 0.65 0.72 0.51 0.27 0.27 0.95 1.30 2.12 2.19 2.73 2.72 0.54 0.54 0.33 0.16 0.14 0.45 0.36 0.48 0.46 1.98 1.79 2.68 0.66 0.56 0.31 0.14 0.04 0.45 0.21 0.21 0.31 0.48 0.26 0.43 0.02 0.04 0.05 0.01 0.27 0.27 0.04 0.03 0.25 1.53 2.75 2.76 2.68 1.09 0.38 0.14 0.06 0.36 0.17 0.16 0.10 0.87 2.03 2.34 2.69 2.70 0.72 0.20 0.07 0.36 0.14 0.12 0.09 0.41 0.67 0.72 0.80 2.71 1.36 0.41 0.20 0.33 0.14 0.10 0.01 0.01 0.05 0.06 0.01 0.01 0.08 0.01 0.01 0.01 0.01 0.05 0.27 0.67 0.72 0.74 0.67 0.49 2.69 2.46 2.40 1.52 0.49 0.28 0.12 0.56 0.36 0.36 0.35 0.04 2.69 2.68 1.41 0.97 0.63 0.25 0.68 0.75 0.46 0.45 0.41 0.08 2.70 2.68 0.82 1.38 1.99 1.05 1.41 0.85 0.40 0.38 0.35 0.06 2.69 2.68 0.36 1.18 2.25 2.28 1.29 0.47 0.43 0.39 0.06 2.73 2.69 0.30 0.78 1.69 2.33 2.22 0.39 0.29 0.27 0.07 2.70 2.69 0.14 0.30 0.41 0.48 0.88 0.65 2.36 1.74 1.35 0.40 2.70 2.69 0.31 0.53 0.55 0.40 0.86 1.57 2.43 2.65 2.76 1.37 2.70 2.72 0.44 0.56 0.46 0.27 0.34 1.42

I got: 2.36 2.76 2.50 2.70 2.69 0.65 0.72 0.51 0.27 0.27 0.96 1.30 2.12 2.19 2.72 51.53 0.54 0.54 0.33 0.16 0.14 0.45 0.36 0.48 0.46 1.98 1.79 2.67 0.66 0.56 0.31 0.14 0.04 0.45 0.21 0.21 0.31 0.49 0.26 0.43 0.02 0.04 0.05 0.01 0.27 0.27 0.04 0.03 0.25 1.54 2.76 2.76 2.69 1.09 0.38 0.14 0.06 0.36 0.17 0.16 0.10 0.87 2.03 2.34 2.69 2.70 0.72 0.20 0.07 0.36 0.14 0.12 0.08 0.42 0.67 0.72 0.81 2.71 1.37 0.41 0.21 0.33 0.14 0.10 0.01 0.01 0.06 0.07 0.01 0.01 0.07 0.01 0.01 0.01 0.02 0.06 0.27 0.67 0.72 0.73 0.67 0.49 2.69 2.46 2.39 1.52 0.49 0.28 0.11 0.56 0.36 0.37 0.35 0.04 2.69 2.68 1.41 0.97 0.63 0.25 0.68 0.74 0.46 0.45 0.41 0.08 2.69 2.69 0.82 1.37 1.98 1.04 1.40 0.85 0.40 0.38 0.35 0.05 2.68 2.68 0.36 1.18 2.25 2.28 1.29 0.47 0.43 0.39 0.06 2.68 2.69 0.30 0.78 1.70 2.32 2.21 0.39 0.29 0.27 0.07 2.69 2.70 0.14 0.30 0.41 0.48 0.88 0.65 2.35 1.73 1.35 0.40 2.69 2.68 0.31 0.53 0.55 0.40 0.86 1.58 2.43 2.64 2.76 1.37 2.69 2.68 0.44 0.56 0.45 0.27 0.34 1.42

I got: 2.35 2.75 2.49 2.69 2.69 0.65 0.72 0.51 0.27 0.27 0.95 1.30 2.13 2.19 2.72 2.72 0.54 0.54 0.33 0.16 0.14 0.45 0.36 0.48 0.46 1.98 1.79 2.68 0.66 0.56 0.31 0.14 0.04 0.45 0.21 0.21 0.31 0.48 0.26 0.43 0.02 0.04 0.05 0.01 0.27 0.27 0.04 0.03 0.25 1.53 2.75 2.76 2.68 1.09 0.38 0.14 0.06 0.36 0.17 0.16 0.10 0.87 2.03 2.34 2.68 2.69 0.72 0.20 0.07 0.36 0.14 0.12 0.09 0.43 0.68 0.73 0.82 2.72 1.39 0.42 0.21 0.33 0.14 0.10 0.01 0.01 0.05 0.08 0.01 0.01 0.06 0.01 0.01 0.01 0.01 0.06 0.27 0.67 0.72 0.74 0.68 0.49 2.68 2.46 2.40 1.52 0.49 0.28 0.11 0.56 0.36 0.37 0.36 0.04 2.68 2.73 1.42 0.97 0.63 0.25 0.67 0.75 0.46 0.45 0.41 0.08 2.69 2.73 0.82 1.37 1.99 1.04 1.40 0.86 0.40 0.38 0.35 0.06 2.71 2.68 0.36 1.18 2.25 2.28 1.29 0.47 0.43 0.39 0.06 2.70 2.68 0.30 0.78 1.69 2.32 2.21 0.38 0.29 0.27 0.07 2.69 2.68 0.14 0.30 0.41 0.48 0.88 0.65 2.35 1.74 1.35 0.40 2.68 2.69 0.31 0.53 0.55 0.40 0.86 1.57 2.43 2.64 2.76 1.37 2.69 2.69 0.44 0.56 0.45 0.27 0.34 1.42

I got: 2.35 2.75 2.50 2.69 2.69 0.65 0.72 0.51 0.27 0.27 0.95 1.30 2.12 2.19 2.72 2.72 0.54 0.54 0.33 0.16 0.14 0.45 0.36 0.48 0.46 1.98 1.79 2.68 0.66 0.56 0.31 0.14 0.04 0.45 0.21 0.21 0.31 0.48 0.26 0.42 0.02 0.04 0.05 0.01 0.28 0.27 0.04 0.03 0.25 1.53 2.76 2.75 2.70 1.09 0.38 0.14 0.06 0.36 0.17 0.16 0.10 0.87 2.03 2.34 2.70 2.70 0.73 0.20 0.07 0.36 0.14 0.12 0.09 0.44 0.69 0.74 0.82 2.72 1.41 0.42 0.21 0.34 0.14 0.10 0.01 0.01 0.06 0.05 0.01 0.01 0.05 0.01 0.01 0.01 0.01 0.06 0.27 0.67 0.72 0.74 0.67 0.50 2.70 2.46 2.39 1.52 0.49 0.28 0.11 0.56 0.36 0.37 0.36 0.04 2.68 2.68 1.41 0.97 0.63 0.25 0.67 0.74 0.46 0.45 0.41 0.09 2.68 2.68 0.82 1.37 1.99 1.04 1.40 0.86 0.40 0.38 0.35 0.06 2.69 2.69 0.36 1.18 2.25 2.28 1.29 0.47 0.43 0.39 0.06 2.69 2.68 0.30 0.78 1.70 2.32 2.21 0.39 0.29 0.27 0.07 2.70 2.69 0.14 0.29 0.41 0.48 0.88 0.65 2.35 1.74 1.35 0.40 2.69 2.69 0.31 0.53 0.56 0.40 0.86 1.58 2.43 2.65 2.76 1.37 2.69 2.69 0.44 0.56 0.45 0.27 0.34 1.42

I got: 2.36 2.76 2.49 2.69 2.68 0.65 0.72 0.51 0.27 0.27 0.95 1.30 2.12 2.19 2.72 2.72 0.54 0.54 0.33 0.16 0.14 0.45 0.36 0.48 0.46 1.98 1.79 2.68 0.66 0.56 0.31 0.14 0.04 0.45 0.21 0.21 0.31 0.49 0.26 0.41 0.02 0.04 0.05 0.01 0.27 0.27 0.04 0.03 0.26 1.53 2.76 2.76 2.68 1.09 0.38 0.15 0.06 0.36 0.17 0.16 0.11 0.87 2.03 2.34 2.69 2.69 0.72 0.20 0.07 0.36 0.14 0.12 0.09 0.43 0.69 0.74 0.83 2.71 1.41 0.42 0.22 0.34 0.14 0.10 0.01 0.01 0.08 0.06 0.01 0.01 0.06 0.01 0.01 0.01 0.02 0.05 0.27 0.67 0.72 0.74 0.68 0.49 2.69 2.46 2.40 1.52 0.49 0.28 0.12 0.56 0.36 0.37 0.35 0.03 2.69 2.68 1.41 0.97 0.63 0.25 0.68 0.74 0.46 0.45 0.41 0.09 2.70 2.70 0.82 1.37 1.99 1.04 1.41 0.85 0.40 0.38 0.35 0.06 2.69 2.69 0.36 1.18 2.25 2.28 1.29 0.47 0.43 0.39 0.06 2.69 2.68 0.30 0.78 1.70 2.32 2.21 0.38 0.29 0.27 0.07 2.70 2.70 0.14 0.30 0.41 0.48 0.88 0.65 2.36 1.74 1.36 0.40 2.69 2.69 0.31 0.53 0.55 0.40 0.86 1.58 2.43 2.64 2.76 1.37 2.69 51.53 0.44 0.56 0.46 0.27 0.34 1.43

