I got: 2.51 2.71 2.76 2.68 2.69 0.45 0.50 0.39 0.22 0.22 0.90 1.31 1.71 1.51 2.71 2.71 0.46 0.39 0.23 0.11 0.07 0.35 0.27 0.40 0.36 0.84 2.06 2.68 1.03 0.73 0.36 0.15 0.04 0.45 0.19 0.19 0.32 0.45 0.15 0.47 0.02 0.04 0.05 0.01 0.27 0.27 0.04 0.03 0.44 1.62 2.37 2.76 2.74 1.63 0.64 0.25 0.17 0.52 0.29 0.25 0.36 1.32 1.74 1.98 2.69 2.72 0.87 0.27 0.18 0.49 0.26 0.22 0.11 0.49 0.48 0.45 1.58 2.72 1.72 0.40 0.20 0.33 0.14 0.11 0.01 0.01 0.08 0.05 0.01 0.04 0.05 0.01 0.01 0.01 0.01 0.06 0.25 0.66 0.39 0.28 0.83 2.15 2.68 2.55 2.42 1.47 0.47 0.27 0.11 0.56 0.20 0.12 0.33 0.69 2.68 2.68 1.45 0.98 0.62 0.25 0.68 0.77 0.28 0.13 0.33 0.76 2.69 2.69 0.74 1.38 1.99 1.03 1.41 0.89 0.26 0.10 0.25 0.52 2.68 2.68 0.32 1.14 2.25 2.29 1.34 0.33 0.12 0.26 0.54 2.68 2.68 0.27 0.75 1.68 2.32 2.21 0.32 0.08 0.14 0.27 2.68 2.69 0.13 0.28 0.40 0.48 0.88 0.64 2.32 0.57 0.62 1.37 2.69 2.68 0.30 0.51 0.55 0.41 0.88 1.57 2.51 2.44 1.33 2.26 2.68 2.69 0.36 0.47 0.42 0.26 0.35 1.49

I got: 2.51 2.70 2.76 2.68 2.69 0.45 0.50 0.39 0.22 0.22 0.89 1.31 1.72 1.51 2.72 2.72 0.46 0.39 0.23 0.11 0.07 0.36 0.27 0.40 0.36 0.84 2.05 2.68 1.02 0.72 0.36 0.15 0.04 0.45 0.19 0.19 0.32 0.45 0.15 0.52 0.02 0.04 0.05 0.01 0.27 0.27 0.04 0.03 0.43 1.62 2.36 2.76 2.70 1.63 0.64 0.25 0.16 0.52 0.29 0.25 0.35 1.32 1.74 1.97 2.68 2.71 0.87 0.27 0.17 0.49 0.26 0.22 0.11 0.49 0.48 0.45 1.60 2.70 1.73 0.41 0.20 0.34 0.14 0.11 0.01 0.01 0.07 0.05 0.01 0.05 0.07 0.01 0.01 0.01 0.01 0.05 0.25 0.66 0.39 0.29 0.83 2.12 2.69 2.55 2.42 1.47 0.47 0.26 0.11 0.56 0.20 0.11 0.33 0.69 2.68 2.68 1.45 0.98 0.62 0.25 0.67 0.77 0.28 0.13 0.33 0.74 2.68 51.53 0.74 1.38 2.00 1.04 1.41 0.89 0.26 0.10 0.25 0.53 2.69 2.69 0.32 1.14 2.25 2.29 1.34 0.33 0.12 0.26 0.54 2.70 2.69 0.27 0.74 1.68 2.32 2.21 0.32 0.08 0.14 0.24 2.70 2.69 0.13 0.28 0.40 0.48 0.88 0.64 2.32 0.57 0.62 1.36 2.69 2.69 0.30 0.51 0.55 0.41 0.88 1.57 2.51 2.44 1.32 2.25 2.69 2.69 0.36 0.47 0.42 0.26 0.35 1.49

I got: 2.51 2.70 2.76 2.70 2.68 0.45 0.50 0.39 0.22 0.22 0.90 1.31 1.72 1.51 2.72 2.70 0.46 0.39 0.23 0.11 0.07 0.36 0.27 0.40 0.36 0.84 2.06 2.68 1.02 0.72 0.36 0.15 0.04 0.45 0.19 0.19 0.32 0.46 0.15 0.51 0.02 0.04 0.05 0.01 0.27 0.27 0.04 0.03 0.43 1.62 2.37 2.75 2.69 1.63 0.64 0.25 0.17 0.52 0.29 0.25 0.35 1.33 1.74 1.97 2.69 2.70 0.87 0.27 0.17 0.49 0.26 0.22 0.11 0.49 0.47 0.45 1.57 2.71 1.73 0.40 0.20 0.33 0.14 0.11 0.01 0.01 0.05 0.05 0.01 0.05 0.05 0.01 0.01 0.01 0.01 0.06 0.25 0.66 0.39 0.29 0.83 2.09 2.68 2.55 2.42 1.47 0.47 0.27 0.10 0.56 0.20 0.11 0.33 0.68 2.68 2.67 1.45 0.98 0.62 0.25 0.67 0.77 0.28 0.13 0.33 0.77 2.69 2.69 0.74 1.38 2.00 1.04 1.41 0.89 0.26 0.10 0.25 0.51 2.68 2.68 0.32 1.14 2.25 2.29 1.34 0.33 0.12 0.26 0.56 2.68 2.68 0.27 0.74 1.68 2.33 2.21 0.32 0.08 0.14 0.25 2.68 2.68 0.13 0.28 0.40 0.48 0.88 0.64 2.31 0.57 0.62 1.36 2.69 2.68 0.30 0.51 0.55 0.41 0.88 1.57 2.51 2.45 1.33 2.24 2.68 2.69 0.36 0.47 0.42 0.26 0.35 1.49

I got: 2.51 2.70 2.76 2.68 2.68 0.45 0.50 0.39 0.22 0.22 0.90 1.31 1.71 1.51 2.71 2.71 0.46 0.39 0.23 0.11 0.07 0.36 0.27 0.40 0.36 0.84 2.06 2.68 1.02 0.73 0.36 0.15 0.05 0.45 0.19 0.19 0.31 0.46 0.15 0.51 0.02 0.04 0.05 0.01 0.27 0.27 0.04 0.03 0.43 1.62 2.36 2.75 2.69 1.63 0.64 0.25 0.17 0.52 0.29 0.25 0.35 1.32 1.74 1.97 2.69 2.70 0.87 0.27 0.17 0.49 0.26 0.22 0.11 0.49 0.48 0.45 1.58 2.71 1.72 0.40 0.20 0.33 0.14 0.11 0.01 0.01 0.06 0.06 0.01 0.07 0.05 0.01 0.01 0.01 0.01 0.06 0.25 0.66 0.39 0.29 0.83 2.12 2.69 2.55 2.42 1.47 0.47 0.26 0.11 0.56 0.20 0.12 0.33 0.71 2.67 2.67 1.44 0.98 0.62 0.25 0.67 0.77 0.28 0.13 0.33 0.76 2.68 2.68 0.74 1.38 2.00 1.04 1.41 0.89 0.27 0.10 0.25 0.51 2.69 2.68 0.32 1.14 2.25 2.29 1.34 0.33 0.12 0.26 0.54 2.69 2.69 0.27 0.75 1.68 2.33 2.22 0.32 0.08 0.14 0.25 2.76 2.68 0.13 0.28 0.40 0.48 0.88 0.64 2.32 0.57 0.62 1.36 2.72 2.69 0.30 0.51 0.55 0.41 0.88 1.57 2.52 2.44 1.33 2.25 2.74 2.70 0.36 0.47 0.42 0.26 0.35 1.49

I got: 2.51 2.71 2.76 2.70 2.71 0.45 0.50 0.39 0.22 0.22 0.89 1.31 1.71 1.51 2.73 2.74 0.46 0.39 0.23 0.11 0.07 0.36 0.27 0.40 0.36 0.84 2.06 2.67 1.02 0.72 0.35 0.15 0.04 0.45 0.19 0.19 0.31 0.45 0.15 0.51 0.02 0.04 0.05 0.01 0.27 0.27 0.04 0.03 0.43 1.62 2.36 2.76 2.70 1.63 0.64 0.25 0.17 0.52 0.29 0.25 0.35 1.32 1.74 1.98 2.68 2.69 0.87 0.27 0.17 0.49 0.26 0.22 0.11 0.50 0.48 0.46 1.61 2.72 1.71 0.40 0.20 0.33 0.14 0.11 0.01 0.01 0.06 0.05 0.01 0.11 0.05 0.01 0.01 0.01 0.01 0.06 0.25 0.66 0.39 0.29 0.84 2.12 2.69 2.55 2.42 1.47 0.47 0.27 0.10 0.56 0.20 0.11 0.33 0.75 2.67 2.68 1.44 0.98 0.62 0.25 0.68 0.77 0.28 0.13 0.33 0.83 2.68 2.68 0.74 1.38 2.00 1.04 1.41 0.89 0.26 0.10 0.25 0.52 2.70 2.69 0.32 1.14 2.25 2.29 1.34 0.33 0.12 0.26 0.54 2.69 2.69 0.27 0.74 1.68 2.33 2.21 0.32 0.07 0.14 0.25 2.70 2.70 0.13 0.28 0.40 0.48 0.87 0.64 2.32 0.57 0.62 1.35 2.70 2.69 0.30 0.51 0.55 0.41 0.88 1.57 2.51 2.45 1.33 2.24 2.70 2.69 0.36 0.47 0.42 0.26 0.35 1.49

I got: 2.51 2.71 2.76 2.70 2.70 0.45 0.50 0.39 0.22 0.22 0.89 1.31 1.71 1.51 2.72 2.72 0.46 0.39 0.23 0.11 0.07 0.35 0.27 0.40 0.36 0.84 2.06 2.67 1.02 0.73 0.35 0.15 0.04 0.45 0.19 0.19 0.31 0.45 0.15 0.53 0.02 0.03 0.05 0.01 0.27 0.27 0.04 0.03 0.43 1.63 2.36 2.75 2.68 1.63 0.64 0.25 0.17 0.52 0.29 0.25 0.35 1.32 1.74 1.98 2.68 2.69 0.87 0.27 0.17 0.49 0.26 0.22 0.11 0.49 0.48 0.45 1.58 2.71 1.71 0.41 0.20 0.33 0.14 0.11 0.01 0.01 0.06 0.05 0.01 0.05 0.06 0.01 0.01 0.01 0.01 0.05 0.25 0.66 0.39 0.29 0.84 2.14 2.69 2.55 2.42 1.48 0.47 0.27 0.11 0.56 0.20 0.12 0.33 0.70 2.68 2.68 1.44 0.98 0.62 0.25 0.67 0.77 0.28 0.13 0.33 0.78 2.69 2.74 0.74 1.39 2.00 1.03 1.41 0.89 0.26 0.11 0.25 0.51 2.68 2.69 0.32 1.14 2.25 2.28 1.34 0.33 0.12 0.26 0.56 2.71 2.68 0.27 0.74 1.68 2.33 2.21 0.32 0.08 0.14 0.24 2.69 2.69 0.13 0.28 0.40 0.48 0.88 0.64 2.32 0.57 0.62 1.37 2.68 2.68 0.30 0.51 0.55 0.41 0.88 1.57 2.51 2.44 1.33 2.25 2.68 2.69 0.36 0.47 0.42 0.26 0.35 1.49

I got: 2.51 2.71 2.76 2.68 2.69 0.45 0.50 0.39 0.22 0.22 0.89 1.31 1.71 1.51 2.72 2.73 0.46 0.39 0.23 0.11 0.07 0.36 0.27 0.40 0.36 0.84 2.05 2.68 1.01 0.72 0.35 0.15 0.04 0.45 0.19 0.19 0.31 0.45 0.15 0.48 0.02 0.04 0.05 0.01 0.27 0.27 0.04 0.03 0.43 1.62 2.36 2.75 2.69 1.63 0.64 0.25 0.17 0.52 0.29 0.25 0.35 1.32 1.74 1.97 2.69 2.70 0.87 0.27 0.18 0.49 0.26 0.22 0.11 0.49 0.48 0.46 1.59 2.71 1.74 0.40 0.20 0.33 0.14 0.11 0.01 0.01 0.06 0.05 0.01 0.12 0.08 0.01 0.01 0.01 0.01 0.06 0.25 0.66 0.39 0.29 0.83 2.14 2.69 2.55 2.42 1.47 0.47 0.27 0.10 0.56 0.20 0.12 0.33 0.74 2.68 2.67 1.45 0.98 0.62 0.25 0.68 0.77 0.27 0.13 0.33 0.74 2.68 2.68 0.74 1.38 2.00 1.04 1.41 0.89 0.26 0.10 0.25 0.54 2.69 2.69 0.32 1.14 2.25 2.29 1.34 0.33 0.12 0.26 0.56 2.69 2.69 0.27 0.75 1.68 2.32 2.21 0.32 0.08 0.14 0.25 2.70 2.69 0.13 0.28 0.40 0.48 0.88 0.64 2.31 0.57 0.62 1.38 2.70 2.70 0.30 0.51 0.55 0.41 0.88 1.57 2.51 2.44 1.33 2.26 2.70 2.69 0.36 0.47 0.42 0.26 0.35 1.49

I got: 2.51 2.71 2.76 2.70 2.68 0.45 0.50 0.38 0.22 0.22 0.89 1.31 1.71 1.51 2.72 2.71 0.46 0.39 0.23 0.11 0.07 0.35 0.27 0.40 0.35 0.84 2.05 2.68 1.01 0.72 0.35 0.15 0.04 0.44 0.19 0.19 0.31 0.45 0.15 0.50 0.02 0.03 0.05 0.01 0.27 0.27 0.04 0.03 0.43 1.62 2.37 2.75 2.68 1.63 0.64 0.25 0.17 0.53 0.29 0.25 0.36 1.33 1.74 1.98 2.70 2.70 0.87 0.27 0.18 0.49 0.26 0.22 0.11 0.49 0.48 0.45 1.58 2.71 1.71 0.41 0.21 0.33 0.15 0.11 0.01 0.01 0.10 0.05 0.01 0.04 0.05 0.01 0.01 0.01 0.01 0.06 0.25 0.66 0.39 0.29 0.84 2.11 2.72 2.55 2.42 1.47 0.47 0.27 0.11 0.56 0.20 0.12 0.33 0.71 2.69 2.69 1.44 0.98 0.62 0.25 0.68 0.77 0.28 0.13 0.33 0.75 2.69 2.68 0.74 1.38 2.00 1.04 1.41 0.89 0.26 0.11 0.25 0.51 2.69 2.69 0.32 1.14 2.25 2.29 1.34 0.33 0.12 0.26 0.54 2.69 2.69 0.27 0.74 1.68 2.33 2.21 0.32 0.08 0.14 0.24 2.70 2.69 0.13 0.28 0.40 0.48 0.88 0.64 2.31 0.57 0.62 1.35 2.69 2.69 0.30 0.51 0.55 0.41 0.88 1.57 2.51 2.44 1.33 2.25 2.71 2.69 0.36 0.47 0.42 0.26 0.35 1.49

I got: 2.51 2.71 2.76 2.71 2.69 0.45 0.50 0.39 0.22 0.22 0.90 1.31 1.71 1.51 2.72 2.70 0.46 0.39 0.23 0.11 0.07 0.36 0.27 0.40 0.36 0.84 2.05 2.68 1.01 0.72 0.35 0.15 0.04 0.45 0.19 0.19 0.31 0.45 0.15 0.50 0.02 0.03 0.05 0.01 0.27 0.27 0.04 0.03 0.43 1.63 2.36 2.75 2.69 1.63 0.64 0.25 0.17 0.52 0.29 0.25 0.35 1.32 1.74 1.98 2.69 2.69 0.87 0.27 0.18 0.49 0.26 0.22 0.11 0.49 0.48 0.45 1.61 2.72 1.72 0.41 0.21 0.33 0.14 0.11 0.01 0.01 0.05 0.06 0.01 0.05 0.05 0.01 0.01 0.01 0.01 0.07 0.25 0.66 0.39 0.29 0.84 2.10 2.68 2.55 2.42 1.47 0.47 0.26 0.11 0.56 0.20 0.12 0.33 0.70 2.68 2.67 1.44 0.98 0.61 0.25 0.67 0.77 0.28 0.13 0.33 0.74 2.69 2.69 0.74 1.38 2.00 1.03 1.41 0.89 0.26 0.10 0.25 0.51 2.68 2.68 0.32 1.14 2.25 2.29 1.34 0.33 0.12 0.26 0.55 2.67 2.68 0.27 0.75 1.68 2.32 2.21 0.32 0.08 0.14 0.24 2.68 2.68 0.13 0.28 0.40 0.48 0.88 0.64 2.32 0.57 0.62 1.40 2.69 2.68 0.30 0.51 0.55 0.41 0.88 1.57 2.51 2.44 1.33 2.26 2.70 2.69 0.36 0.47 0.42 0.26 0.35 1.49

I got: 2.51 2.71 2.76 2.68 2.69 0.45 0.50 0.38 0.22 0.22 0.90 1.31 1.71 1.51 2.70 2.71 0.46 0.39 0.23 0.11 0.07 0.35 0.27 0.40 0.36 0.84 2.06 2.68 1.02 0.73 0.36 0.15 0.04 0.45 0.19 0.19 0.32 0.45 0.15 0.50 0.02 0.04 0.05 0.01 0.27 0.27 0.04 0.03 0.43 1.63 2.36 2.76 2.69 1.63 0.64 0.25 0.17 0.53 0.29 0.25 0.35 1.33 1.75 1.98 2.71 2.70 0.87 0.27 0.17 0.49 0.26 0.22 0.11 0.49 0.48 0.46 1.60 2.71 1.72 0.41 0.20 0.33 0.14 0.11 0.01 0.01 0.06 0.06 0.01 0.04 0.05 0.01 0.01 0.01 0.01 0.05 0.25 0.66 0.39 0.29 0.83 2.12 2.69 2.55 2.42 1.48 0.47 0.27 0.11 0.56 0.20 0.11 0.33 0.71 2.69 2.68 1.45 0.98 0.62 0.25 0.68 0.77 0.28 0.13 0.33 0.76 2.69 2.68 0.74 1.38 2.00 1.04 1.41 0.89 0.26 0.10 0.25 0.52 2.69 2.69 0.32 1.14 2.25 2.28 1.34 0.33 0.12 0.26 0.53 2.69 2.69 0.27 0.75 1.68 2.33 2.21 0.32 0.08 0.14 0.23 2.70 2.69 0.13 0.28 0.40 0.48 0.88 0.64 2.32 0.57 0.62 1.37 2.70 2.70 0.30 0.51 0.55 0.41 0.88 1.58 2.52 2.44 1.33 2.24 2.70 2.68 0.36 0.47 0.42 0.26 0.35 1.49

I got: 2.51 2.71 2.76 2.71 2.69 0.45 0.50 0.39 0.22 0.22 0.89 1.31 1.71 1.51 2.72 2.69 0.46 0.39 0.23 0.11 0.07 0.35 0.27 0.40 0.36 0.84 2.05 2.67 1.01 0.72 0.36 0.15 0.04 0.45 0.19 0.19 0.32 0.45 0.15 0.47 0.02 0.04 0.05 0.01 0.27 0.27 0.04 0.03 0.43 1.62 2.36 2.75 2.69 1.63 0.64 0.25 0.17 0.52 0.28 0.25 0.35 1.32 1.74 1.98 2.70 2.69 0.87 0.27 0.17 0.49 0.26 0.22 0.11 0.49 0.48 0.45 1.58 2.72 1.72 0.40 0.20 0.33 0.14 0.11 0.01 0.01 0.05 0.07 0.01 0.02 0.06 0.01 0.01 0.01 0.01 0.06 0.25 0.66 0.39 0.29 0.83 2.12 2.68 2.55 2.42 1.47 0.47 0.27 0.11 0.56 0.20 0.12 0.33 0.70 2.68 2.67 1.45 0.98 0.62 0.25 0.67 0.77 0.28 0.13 0.33 0.76 2.69 2.69 0.74 1.38 2.00 1.04 1.41 0.89 0.26 0.10 0.25 0.51 2.69 2.68 0.32 1.14 2.25 2.29 1.34 0.33 0.12 0.26 0.54 2.68 2.68 0.27 0.75 1.68 2.33 2.21 0.32 0.08 0.14 0.23 2.68 2.69 0.13 0.28 0.40 0.48 0.88 0.64 2.32 0.57 0.62 1.38 2.69 2.68 0.30 0.51 0.55 0.41 0.89 1.57 2.52 2.44 1.33 2.25 2.68 2.69 0.36 0.47 0.42 0.26 0.35 1.49

I got: 2.51 2.71 2.76 2.72 2.70 0.45 0.50 0.39 0.22 0.22 0.89 1.31 1.71 1.51 2.76 2.71 0.46 0.39 0.23 0.11 0.07 0.35 0.27 0.40 0.36 0.84 2.05 2.68 1.02 0.73 0.35 0.15 0.04 0.44 0.19 0.19 0.31 0.45 0.15 0.48 0.02 0.03 0.05 0.01 0.27 0.27 0.04 0.03 0.43 1.62 2.36 2.75 2.70 1.63 0.64 0.25 0.16 0.52 0.29 0.25 0.36 1.32 1.75 1.98 2.70 2.70 0.87 0.27 0.18 0.49 0.26 0.22 0.11 0.49 0.48 0.46 1.61 2.72 1.74 0.41 0.20 0.33 0.15 0.11 0.01 0.01 0.06 0.05 0.01 0.05 0.06 0.01 0.01 0.01 0.01 0.08 0.25 0.66 0.39 0.29 0.84 2.12 2.68 2.55 2.42 1.47 0.47 0.27 0.11 0.56 0.21 0.12 0.33 0.70 2.68 2.68 1.45 0.98 0.62 0.25 0.68 0.76 0.28 0.13 0.33 0.77 2.69 2.69 0.74 1.38 1.99 1.03 1.41 0.89 0.26 0.10 0.25 0.51 2.68 2.68 0.32 1.14 2.25 2.29 1.34 0.33 0.12 0.26 0.53 2.68 2.68 0.27 0.75 1.68 2.33 2.21 0.32 0.08 0.14 0.22 2.68 2.68 0.13 0.28 0.40 0.48 0.88 0.64 2.32 0.57 0.62 1.37 2.69 2.68 0.30 0.51 0.55 0.41 0.88 1.57 2.52 2.45 1.33 2.24 2.68 2.70 0.36 0.47 0.42 0.26 0.35 1.49

