I got: 2.02 0.36 0.65 2.72 2.70 0.21 0.07 0.02 0.06 0.15 1.01 2.77 0.17 1.29 2.70 2.71 0.17 0.05 0.02 0.04 0.05 0.37 0.58 0.29 0.08 2.26 2.77 2.69 0.44 0.11 0.02 0.08 0.09 0.20 0.06 0.04 0.23 0.33 0.26 0.24 0.04 0.06 0.01 0.02 0.16 0.20 0.09 0.07 0.13 0.21 0.28 0.52 2.70 0.62 0.08 0.28 0.43 0.37 0.05 0.04 0.08 0.15 0.09 1.61 2.73 2.72 0.29 0.67 0.80 0.46 0.06 0.03 0.11 0.23 0.13 1.78 2.62 2.69 2.40 2.77 1.87 0.84 0.13 0.05 0.01 0.01 0.06 0.05 0.01 0.07 0.01 0.04 0.01 0.01 0.04 0.07 0.10 0.23 0.09 0.28 0.12 0.21 2.69 1.70 0.58 1.18 0.15 0.04 0.09 0.29 0.11 0.14 0.12 0.17 2.71 2.69 0.50 1.61 0.59 0.06 0.45 0.69 0.08 0.15 0.10 0.15 2.71 2.70 2.29 2.77 2.62 0.40 2.62 1.72 0.10 0.14 0.10 0.17 2.70 2.71 1.85 2.77 2.42 2.02 2.20 0.10 0.11 0.11 0.16 2.69 2.70 1.15 0.97 0.48 2.14 2.77 0.10 0.06 0.15 0.16 2.71 2.70 0.28 0.16 0.05 0.38 1.23 0.40 0.98 0.06 0.13 0.14 2.70 2.70 0.14 0.09 0.03 0.14 0.85 0.56 2.67 1.38 0.14 0.16 2.70 2.69 0.05 0.05 0.01 0.04 0.13 1.21

I got: 2.03 0.36 0.65 2.70 2.71 0.21 0.06 0.02 0.06 0.15 1.01 2.77 0.17 1.29 2.70 2.70 0.18 0.05 0.01 0.04 0.05 0.37 0.58 0.28 0.08 2.26 2.77 2.69 0.44 0.11 0.02 0.08 0.09 0.20 0.05 0.04 0.24 0.33 0.26 0.24 0.03 0.06 0.01 0.02 0.16 0.20 0.09 0.07 0.12 0.21 0.28 0.52 2.69 0.62 0.08 0.28 0.43 0.37 0.05 0.04 0.08 0.15 0.09 1.61 2.70 2.73 0.29 0.66 0.80 0.46 0.07 0.03 0.11 0.22 0.13 1.78 2.62 2.73 2.40 2.77 1.87 0.84 0.13 0.04 0.01 0.01 0.05 0.05 0.01 0.07 0.01 0.04 0.01 0.01 0.04 0.07 0.10 0.23 0.09 0.28 0.12 0.21 2.71 1.69 0.58 1.18 0.15 0.04 0.09 0.29 0.11 0.14 0.12 0.17 2.70 2.70 0.51 1.61 0.59 0.06 0.45 0.69 0.08 0.15 0.10 0.15 2.70 2.71 2.29 2.77 2.62 0.40 2.63 1.72 0.10 0.14 0.09 0.17 2.69 2.69 1.85 2.77 2.43 2.02 2.20 0.10 0.11 0.11 0.16 2.70 2.70 1.15 0.97 0.47 2.14 2.77 0.10 0.07 0.15 0.17 2.69 2.70 0.28 0.17 0.06 0.39 1.25 0.41 0.97 0.06 0.13 0.14 2.71 2.70 0.14 0.08 0.03 0.14 0.85 0.55 2.66 1.39 0.14 0.16 2.69 2.70 0.05 0.05 0.01 0.04 0.13 1.21

I got: 2.05 0.36 0.65 2.72 2.70 0.21 0.07 0.02 0.06 0.14 1.01 2.77 0.17 1.29 2.69 2.70 0.17 0.05 0.02 0.04 0.05 0.37 0.58 0.29 0.08 2.26 2.77 2.70 0.44 0.11 0.02 0.08 0.09 0.20 0.05 0.04 0.24 0.33 0.26 0.24 0.03 0.06 0.01 0.02 0.16 0.21 0.09 0.06 0.13 0.20 0.28 0.52 2.70 0.62 0.08 0.28 0.43 0.38 0.05 0.03 0.07 0.15 0.09 1.61 2.71 2.71 0.29 0.66 0.80 0.46 0.06 0.03 0.11 0.23 0.13 1.78 2.62 2.70 2.40 2.77 1.87 0.84 0.13 0.05 0.01 0.02 0.03 0.04 0.01 0.05 0.01 0.07 0.01 0.01 0.04 0.06 0.10 0.22 0.09 0.28 0.12 0.21 2.70 1.69 0.58 1.18 0.15 0.04 0.09 0.28 0.11 0.14 0.11 0.17 2.71 2.70 0.50 1.61 0.58 0.07 0.45 0.69 0.09 0.15 0.10 0.15 2.71 2.70 2.30 2.77 2.62 0.40 2.62 1.72 0.09 0.14 0.10 0.17 2.70 2.70 1.85 2.77 2.43 2.02 2.20 0.10 0.12 0.11 0.16 2.71 2.69 1.15 0.97 0.48 2.14 2.77 0.10 0.07 0.15 0.17 2.70 2.69 0.28 0.16 0.05 0.38 1.23 0.40 0.99 0.06 0.13 0.14 2.71 2.70 0.14 0.08 0.03 0.14 0.85 0.55 2.67 1.39 0.14 0.16 2.69 2.70 0.05 0.05 0.01 0.04 0.13 1.21

I got: 2.03 0.36 0.65 2.71 2.74 0.21 0.07 0.02 0.07 0.14 1.01 2.77 0.17 1.29 2.70 2.74 0.17 0.05 0.01 0.04 0.04 0.37 0.58 0.29 0.08 2.26 2.77 2.73 0.44 0.11 0.02 0.08 0.09 0.20 0.05 0.04 0.23 0.33 0.27 0.24 0.03 0.06 0.01 0.02 0.16 0.21 0.09 0.06 0.13 0.21 0.28 0.52 2.71 0.62 0.08 0.28 0.43 0.38 0.05 0.04 0.08 0.15 0.09 1.61 2.75 2.71 0.29 0.66 0.80 0.46 0.06 0.03 0.11 0.22 0.13 1.78 2.62 2.69 2.40 2.77 1.87 0.84 0.13 0.04 0.01 0.01 0.07 0.07 0.01 0.04 0.01 0.04 0.01 0.01 0.06 0.04 0.10 0.22 0.09 0.28 0.12 0.21 2.69 1.70 0.58 1.18 0.15 0.05 0.09 0.28 0.11 0.14 0.12 0.17 2.69 2.69 0.50 1.61 0.58 0.06 0.45 0.70 0.09 0.14 0.10 0.15 2.72 2.69 2.29 2.77 2.62 0.41 2.62 1.72 0.10 0.14 0.10 0.17 2.70 2.70 1.85 2.77 2.43 2.02 2.19 0.10 0.11 0.11 0.16 2.70 2.69 1.15 0.97 0.48 2.14 2.77 0.10 0.07 0.15 0.16 2.70 2.70 0.28 0.17 0.05 0.38 1.23 0.40 0.98 0.06 0.13 0.14 2.69 2.70 0.14 0.08 0.03 0.14 0.85 0.55 2.66 1.40 0.14 0.16 2.70 2.69 0.05 0.04 0.01 0.04 0.13 1.21

I got: 2.03 0.36 0.65 2.69 2.70 0.21 0.07 0.02 0.06 0.15 1.01 2.77 0.17 1.30 2.71 2.70 0.17 0.05 0.02 0.04 0.05 0.37 0.58 0.29 0.08 2.26 2.77 2.69 0.44 0.10 0.02 0.08 0.09 0.20 0.05 0.04 0.24 0.33 0.27 0.24 0.03 0.06 0.01 0.02 0.16 0.21 0.09 0.06 0.13 0.20 0.28 0.52 2.70 0.62 0.08 0.28 0.43 0.38 0.05 0.04 0.08 0.15 0.09 1.61 2.69 2.73 0.29 0.66 0.80 0.47 0.06 0.03 0.11 0.23 0.13 1.78 2.62 2.70 2.40 2.77 1.87 0.84 0.13 0.04 0.01 0.01 0.05 0.06 0.01 0.02 0.01 0.04 0.01 0.01 0.08 0.04 0.10 0.22 0.09 0.27 0.12 0.21 2.70 1.69 0.58 1.18 0.15 0.05 0.09 0.29 0.11 0.14 0.12 0.17 2.69 2.70 0.50 1.61 0.58 0.06 0.45 0.69 0.09 0.14 0.10 0.15 2.70 2.70 2.29 2.77 2.62 0.41 2.62 1.72 0.09 0.14 0.10 0.17 2.70 2.69 1.85 2.77 2.43 2.02 2.19 0.10 0.12 0.11 0.16 2.69 2.70 1.14 0.97 0.48 2.14 2.77 0.10 0.07 0.15 0.17 2.73 2.69 0.28 0.17 0.05 0.38 1.22 0.40 0.98 0.06 0.13 0.14 2.70 2.69 0.14 0.08 0.03 0.14 0.85 0.55 2.67 1.40 0.14 0.16 2.76 2.70 0.05 0.05 0.01 0.04 0.13 1.21

I got: 2.03 0.36 0.65 2.72 2.73 0.21 0.07 0.02 0.06 0.14 1.01 2.77 0.17 1.30 2.70 2.72 0.17 0.05 0.01 0.04 0.04 0.37 0.58 0.29 0.08 2.26 2.77 2.70 0.44 0.10 0.02 0.08 0.09 0.20 0.05 0.04 0.23 0.33 0.26 0.24 0.03 0.06 0.01 0.02 0.16 0.21 0.09 0.06 0.12 0.20 0.28 0.51 2.69 0.62 0.08 0.28 0.42 0.38 0.05 0.04 0.08 0.15 0.09 1.61 2.71 2.72 0.29 0.66 0.80 0.46 0.06 0.03 0.11 0.23 0.13 1.78 2.62 2.69 2.39 2.77 1.86 0.84 0.13 0.04 0.01 0.01 0.09 0.10 0.01 0.02 0.01 0.05 0.01 0.02 0.10 0.05 0.10 0.22 0.09 0.27 0.12 0.21 2.69 1.69 0.58 1.18 0.15 0.04 0.09 0.29 0.11 0.14 0.12 0.17 2.70 2.70 0.50 1.61 0.58 0.07 0.45 0.69 0.09 0.14 0.10 0.15 2.71 2.71 2.29 2.77 2.62 0.40 2.62 1.72 0.09 0.14 0.10 0.17 2.70 2.71 1.85 2.77 2.42 2.02 2.19 0.10 0.11 0.11 0.16 2.70 2.69 1.14 0.97 0.47 2.14 2.77 0.10 0.06 0.15 0.16 2.70 2.69 0.28 0.17 0.05 0.38 1.23 0.40 0.98 0.06 0.13 0.14 2.70 2.69 0.14 0.08 0.03 0.14 0.85 0.55 2.67 1.39 0.14 0.16 2.70 2.71 0.05 0.05 0.01 0.04 0.13 1.21

I got: 2.04 0.36 0.65 2.70 2.71 0.21 0.07 0.02 0.06 0.15 1.01 2.77 0.17 1.30 2.72 2.70 0.17 0.05 0.01 0.04 0.04 0.37 0.58 0.29 0.08 2.26 2.77 2.68 0.44 0.10 0.02 0.07 0.09 0.21 0.05 0.05 0.24 0.33 0.26 0.24 0.03 0.06 0.01 0.02 0.16 0.20 0.09 0.07 0.13 0.21 0.29 0.52 2.69 0.62 0.08 0.28 0.42 0.38 0.05 0.04 0.08 0.15 0.09 1.61 2.70 2.72 0.29 0.66 0.79 0.46 0.07 0.03 0.11 0.22 0.13 1.78 2.62 2.69 2.39 2.77 1.86 0.85 0.13 0.05 0.01 0.01 0.05 0.04 0.01 0.07 0.01 0.04 0.01 0.01 0.04 0.08 0.10 0.22 0.09 0.28 0.12 0.21 2.70 1.70 0.58 1.18 0.15 0.04 0.09 0.28 0.11 0.14 0.12 0.18 2.69 2.69 0.50 1.61 0.58 0.06 0.45 0.69 0.08 0.15 0.10 0.15 2.71 2.70 2.29 2.77 2.62 0.40 2.63 1.72 0.10 0.14 0.09 0.17 2.70 2.73 1.85 2.77 2.42 2.02 2.20 0.10 0.11 0.11 0.16 2.69 2.70 1.14 0.97 0.47 2.14 2.77 0.10 0.06 0.15 0.17 2.69 2.70 0.28 0.17 0.06 0.38 1.23 0.39 0.99 0.06 0.14 0.14 2.69 2.69 0.14 0.08 0.03 0.14 0.85 0.56 2.67 1.39 0.14 0.16 2.71 2.69 0.05 0.05 0.01 0.04 0.13 1.21

I got: 2.03 0.36 0.65 2.69 2.71 0.21 0.06 0.02 0.06 0.14 1.01 2.77 0.17 1.29 2.69 2.70 0.18 0.05 0.01 0.04 0.04 0.37 0.58 0.29 0.08 2.26 2.77 2.69 0.44 0.11 0.02 0.08 0.09 0.20 0.05 0.05 0.23 0.33 0.27 0.24 0.03 0.06 0.01 0.02 0.16 0.20 0.09 0.07 0.13 0.21 0.28 0.52 2.70 0.62 0.08 0.28 0.42 0.38 0.05 0.04 0.08 0.15 0.09 1.61 2.69 2.72 0.29 0.66 0.80 0.46 0.07 0.03 0.11 0.22 0.13 1.78 2.62 2.70 2.40 2.77 1.86 0.84 0.13 0.04 0.01 0.01 0.05 0.04 0.01 0.07 0.01 0.04 0.01 0.01 0.04 0.09 0.10 0.23 0.09 0.28 0.12 0.21 2.70 1.70 0.58 1.18 0.15 0.04 0.09 0.28 0.11 0.14 0.12 0.18 2.69 2.70 0.50 1.61 0.58 0.06 0.45 0.69 0.09 0.15 0.10 0.15 2.69 2.71 2.29 2.77 2.62 0.40 2.63 1.72 0.10 0.14 0.09 0.17 2.69 2.69 1.85 2.77 2.42 2.02 2.20 0.10 0.11 0.11 0.17 2.70 2.69 1.14 0.97 0.47 2.14 2.77 0.10 0.06 0.15 0.16 2.69 2.69 0.28 0.16 0.05 0.38 1.23 0.39 0.98 0.06 0.13 0.14 2.69 2.70 0.14 0.08 0.03 0.14 0.84 0.55 2.66 1.38 0.14 0.16 2.70 2.70 0.05 0.05 0.01 0.04 0.13 1.21

I got: 2.03 0.36 0.65 2.72 2.70 0.21 0.07 0.02 0.06 0.14 1.02 2.77 0.17 1.29 2.71 2.70 0.17 0.05 0.01 0.04 0.05 0.37 0.58 0.28 0.08 2.26 2.77 2.70 0.44 0.11 0.02 0.07 0.09 0.20 0.05 0.04 0.24 0.33 0.26 0.24 0.03 0.06 0.01 0.02 0.16 0.20 0.09 0.07 0.12 0.21 0.29 0.52 2.70 0.62 0.08 0.28 0.43 0.38 0.04 0.04 0.08 0.15 0.09 1.61 2.72 2.73 0.29 0.66 0.80 0.46 0.06 0.03 0.11 0.23 0.13 1.77 2.62 2.70 2.40 2.77 1.86 0.84 0.13 0.04 0.01 0.01 0.04 0.05 0.01 0.04 0.01 0.04 0.01 0.01 0.05 0.09 0.10 0.23 0.09 0.27 0.12 0.21 2.77 1.70 0.58 1.18 0.15 0.04 0.09 0.29 0.11 0.13 0.12 0.18 2.74 2.69 0.50 1.61 0.58 0.07 0.45 0.69 0.09 0.15 0.10 0.15 2.72 2.74 2.29 2.77 2.62 0.40 2.63 1.72 0.10 0.14 0.09 0.17 2.71 2.71 1.85 2.77 2.42 2.02 2.20 0.10 0.12 0.11 0.16 2.69 2.70 1.14 0.97 0.48 2.14 2.77 0.10 0.06 0.15 0.16 2.69 2.70 0.28 0.16 0.05 0.38 1.22 0.40 0.98 0.06 0.13 0.14 2.69 2.70 0.14 0.08 0.03 0.14 0.84 0.55 2.67 1.40 0.14 0.16 2.70 2.70 0.05 0.04 0.01 0.04 0.13 1.21

I got: 2.03 0.36 0.65 2.69 2.71 0.21 0.07 0.02 0.06 0.15 1.01 2.77 0.17 1.30 2.71 2.69 0.17 0.05 0.02 0.04 0.04 0.37 0.58 0.29 0.08 2.26 2.77 2.69 0.44 0.11 0.02 0.07 0.09 0.20 0.06 0.04 0.24 0.33 0.27 0.24 0.03 0.06 0.01 0.02 0.16 0.21 0.08 0.07 0.12 0.21 0.28 0.52 2.70 0.62 0.08 0.28 0.42 0.38 0.05 0.04 0.08 0.15 0.09 1.61 2.70 2.72 0.29 0.66 0.79 0.46 0.06 0.04 0.11 0.23 0.13 1.78 2.62 2.70 2.40 2.77 1.86 0.84 0.13 0.04 0.01 0.01 0.04 0.05 0.01 0.05 0.01 0.06 0.01 0.01 0.05 0.05 0.10 0.22 0.10 0.28 0.12 0.21 2.70 1.70 0.58 1.18 0.15 0.04 0.09 0.29 0.11 0.14 0.12 0.17 2.69 2.69 0.50 1.60 0.58 0.06 0.45 0.69 0.09 0.14 0.10 0.15 2.70 2.70 2.29 2.77 2.62 0.40 2.62 1.72 0.10 0.14 0.10 0.17 2.70 2.69 1.85 2.77 2.42 2.02 2.20 0.10 0.12 0.11 0.16 2.69 2.70 1.14 0.97 0.48 2.14 2.77 0.10 0.07 0.15 0.16 2.69 2.70 0.27 0.16 0.05 0.38 1.22 0.40 0.99 0.06 0.13 0.14 2.69 2.70 0.14 0.08 0.03 0.14 0.84 0.55 2.68 1.38 0.14 0.16 2.71 2.70 0.05 0.05 0.01 0.04 0.13 1.21

I got: 2.03 0.36 0.65 2.71 2.69 0.21 0.07 0.02 0.06 0.14 1.01 2.77 0.17 1.29 2.71 2.70 0.17 0.05 0.01 0.04 0.04 0.37 0.58 0.29 0.08 2.26 2.77 2.70 0.44 0.10 0.02 0.08 0.09 0.20 0.05 0.04 0.24 0.33 0.26 0.24 0.03 0.06 0.01 0.02 0.16 0.21 0.09 0.06 0.13 0.20 0.29 0.51 2.70 0.62 0.08 0.28 0.42 0.38 0.05 0.04 0.08 0.15 0.09 1.61 2.72 2.76 0.29 0.66 0.79 0.47 0.06 0.04 0.11 0.23 0.13 1.78 2.62 2.71 2.40 2.77 1.86 0.84 0.13 0.04 0.01 0.01 0.07 0.07 0.01 0.01 0.01 0.04 0.01 0.02 0.08 0.04 0.10 0.22 0.09 0.28 0.12 0.21 2.70 1.70 0.58 1.18 0.15 0.04 0.09 0.29 0.11 0.14 0.12 0.18 2.70 2.70 0.50 1.60 0.58 0.06 0.45 0.69 0.09 0.14 0.10 0.15 2.69 2.70 2.29 2.77 2.62 0.41 2.62 1.72 0.10 0.14 0.10 0.17 2.69 2.69 1.85 2.77 2.42 2.02 2.20 0.10 0.11 0.11 0.16 2.69 2.70 1.14 0.97 0.47 2.14 2.77 0.10 0.06 0.15 0.16 2.69 2.69 0.28 0.16 0.05 0.38 1.22 0.40 0.98 0.06 0.13 0.14 2.70 2.70 0.14 0.08 0.03 0.14 0.84 0.55 2.67 1.39 0.14 0.16 2.69 2.70 0.05 0.05 0.01 0.04 0.13 1.21

I got: 2.03 0.36 0.65 2.71 2.70 0.21 0.07 0.02 0.06 0.14 1.01 2.77 0.17 1.29 2.70 2.71 0.17 0.05 0.01 0.04 0.04 0.38 0.57 0.29 0.08 2.26 2.77 2.70 0.44 0.10 0.02 0.07 0.09 0.20 0.05 0.04 0.23 0.33 0.27 0.24 0.03 0.06 0.01 0.02 0.16 0.21 0.09 0.06 0.13 0.20 0.29 0.52 2.69 0.62 0.08 0.28 0.42 0.38 0.05 0.04 0.07 0.15 0.09 1.61 2.71 2.74 0.29 0.66 0.79 0.47 0.06 0.03 0.11 0.22 0.13 1.78 2.62 2.69 2.39 2.77 1.86 0.84 0.13 0.05 0.01 0.01 0.04 0.06 0.01 0.01 0.01 0.05 0.01 0.01 0.08 0.08 0.10 0.22 0.09 0.28 0.12 0.21 2.71 1.69 0.58 1.18 0.15 0.04 0.09 0.29 0.11 0.13 0.12 0.18 2.70 2.70 0.50 1.60 0.58 0.07 0.45 0.69 0.09 0.15 0.10 0.15 2.70 2.71 2.29 2.77 2.62 0.40 2.62 1.73 0.09 0.14 0.10 0.17 2.70 2.71 1.85 2.77 2.43 2.02 2.20 0.10 0.11 0.11 0.16 2.70 2.69 1.14 0.97 0.47 2.14 2.77 0.10 0.06 0.15 0.16 2.70 2.69 0.27 0.16 0.05 0.38 1.22 0.39 0.99 0.06 0.13 0.14 2.71 2.70 0.14 0.08 0.03 0.14 0.85 0.55 2.67 1.38 0.14 0.16 2.70 2.71 0.05 0.05 0.01 0.04 0.13 1.21

I got: 2.03 0.36 0.65 2.74 2.71 0.21 0.06 0.02 0.06 0.15 1.01 2.77 0.17 1.29 2.74 2.69 0.17 0.05 0.02 0.04 0.04 0.37 0.58 0.29 0.08 2.26 2.77 2.68 0.44 0.11 0.02 0.08 0.09 0.20 0.05 0.05 0.23 0.33 0.26 0.24 0.04 0.06 0.01 0.01 0.16 0.21 0.09 0.06 0.12 0.20 0.28 0.52 2.70 0.62 0.08 0.28 0.42 0.38 0.05 0.04 0.07 0.15 0.09 1.61 2.69 2.74 0.29 0.66 0.80 0.46 0.06 0.03 0.11 0.22 0.13 1.78 2.62 2.70 2.40 2.77 1.86 0.84 0.13 0.04 0.01 0.01 0.09 0.07 0.01 0.01 0.01 0.04 0.01 0.01 0.08 0.04 0.10 0.22 0.09 0.28 0.12 0.21 2.70 1.70 0.58 1.18 0.15 0.04 0.09 0.29 0.11 0.13 0.12 0.18 2.70 2.69 0.50 1.60 0.58 0.07 0.45 0.69 0.09 0.14 0.10 0.15 2.69 2.70 2.29 2.77 2.62 0.40 2.62 1.73 0.10 0.14 0.09 0.17 2.69 2.69 1.85 2.77 2.42 2.02 2.20 0.10 0.11 0.11 0.16 2.70 2.70 1.14 0.97 0.47 2.14 2.77 0.10 0.06 0.15 0.16 2.69 2.70 0.27 0.16 0.05 0.38 1.22 0.39 0.98 0.06 0.13 0.14 2.70 2.70 0.14 0.08 0.03 0.14 0.84 0.56 2.67 1.39 0.14 0.16 2.70 2.69 0.05 0.05 0.01 0.04 0.13 1.21

