I got: 2.35 2.03 0.69 2.71 2.71 0.19 0.04 0.01 0.03 0.14 1.50 2.77 1.14 1.30 2.72 2.69 0.15 0.04 0.01 0.03 0.05 0.65 0.85 0.33 0.55 2.46 2.77 2.70 0.31 0.05 0.01 0.03 0.07 0.49 0.45 0.11 0.24 0.33 0.28 0.23 0.03 0.06 0.01 0.02 0.16 0.18 0.10 0.06 0.10 0.40 1.24 0.54 2.69 0.44 0.04 0.13 0.07 0.15 0.05 0.03 0.08 0.23 0.47 1.59 2.71 2.72 0.28 0.58 0.38 0.14 0.03 0.04 0.12 0.31 0.60 1.75 2.60 2.69 1.98 2.77 1.30 0.27 0.06 0.04 0.01 0.01 0.05 0.05 0.01 0.07 0.01 0.04 0.01 0.01 0.06 0.06 0.13 0.19 0.09 0.18 0.10 0.18 2.69 1.36 0.53 0.61 0.05 0.05 0.12 0.27 0.09 0.08 0.14 0.15 2.70 2.69 0.46 1.27 0.41 0.05 0.41 0.95 0.38 0.13 0.11 0.13 2.70 2.69 1.86 2.77 2.22 0.39 2.55 2.03 0.66 0.20 0.12 0.15 2.69 2.70 1.28 2.77 1.99 1.93 2.38 0.74 0.21 0.13 0.15 2.70 2.69 0.59 0.83 0.46 1.94 2.77 0.83 0.22 0.14 0.17 2.69 2.69 0.06 0.07 0.03 0.25 1.42 0.44 1.47 0.96 0.09 0.18 2.70 2.69 0.04 0.04 0.01 0.06 0.56 0.55 2.52 2.22 0.48 0.22 2.69 2.70 0.07 0.04 0.01 0.03 0.14 1.53

I got: 2.36 2.03 0.69 2.75 2.70 0.19 0.04 0.01 0.03 0.14 1.50 2.77 1.14 1.31 2.74 2.70 0.15 0.03 0.01 0.03 0.05 0.66 0.85 0.34 0.55 2.46 2.77 2.69 0.31 0.05 0.01 0.03 0.07 0.49 0.44 0.12 0.23 0.32 0.28 0.23 0.03 0.06 0.01 0.02 0.16 0.19 0.10 0.06 0.09 0.40 1.24 0.54 2.71 0.44 0.04 0.12 0.07 0.15 0.05 0.03 0.07 0.22 0.47 1.59 2.70 2.74 0.28 0.58 0.38 0.14 0.03 0.03 0.12 0.31 0.60 1.75 2.60 2.71 1.98 2.77 1.30 0.26 0.06 0.05 0.01 0.01 0.04 0.08 0.01 0.05 0.01 0.04 0.01 0.01 0.08 0.06 0.13 0.19 0.09 0.19 0.10 0.18 2.69 1.35 0.53 0.62 0.06 0.04 0.12 0.27 0.09 0.08 0.14 0.15 2.70 2.71 0.46 1.27 0.41 0.05 0.41 0.95 0.38 0.13 0.11 0.13 2.70 2.71 1.86 2.77 2.22 0.39 2.55 2.03 0.66 0.20 0.12 0.15 2.69 2.69 1.28 2.77 1.98 1.93 2.37 0.74 0.21 0.12 0.16 2.69 2.69 0.59 0.83 0.46 1.95 2.77 0.83 0.22 0.14 0.17 2.69 2.70 0.06 0.07 0.03 0.25 1.40 0.44 1.48 0.96 0.09 0.18 2.69 2.69 0.04 0.04 0.01 0.05 0.56 0.55 2.53 2.22 0.48 0.22 2.69 2.69 0.07 0.04 0.01 0.03 0.14 1.53

I got: 2.36 2.03 0.69 2.69 2.70 0.19 0.04 0.01 0.03 0.14 1.50 2.77 1.14 1.30 2.71 2.70 0.15 0.04 0.01 0.02 0.05 0.66 0.85 0.33 0.55 2.46 2.77 2.70 0.31 0.05 0.01 0.03 0.07 0.50 0.44 0.12 0.24 0.33 0.28 0.23 0.03 0.06 0.01 0.02 0.16 0.18 0.10 0.07 0.10 0.40 1.24 0.54 2.70 0.44 0.04 0.12 0.06 0.15 0.05 0.04 0.07 0.22 0.47 1.59 2.72 2.72 0.28 0.58 0.39 0.14 0.04 0.03 0.12 0.30 0.60 1.75 2.60 2.69 1.98 2.77 1.30 0.27 0.06 0.04 0.01 0.01 0.05 0.04 0.02 0.07 0.01 0.04 0.01 0.01 0.04 0.09 0.13 0.20 0.09 0.18 0.10 0.18 2.69 1.35 0.53 0.61 0.06 0.04 0.12 0.26 0.09 0.08 0.14 0.15 2.70 2.69 0.46 1.27 0.41 0.05 0.41 0.95 0.38 0.13 0.11 0.13 2.70 2.69 1.86 2.77 2.22 0.39 2.56 2.03 0.66 0.20 0.12 0.15 2.70 2.70 1.28 2.77 1.99 1.93 2.38 0.74 0.21 0.12 0.16 2.70 2.70 0.59 0.83 0.46 1.94 2.77 0.82 0.22 0.14 0.17 2.69 2.73 0.06 0.07 0.03 0.25 1.40 0.44 1.49 0.96 0.09 0.18 2.70 2.69 0.04 0.04 0.01 0.05 0.56 0.55 2.53 2.21 0.48 0.22 2.69 2.72 0.07 0.04 0.01 0.03 0.14 1.53

I got: 2.36 2.03 0.69 2.72 2.71 0.19 0.04 0.01 0.04 0.14 1.50 2.77 1.14 1.30 2.72 2.70 0.15 0.04 0.01 0.02 0.05 0.66 0.85 0.33 0.55 2.46 2.77 2.70 0.31 0.05 0.01 0.03 0.07 0.49 0.44 0.11 0.24 0.32 0.29 0.23 0.03 0.06 0.01 0.02 0.16 0.18 0.10 0.07 0.10 0.41 1.24 0.55 2.70 0.44 0.04 0.12 0.07 0.15 0.05 0.04 0.07 0.22 0.47 1.59 2.72 2.72 0.28 0.58 0.38 0.14 0.04 0.02 0.12 0.30 0.60 1.75 2.60 2.69 1.98 2.77 1.30 0.27 0.06 0.05 0.01 0.01 0.05 0.04 0.01 0.06 0.01 0.04 0.01 0.01 0.04 0.08 0.13 0.20 0.09 0.18 0.10 0.18 2.70 1.35 0.53 0.61 0.06 0.04 0.12 0.27 0.09 0.08 0.14 0.15 2.69 2.69 0.46 1.27 0.41 0.05 0.41 0.95 0.38 0.14 0.11 0.13 2.71 2.70 1.86 2.77 2.22 0.39 2.56 2.03 0.66 0.20 0.12 0.15 2.71 2.69 1.29 2.77 1.98 1.93 2.37 0.74 0.21 0.12 0.16 2.69 2.70 0.59 0.83 0.46 1.94 2.77 0.83 0.22 0.14 0.17 2.70 2.70 0.05 0.07 0.03 0.25 1.40 0.44 1.49 0.96 0.09 0.18 2.69 2.70 0.04 0.04 0.01 0.05 0.56 0.55 2.53 2.21 0.48 0.22 2.70 2.69 0.07 0.04 0.01 0.04 0.15 1.53

I got: 2.35 2.03 0.69 2.72 2.70 0.19 0.04 0.01 0.03 0.14 1.50 2.77 1.14 1.30 2.70 2.69 0.15 0.04 0.01 0.02 0.05 0.65 0.85 0.34 0.55 2.46 2.77 2.69 0.31 0.05 0.01 0.03 0.07 0.49 0.44 0.11 0.24 0.32 0.28 0.24 0.03 0.06 0.01 0.02 0.16 0.18 0.10 0.07 0.10 0.40 1.24 0.55 2.71 0.44 0.04 0.12 0.07 0.15 0.05 0.03 0.07 0.22 0.47 1.59 2.70 2.72 0.28 0.58 0.38 0.14 0.04 0.03 0.11 0.30 0.60 1.75 2.60 2.71 1.98 2.77 1.30 0.26 0.06 0.04 0.01 0.01 0.05 0.07 0.01 0.04 0.01 0.04 0.01 0.01 0.08 0.07 0.13 0.19 0.09 0.18 0.09 0.18 2.70 1.35 0.53 0.61 0.06 0.04 0.12 0.26 0.09 0.08 0.14 0.15 2.69 2.70 0.46 1.27 0.41 0.05 0.42 0.95 0.38 0.13 0.11 0.13 2.74 2.71 1.86 2.77 2.22 0.40 2.55 2.02 0.66 0.20 0.12 0.15 2.73 2.70 1.29 2.77 1.98 1.93 2.37 0.74 0.21 0.13 0.16 2.70 2.72 0.59 0.83 0.46 1.94 2.77 0.83 0.22 0.14 0.17 2.69 2.69 0.06 0.07 0.03 0.25 1.40 0.44 1.49 0.96 0.08 0.18 2.70 2.69 0.04 0.04 0.01 0.05 0.56 0.55 2.53 2.21 0.48 0.22 2.69 2.70 0.07 0.04 0.01 0.03 0.14 1.53

I got: 2.36 2.03 0.69 2.70 2.71 0.19 0.04 0.01 0.03 0.14 1.50 2.77 1.13 1.30 2.70 2.70 0.15 0.04 0.01 0.02 0.05 0.66 0.85 0.33 0.56 2.46 2.77 2.70 0.31 0.05 0.01 0.03 0.07 0.49 0.44 0.12 0.24 0.32 0.28 0.23 0.03 0.06 0.01 0.02 0.16 0.18 0.10 0.06 0.10 0.40 1.24 0.55 2.69 0.44 0.04 0.12 0.07 0.15 0.05 0.03 0.07 0.22 0.47 1.59 2.73 2.73 0.28 0.58 0.38 0.14 0.04 0.03 0.12 0.31 0.60 1.75 2.60 2.70 1.98 2.77 1.30 0.27 0.06 0.04 0.01 0.01 0.04 0.07 0.01 0.05 0.01 0.05 0.01 0.01 0.07 0.05 0.13 0.19 0.09 0.19 0.09 0.18 2.71 1.35 0.53 0.61 0.06 0.04 0.12 0.26 0.09 0.08 0.14 0.15 2.70 2.69 0.46 1.27 0.41 0.05 0.41 0.95 0.38 0.13 0.11 0.13 2.71 2.70 1.86 2.77 2.21 0.39 2.55 2.02 0.66 0.20 0.12 0.15 2.71 2.69 1.29 2.77 1.98 1.94 2.37 0.74 0.21 0.12 0.16 2.69 2.70 0.59 0.83 0.46 1.94 2.77 0.83 0.22 0.14 0.17 2.70 2.69 0.06 0.07 0.03 0.25 1.40 0.44 1.49 0.96 0.09 0.18 2.69 2.70 0.04 0.04 0.01 0.05 0.56 0.55 2.54 2.22 0.48 0.22 2.70 2.70 0.07 0.04 0.01 0.03 0.14 1.53

I got: 2.35 2.03 0.69 2.72 2.69 0.19 0.04 0.01 0.03 0.14 1.50 2.77 1.13 1.30 2.69 2.69 0.15 0.04 0.01 0.02 0.05 0.65 0.85 0.33 0.56 2.46 2.77 2.69 0.31 0.05 0.01 0.03 0.07 0.49 0.44 0.11 0.24 0.32 0.28 0.24 0.03 0.06 0.01 0.02 0.16 0.18 0.10 0.06 0.10 0.40 1.24 0.55 2.70 0.44 0.04 0.13 0.07 0.15 0.05 0.04 0.08 0.23 0.47 1.59 2.72 2.71 0.28 0.58 0.38 0.14 0.03 0.03 0.12 0.31 0.60 1.75 2.60 2.71 1.98 2.77 1.30 0.27 0.06 0.04 0.01 0.01 0.05 0.05 0.01 0.05 0.01 0.05 0.01 0.01 0.04 0.05 0.13 0.19 0.09 0.18 0.10 0.18 2.71 1.35 0.53 0.61 0.05 0.04 0.12 0.27 0.09 0.08 0.14 0.15 2.69 2.70 0.46 1.27 0.41 0.05 0.41 0.95 0.38 0.13 0.11 0.13 2.72 2.70 1.86 2.77 2.21 0.39 2.55 2.03 0.66 0.20 0.12 0.15 2.69 2.69 1.29 2.77 1.98 1.93 2.37 0.74 0.21 0.13 0.16 2.69 2.70 0.59 0.83 0.46 1.94 2.77 0.83 0.22 0.14 0.17 2.69 2.70 0.06 0.07 0.03 0.25 1.40 0.44 1.47 0.96 0.09 0.18 2.69 2.70 0.04 0.04 0.01 0.05 0.56 0.55 2.53 2.21 0.48 0.22 2.70 2.69 0.07 0.04 0.01 0.03 0.15 1.53

I got: 2.36 2.03 0.70 2.72 2.70 0.19 0.04 0.01 0.03 0.14 1.50 2.77 1.13 1.30 2.71 2.69 0.15 0.04 0.01 0.03 0.05 0.66 0.85 0.33 0.55 2.46 2.77 2.70 0.31 0.05 0.01 0.03 0.07 0.50 0.44 0.12 0.23 0.32 0.28 0.24 0.03 0.06 0.01 0.02 0.16 0.18 0.10 0.07 0.10 0.40 1.24 0.55 2.69 0.44 0.04 0.12 0.07 0.15 0.05 0.04 0.07 0.22 0.47 1.59 2.70 2.73 0.28 0.58 0.39 0.14 0.04 0.03 0.12 0.30 0.60 1.75 2.60 2.70 1.98 2.77 1.30 0.27 0.06 0.04 0.01 0.01 52.50 0.05 0.01 0.07 0.01 0.05 0.01 0.01 0.06 0.09 0.13 0.19 0.09 0.18 0.10 0.18 2.69 1.35 0.53 0.61 0.06 0.04 0.12 0.26 0.09 0.08 0.14 0.15 2.70 2.69 0.46 1.27 0.41 0.05 0.41 0.95 0.38 0.14 0.11 0.13 2.70 2.71 1.86 2.77 2.21 0.39 2.55 2.03 0.66 0.20 0.12 0.15 2.69 2.70 1.29 2.77 1.98 1.93 2.38 0.74 0.21 0.12 0.16 2.70 2.69 0.59 0.83 0.46 1.94 2.77 0.83 0.22 0.14 0.17 2.69 2.69 0.06 0.07 0.03 0.25 1.40 0.44 1.51 0.96 0.08 0.18 2.70 2.69 0.04 0.04 0.01 0.05 0.56 0.55 2.53 2.22 0.48 0.22 2.69 2.70 0.07 0.04 0.01 0.03 0.14 1.53

I got: 2.36 2.03 0.70 2.70 2.71 0.19 0.04 0.01 0.03 0.14 1.50 2.77 1.13 1.30 2.72 2.71 0.15 0.04 0.01 0.03 0.05 0.65 0.85 0.33 0.56 2.46 2.77 2.71 0.31 0.05 0.01 0.03 0.07 0.49 0.44 0.12 0.24 0.33 0.28 0.24 0.03 0.06 0.01 0.02 0.16 0.18 0.10 0.07 0.10 0.40 1.24 0.55 2.70 0.44 0.04 0.12 0.07 0.15 0.05 0.04 0.07 0.22 0.47 1.59 2.77 2.72 0.28 0.58 0.38 0.14 0.04 0.03 0.11 0.30 0.60 1.75 2.60 2.72 1.98 2.77 1.30 0.27 0.06 0.04 0.01 0.01 0.04 0.04 0.01 0.08 0.01 0.04 0.01 0.01 0.05 0.08 0.13 0.20 0.09 0.18 0.09 0.18 2.71 1.35 0.53 0.61 0.06 0.05 0.12 0.26 0.09 0.08 0.14 0.15 2.69 2.70 0.46 1.26 0.41 0.05 0.41 0.95 0.38 0.13 0.11 0.13 2.70 2.70 1.86 2.77 2.21 0.39 2.55 2.02 0.66 0.20 0.12 0.15 2.69 2.69 1.29 2.77 1.98 1.93 2.37 0.74 0.21 0.12 0.16 2.70 2.70 0.59 0.83 0.46 1.94 2.77 0.82 0.22 0.14 0.17 2.69 2.70 0.06 0.07 0.03 0.25 1.40 0.44 1.49 0.96 0.09 0.18 2.69 2.70 0.04 0.04 0.01 0.05 0.56 0.54 2.53 2.22 0.48 0.22 2.70 2.69 0.07 0.04 0.01 0.03 0.14 1.53

I got: 2.35 2.03 0.70 2.71 2.70 0.19 0.04 0.01 0.03 0.14 1.50 2.77 1.13 1.30 2.71 2.70 0.15 0.04 0.01 0.02 0.05 0.65 0.85 0.33 0.56 2.46 2.77 2.69 0.31 0.05 0.01 0.03 0.07 0.49 0.44 0.11 0.24 0.32 0.28 0.24 0.03 0.06 0.01 0.02 0.16 0.18 0.10 0.06 0.10 0.40 1.24 0.54 2.70 0.44 0.04 0.12 0.07 0.15 0.05 0.04 0.07 0.23 0.47 1.59 2.69 2.72 0.28 0.58 0.38 0.14 0.03 0.03 0.11 0.31 0.60 1.75 2.60 2.70 1.98 2.77 1.30 0.27 0.06 0.04 0.01 0.02 0.04 0.04 0.01 0.05 0.01 0.06 0.01 0.01 0.05 0.05 0.13 0.19 0.09 0.19 0.10 0.18 2.69 1.35 0.53 0.61 0.05 0.04 0.12 0.27 0.09 0.08 0.14 0.15 2.70 2.70 0.46 1.26 0.40 0.06 0.41 0.95 0.38 0.13 0.11 0.13 2.70 2.70 1.86 2.77 2.21 0.39 2.55 2.02 0.66 0.20 0.12 0.15 2.69 2.70 1.29 2.77 1.98 1.93 2.37 0.74 0.21 0.12 0.16 2.70 2.69 0.59 0.83 0.46 1.94 2.77 0.82 0.22 0.14 0.17 2.69 2.68 0.06 0.07 0.03 0.25 1.39 0.44 1.51 0.96 0.09 0.18 2.70 2.69 0.04 0.04 0.01 0.05 0.56 0.54 2.54 2.22 0.48 0.22 2.69 2.70 0.07 0.04 0.01 0.03 0.14 1.54

I got: 2.35 2.03 0.70 2.69 2.76 0.19 0.04 0.01 0.03 0.14 1.50 2.77 1.14 1.30 2.72 2.77 0.15 0.04 0.01 0.02 0.05 0.66 0.85 0.33 0.55 2.46 2.77 2.75 0.31 0.05 0.01 0.03 0.07 0.49 0.44 0.11 0.24 0.32 0.28 0.24 0.03 0.06 0.01 0.02 0.17 0.18 0.10 0.06 0.10 0.40 1.24 0.54 2.72 0.44 0.04 0.12 0.07 0.15 0.05 0.04 0.08 0.22 0.47 1.59 2.75 2.73 0.28 0.58 0.38 0.14 0.03 0.03 0.12 0.31 0.60 1.74 2.60 2.69 1.98 2.77 1.30 0.27 0.06 0.04 0.01 0.01 0.04 0.04 0.01 0.04 0.01 0.04 0.01 0.01 0.05 0.06 0.13 0.19 0.09 0.19 0.09 0.18 2.70 1.35 0.53 0.61 0.05 0.04 0.12 0.28 0.09 0.08 0.14 0.15 2.70 2.69 0.46 1.26 0.40 0.06 0.41 0.95 0.38 0.13 0.12 0.14 2.71 2.70 1.86 2.77 2.21 0.40 2.55 2.02 0.66 0.20 0.12 0.15 2.70 2.70 1.29 2.77 1.98 1.93 2.37 0.74 0.21 0.13 0.16 2.70 2.70 0.59 0.83 0.45 1.94 2.77 0.82 0.22 0.14 0.17 2.69 2.69 0.06 0.07 0.03 0.24 1.40 0.44 1.49 0.96 0.09 0.18 2.70 2.70 0.04 0.04 0.01 0.05 0.56 0.54 2.53 2.22 0.48 0.22 2.70 2.70 0.07 0.04 0.01 0.03 0.14 1.53

I got: 2.35 2.03 0.69 2.71 2.70 0.19 0.04 0.01 0.03 0.14 1.50 2.77 1.14 1.30 2.70 2.71 0.15 0.04 0.01 0.02 0.05 0.66 0.85 0.33 0.55 2.46 2.77 2.70 0.31 0.05 0.01 0.03 0.07 0.49 0.44 0.11 0.23 0.32 0.28 0.24 0.03 0.06 0.01 0.02 0.16 0.18 0.10 0.06 0.10 0.40 1.24 0.55 2.70 0.44 0.05 0.12 0.06 0.15 0.05 0.04 0.07 0.22 0.47 1.59 2.72 2.72 0.28 0.58 0.38 0.14 0.03 0.03 0.12 0.31 0.60 1.75 2.60 2.70 1.98 2.77 1.29 0.27 0.06 0.04 0.01 0.01 0.05 0.06 0.01 0.04 0.01 0.05 0.01 0.01 0.05 0.05 0.13 0.19 0.09 0.18 0.09 0.18 2.71 1.35 0.53 0.61 0.05 0.04 0.12 0.28 0.09 0.08 0.14 0.15 2.69 2.70 0.46 1.26 0.41 0.05 0.41 0.95 0.38 0.13 0.11 0.13 2.71 2.71 1.86 2.77 2.21 0.39 2.55 2.02 0.66 0.20 0.12 0.15 2.70 2.70 1.29 2.77 1.98 1.93 2.37 0.74 0.21 0.12 0.16 2.69 2.70 0.59 0.82 0.46 1.94 2.77 0.83 0.22 0.14 0.17 2.74 2.70 0.06 0.07 0.03 0.24 1.39 0.43 1.49 0.96 0.08 0.18 2.70 2.69 0.04 0.04 0.01 0.05 0.56 0.55 2.53 2.21 0.48 0.22 2.73 2.70 0.07 0.04 0.01 0.03 0.14 1.53

I got: 2.36 2.03 0.69 2.69 2.73 0.19 0.04 0.01 0.03 0.14 1.50 2.77 1.13 1.30 2.72 2.69 0.15 0.04 0.01 0.02 0.05 0.66 0.85 0.33 0.55 2.46 2.77 2.71 0.31 0.05 0.01 0.03 0.07 0.49 0.44 0.12 0.24 0.32 0.28 0.24 0.03 0.06 0.01 0.02 0.16 0.18 0.10 0.06 0.10 0.40 1.24 0.54 2.69 0.44 0.04 0.12 0.07 0.15 0.05 0.04 0.07 0.22 0.47 1.59 2.73 2.73 0.28 0.58 0.38 0.14 0.03 0.03 0.12 0.31 0.60 1.75 2.60 2.69 1.98 2.77 1.30 0.27 0.06 0.05 0.01 0.01 0.04 0.05 0.01 0.05 0.01 0.04 0.01 0.01 0.06 0.07 0.13 0.19 0.09 0.18 0.09 0.18 2.70 1.35 0.53 0.61 0.06 0.04 0.12 0.27 0.09 0.08 0.14 0.15 2.69 2.69 0.46 1.26 0.40 0.05 0.41 0.95 0.38 0.14 0.11 0.13 2.71 2.69 1.86 2.77 2.21 0.39 2.55 2.03 0.66 0.20 0.12 0.15 2.70 2.70 1.29 2.77 1.98 1.93 2.37 0.74 0.21 0.12 0.16 2.70 2.69 0.59 0.83 0.46 1.94 2.77 0.82 0.22 0.14 0.17 2.70 2.69 0.05 0.07 0.03 0.24 1.39 0.44 1.49 0.96 0.08 0.18 2.69 2.70 0.04 0.04 0.01 0.05 0.56 0.55 2.53 2.22 0.48 0.22 2.70 2.70 0.07 0.04 0.01 0.03 0.14 1.53

I got: 2.36 2.03 0.70 2.72 2.71 0.19 0.04 0.01 0.03 0.14 1.50 2.77 1.14 1.30 2.71 2.72 0.15 0.04 0.01 0.02 0.05 0.65 0.85 0.33 0.55 2.46 2.77 2.70 0.31 0.05 0.01 0.03 0.07 0.50 0.44 0.11 0.23 0.32 0.28 0.24 0.03 0.06 0.01 0.02 0.16 0.18 0.10 0.06 0.10 0.40 1.24 0.55 2.69 0.44 0.04 0.12 0.06 0.15 0.05 0.04 0.08 0.23 0.47 1.59 2.72 2.72 0.28 0.58 0.38 0.14 0.03 0.03 0.12 0.31 0.60 1.75 2.60 2.71 1.98 2.77 1.30 0.27 0.06 0.04 0.01 0.01 0.05 0.04 0.01 0.08 0.01 0.03 0.01 0.01 0.04 0.05 0.13 0.19 0.09 0.18 0.09 0.18 2.71 1.35 0.53 0.61 0.05 0.05 0.12 0.26 0.09 0.08 0.14 0.15 2.69 2.70 0.46 1.26 0.40 0.05 0.41 0.95 0.38 0.13 0.11 0.13 2.71 2.74 1.86 2.77 2.21 0.40 2.55 2.02 0.66 0.20 0.12 0.15 2.70 2.74 1.29 2.77 1.98 1.93 2.38 0.74 0.21 0.12 0.16 2.69 2.70 0.59 0.82 0.46 1.94 2.77 0.82 0.22 0.14 0.17 2.70 2.70 0.06 0.07 0.03 0.24 1.39 0.43 1.46 0.96 0.08 0.18 2.69 2.70 0.04 0.04 0.01 0.05 0.56 0.55 2.53 2.22 0.48 0.22 2.70 2.69 0.07 0.04 0.01 0.03 0.14 1.53

