I got: 2.48 2.38 0.67 2.72 2.69 0.47 0.06 0.01 0.08 0.41 1.84 2.77 1.45 1.48 2.70 2.70 0.32 0.06 0.01 0.09 0.18 0.90 0.86 0.32 0.56 2.64 2.77 2.70 0.53 0.07 0.01 0.09 0.27 0.92 0.52 0.12 0.23 0.34 0.28 0.23 0.07 0.11 0.01 2.75 0.33 0.17 0.09 0.07 0.03 0.61 1.40 0.58 2.69 0.06 0.01 0.07 0.17 0.57 0.20 0.06 0.03 0.42 0.78 1.86 2.71 2.76 0.01 0.08 0.15 0.47 0.18 0.03 0.03 0.56 0.93 1.89 2.67 2.69 0.92 1.34 0.21 0.60 0.22 0.06 0.01 0.02 0.04 0.05 0.01 0.01 0.04 0.01 0.01 0.01 0.01 0.05 2.77 2.77 2.76 2.76 0.26 0.15 2.78 2.76 2.75 0.32 2.41 1.70 0.12 0.42 0.22 0.18 0.15 0.19 2.74 2.69 0.01 0.13 0.62 0.08 0.45 1.17 0.77 0.42 0.11 0.17 2.70 2.73 0.24 1.37 1.64 0.42 2.60 2.19 1.02 0.50 0.10 0.19 2.69 2.70 0.27 1.19 0.97 2.48 2.77 1.64 0.78 0.18 0.29 2.68 2.68 0.41 0.11 2.43 2.77 2.77 0.94 0.37 0.09 0.19 2.69 2.70 0.18 0.08 1.72 1.79 1.59 0.46 1.56 1.04 0.12 0.19 2.70 2.70 0.23 0.07 1.84 1.32 0.75 0.58 2.56 2.36 0.50 0.22 2.69 2.69 0.26 0.07 1.09 1.03 0.34 1.70

I got: 2.50 2.38 0.67 2.72 2.71 0.47 0.06 0.41 0.49 0.41 1.84 2.77 1.45 1.49 2.70 2.71 0.31 0.07 0.30 0.33 0.18 0.90 0.86 0.33 0.57 2.64 2.77 2.70 0.53 0.07 0.01 0.10 0.27 0.92 0.52 0.11 0.23 0.33 0.29 0.23 0.07 0.12 0.01 2.68 0.33 0.17 0.09 0.06 0.03 0.61 1.41 0.57 2.69 0.06 0.01 0.09 0.17 0.56 0.20 0.05 0.03 0.43 0.77 1.86 2.73 2.75 0.01 0.04 0.14 0.47 0.17 0.04 0.03 0.57 0.93 1.89 2.67 2.71 0.92 1.32 0.21 0.60 0.22 0.06 0.01 0.02 0.04 0.04 0.01 0.01 0.05 0.01 0.02 0.01 0.01 0.05 2.76 0.82 2.76 2.77 0.18 0.17 2.73 2.77 2.73 0.31 0.11 0.03 0.12 0.42 0.22 0.18 0.15 0.19 2.68 2.69 0.02 0.11 0.62 0.08 0.45 1.18 0.77 0.42 0.11 0.17 2.70 2.69 0.24 1.38 1.64 0.42 2.62 2.22 1.04 0.51 0.11 0.19 2.70 2.70 0.28 1.22 0.98 2.53 2.77 1.55 0.74 0.17 0.27 2.68 2.68 0.39 0.11 0.01 2.77 2.77 0.94 0.37 0.09 0.19 2.69 2.69 0.18 0.08 0.01 0.11 1.59 0.46 1.57 1.04 0.12 0.19 2.70 2.69 0.23 0.07 0.01 0.10 0.75 0.58 2.56 2.36 0.50 0.22 2.70 2.70 0.26 0.07 0.01 0.09 0.34 1.70

I got: 2.49 2.38 0.67 2.70 2.69 0.47 0.07 0.01 0.09 0.41 1.84 2.77 1.45 1.48 2.71 2.70 0.31 0.06 0.01 0.08 0.17 0.90 0.86 0.33 0.57 2.64 2.77 2.70 0.53 0.07 0.01 0.09 0.26 0.92 0.52 0.12 0.23 0.33 0.28 0.23 0.07 0.11 0.01 0.39 0.35 0.17 0.09 0.06 0.02 0.61 1.40 0.57 2.70 0.06 0.01 0.09 0.17 0.56 0.19 0.05 0.03 0.43 0.77 1.86 2.73 2.78 0.01 0.04 0.14 0.47 0.17 0.04 0.04 0.57 0.93 1.89 2.67 2.72 0.92 1.32 0.21 0.61 0.22 0.05 0.01 0.01 0.04 0.04 0.01 0.01 0.05 0.01 0.01 0.01 0.01 0.06 2.77 2.76 2.75 2.76 0.21 0.16 2.75 2.77 2.73 0.31 0.11 0.04 0.12 0.42 0.22 0.18 0.15 0.19 2.69 2.68 0.02 0.11 0.63 0.07 0.45 1.17 0.78 0.42 0.11 0.17 2.71 2.69 0.23 1.37 1.64 0.42 2.62 2.22 1.04 0.51 0.11 0.19 2.70 2.69 0.27 1.22 1.00 2.53 2.77 1.63 0.77 0.17 0.28 2.69 2.68 0.40 0.11 0.01 2.77 2.76 0.94 0.37 0.09 0.19 2.70 2.69 0.18 0.08 0.01 0.11 1.59 0.46 1.57 1.04 0.12 0.19 2.69 2.70 0.23 0.08 0.01 0.10 0.75 0.58 2.56 2.35 0.50 0.22 2.70 2.69 0.26 0.07 0.01 0.09 0.35 1.70

I got: 2.49 2.38 0.67 2.69 2.70 0.47 0.06 0.01 0.08 0.42 1.84 2.77 1.45 1.49 2.72 2.70 0.32 0.06 0.01 0.08 0.17 0.90 0.86 0.33 0.56 2.64 2.77 2.70 0.53 0.07 0.01 0.09 0.27 0.93 0.52 0.12 0.23 0.34 0.28 0.23 0.07 0.11 0.01 0.14 0.32 0.18 0.09 0.06 0.02 0.61 1.40 0.57 2.70 0.07 0.01 0.08 0.17 0.56 0.19 0.05 0.03 0.42 0.77 1.86 2.73 2.74 0.01 0.04 0.14 0.47 0.17 0.04 0.03 0.56 0.93 1.89 2.67 2.70 0.92 1.33 0.21 0.61 0.21 0.05 0.01 0.01 0.07 0.06 0.01 0.01 0.04 0.01 52.81 0.02 0.01 0.04 2.77 2.45 2.76 2.77 0.18 0.16 2.74 2.78 2.72 0.31 0.11 0.04 0.12 0.41 0.22 0.18 0.15 0.19 2.70 2.69 0.02 0.11 0.62 0.07 0.45 1.17 0.78 0.42 0.11 0.17 2.69 2.70 0.24 1.37 1.64 0.43 2.62 2.22 1.03 0.51 0.10 0.19 2.69 2.70 0.27 1.22 0.99 2.52 2.77 1.59 0.76 0.17 0.28 2.69 2.68 0.40 0.11 0.01 2.77 2.77 0.94 0.37 0.09 0.19 2.69 2.70 0.18 0.08 0.01 0.10 1.60 0.46 1.58 1.04 0.12 0.19 2.70 2.69 0.23 0.07 0.01 0.11 0.75 0.58 2.57 2.37 0.50 0.23 2.70 2.70 0.26 0.07 0.01 0.10 0.34 1.70

I got: 2.49 2.38 0.67 2.76 2.69 0.47 0.07 0.01 0.09 0.42 1.84 2.77 1.45 1.48 2.74 2.70 0.31 0.06 0.01 0.09 0.18 0.90 0.86 0.34 0.56 2.64 2.77 2.69 0.53 0.07 0.01 0.09 0.26 0.92 0.52 0.11 0.23 0.33 0.28 0.23 0.07 0.12 0.01 2.43 0.33 0.17 0.09 0.07 0.03 0.62 1.41 0.57 2.70 0.06 0.01 0.09 0.17 0.56 0.19 0.05 0.03 0.42 0.77 1.85 2.73 2.76 0.01 0.04 0.14 0.47 0.17 0.04 0.03 0.57 0.93 1.89 2.67 2.71 0.92 1.33 0.21 0.60 0.21 0.05 0.01 0.01 0.04 0.04 0.01 0.01 0.01 0.01 0.01 0.01 0.01 0.06 2.77 2.77 2.75 2.78 0.20 0.16 2.72 2.76 2.73 0.31 0.11 0.03 0.12 0.42 0.21 0.18 0.15 0.19 2.69 2.69 0.01 0.12 0.62 0.08 0.45 1.18 0.77 0.42 0.11 0.17 2.71 2.69 0.24 1.37 1.64 0.42 2.61 2.20 1.03 0.51 0.10 0.19 2.69 2.69 0.27 1.21 0.99 2.52 2.77 1.65 0.78 0.18 0.29 2.68 2.67 0.41 0.12 0.01 2.77 2.76 0.94 0.37 0.09 0.19 2.69 2.69 0.18 0.08 0.01 2.76 1.60 0.46 1.58 1.04 0.12 0.19 2.69 2.70 0.23 0.07 0.01 0.07 1.05 0.58 2.56 2.36 0.50 0.23 2.70 2.69 0.26 0.07 0.01 0.09 0.29 1.70

I got: 2.49 2.38 0.67 2.69 51.53 0.47 0.07 0.01 0.05 0.41 1.84 2.77 1.45 1.49 2.70 2.71 0.31 0.06 0.01 0.09 0.17 0.90 0.85 0.33 0.57 2.64 2.77 2.71 0.53 0.07 0.01 0.09 0.26 0.92 0.52 0.12 0.23 0.35 0.28 0.23 0.07 0.11 0.01 2.30 0.33 0.17 0.09 0.06 0.02 0.61 1.40 0.57 2.69 0.06 0.01 0.10 0.17 0.56 0.19 0.04 0.03 0.42 0.77 1.85 2.73 2.76 0.01 0.05 0.14 0.47 0.17 0.03 0.04 0.57 0.93 1.89 2.67 2.70 0.92 1.33 0.21 0.61 0.21 0.05 0.01 0.03 0.05 0.04 0.01 0.01 0.01 0.01 0.01 0.01 0.01 0.04 2.78 2.77 2.73 2.78 0.29 0.16 2.73 2.77 2.74 0.32 0.99 0.05 0.12 0.41 0.21 0.18 0.15 0.19 2.69 2.68 0.02 0.12 0.62 0.07 0.45 1.18 0.77 0.42 0.11 0.17 2.69 2.70 0.24 1.37 1.64 0.42 2.62 2.21 1.03 0.51 0.10 0.19 2.69 2.70 0.27 1.22 1.00 2.52 2.77 1.64 0.78 0.18 0.29 2.69 2.69 0.41 0.11 0.01 2.77 2.76 0.94 0.37 0.09 0.19 2.69 2.73 0.18 0.08 0.01 0.10 1.59 0.46 1.59 1.04 0.12 0.19 2.70 2.69 0.23 0.07 0.01 0.10 0.75 0.58 2.56 2.36 0.50 0.23 2.69 2.74 0.26 0.07 0.01 0.10 0.34 1.70

I got: 2.49 2.38 0.67 2.73 2.71 0.47 0.06 0.01 0.08 0.41 1.84 2.77 1.44 1.48 2.70 2.71 0.31 0.06 0.01 0.09 0.17 0.89 0.85 0.33 0.57 2.64 2.77 2.70 0.53 0.07 0.02 0.09 0.27 0.92 0.52 0.12 0.23 0.34 0.29 0.23 0.08 0.11 0.01 0.13 0.32 0.18 0.09 0.06 0.03 0.61 1.40 0.57 2.70 0.07 0.01 0.08 0.17 0.56 0.19 0.04 0.03 0.43 0.77 1.85 2.73 2.75 0.01 0.05 0.14 0.47 0.17 0.04 0.04 0.57 0.93 1.89 2.67 2.70 0.92 1.32 0.21 0.60 0.22 0.05 0.01 0.01 0.04 0.04 0.01 0.01 0.01 0.04 0.01 0.01 0.01 0.03 2.77 2.57 2.75 2.77 0.18 0.16 2.71 2.77 2.73 0.31 0.11 0.04 0.12 0.42 0.21 0.18 0.16 0.19 2.69 2.69 0.01 0.11 0.62 0.08 0.45 1.17 0.77 0.42 0.11 0.17 2.70 2.70 0.24 1.37 1.64 0.42 2.61 2.20 1.03 0.51 0.10 0.19 2.70 2.69 0.27 1.21 0.98 2.51 2.77 1.57 0.74 0.17 0.28 2.69 2.67 0.39 0.11 0.01 2.77 2.77 0.94 0.37 0.09 0.19 2.69 2.69 0.18 0.08 0.01 0.10 1.58 0.46 1.55 1.04 0.12 0.19 2.69 2.69 0.23 0.08 0.01 0.11 0.77 0.58 2.56 2.36 0.50 0.22 2.70 2.70 0.26 0.07 0.01 0.10 0.34 1.70

I got: 2.49 2.38 0.67 2.72 2.69 0.47 0.06 0.01 0.09 0.42 1.84 2.77 1.44 1.48 2.71 2.70 0.32 0.06 0.01 0.08 0.18 0.90 0.86 0.33 0.56 2.64 2.77 2.69 0.53 0.07 0.01 0.09 0.26 0.93 0.52 0.12 0.23 0.33 0.28 0.23 0.08 0.11 0.01 0.14 0.34 0.17 0.09 0.06 0.03 0.62 1.40 0.57 2.71 0.07 0.01 0.09 0.17 0.56 0.20 0.04 0.03 0.42 0.77 1.85 2.71 2.75 0.01 0.05 0.14 0.48 0.17 0.03 0.03 0.56 0.93 1.89 2.67 2.70 0.92 1.32 0.23 0.61 0.21 0.05 0.01 0.01 0.07 0.06 0.01 0.01 0.01 0.04 0.04 0.02 0.01 0.04 2.77 1.98 2.75 2.77 0.17 0.16 2.71 2.77 2.74 0.30 0.11 0.03 0.12 0.41 0.21 0.17 0.16 0.19 2.69 2.68 0.01 0.12 0.61 0.08 0.45 1.18 0.77 0.42 0.11 0.17 2.73 2.70 0.24 1.39 1.67 0.42 2.59 2.17 1.01 0.50 0.10 0.19 2.75 2.70 0.27 1.19 0.97 2.49 2.77 1.57 0.75 0.17 0.28 2.68 2.72 0.39 0.11 0.01 2.77 2.77 0.94 0.37 0.09 0.19 2.69 2.70 0.18 0.08 0.01 0.11 1.59 0.47 1.57 1.05 0.12 0.19 2.70 2.69 0.23 0.08 0.01 0.10 0.75 0.58 2.55 2.38 0.50 0.23 2.69 2.70 0.26 0.07 0.01 0.11 0.34 1.70

I got: 2.49 2.38 0.67 2.72 2.70 0.47 0.07 0.01 0.08 0.41 1.85 2.77 1.46 1.48 2.70 2.70 0.32 0.07 0.01 0.09 0.17 0.90 0.86 0.33 0.57 2.64 2.77 2.69 0.53 0.07 0.01 0.09 0.26 0.93 0.52 0.12 0.23 0.34 0.28 0.23 0.08 0.12 0.02 0.13 0.32 0.18 0.09 0.07 0.02 0.62 1.40 0.57 2.70 0.07 0.01 0.09 0.17 0.56 0.20 0.05 0.03 0.42 0.77 1.85 2.72 2.75 0.01 0.05 0.14 0.47 0.18 0.03 0.03 0.56 0.93 1.89 2.67 2.71 0.92 1.34 0.19 0.61 0.22 0.06 0.01 0.01 0.05 0.04 0.01 0.01 0.01 0.04 0.01 0.01 0.01 0.08 2.77 2.76 2.74 2.77 0.17 0.16 2.73 2.76 2.73 0.31 0.11 0.04 0.13 0.41 0.21 0.17 0.16 0.19 2.68 2.69 0.01 0.13 0.61 0.07 0.45 1.17 0.78 0.42 0.11 0.17 2.70 2.70 0.24 1.37 1.64 0.42 2.55 2.11 0.99 0.49 0.10 0.18 2.70 2.70 0.26 1.16 0.95 2.46 2.77 1.63 0.77 0.17 0.29 2.68 2.68 0.41 0.11 0.02 2.77 2.76 0.94 0.37 0.09 0.19 2.70 2.69 0.18 0.08 0.02 0.12 1.58 0.46 1.57 1.05 0.12 0.19 2.69 2.70 0.23 0.08 0.02 0.12 0.75 0.58 2.55 2.36 0.50 0.23 2.70 2.70 0.26 0.07 0.02 0.11 0.34 1.70

I got: 2.50 2.38 0.67 2.70 2.70 0.47 0.07 0.02 0.10 0.41 1.84 2.77 1.45 1.48 2.71 2.69 0.32 0.07 0.02 0.10 0.17 0.90 0.85 0.33 0.56 2.64 2.77 2.70 0.53 0.07 0.02 0.11 0.26 0.92 0.52 0.11 0.23 0.34 0.28 0.23 0.07 0.12 0.06 0.17 0.31 0.18 0.09 0.06 0.02 0.62 1.40 0.57 2.70 0.06 0.04 0.12 0.16 0.56 0.19 0.05 0.03 0.43 0.77 1.85 2.72 2.75 0.04 0.08 0.14 0.47 0.17 0.04 0.03 0.56 0.93 1.89 2.67 2.70 0.92 2.00 0.20 0.61 0.22 0.05 0.01 0.01 0.14 0.15 0.01 0.01 0.46 0.27 0.06 0.01 0.12 0.11 0.08 0.26 1.41 0.36 0.15 0.17 2.72 2.72 2.77 0.30 0.10 0.04 0.13 0.41 0.20 0.17 0.16 0.19 2.69 2.72 0.55 0.76 0.61 0.07 0.45 1.17 0.78 0.42 0.11 0.17 2.73 2.70 0.24 1.40 1.65 0.42 1.85 1.36 0.67 0.32 0.07 0.13 2.72 2.70 0.19 0.85 0.67 2.22 2.77 1.52 0.72 0.16 0.27 2.70 2.69 0.38 0.11 0.03 2.77 2.76 0.94 0.37 0.09 0.19 2.69 2.70 0.18 0.08 0.01 0.10 1.58 0.46 1.56 1.05 0.12 0.19 2.70 2.70 0.23 0.07 0.01 0.09 0.75 0.58 2.55 2.36 0.50 0.23 2.70 2.69 0.26 0.07 0.01 0.08 0.33 1.70

I got: 2.49 2.38 0.67 2.70 2.71 0.47 0.06 0.01 0.10 0.41 1.84 2.77 1.45 1.48 2.70 2.70 0.31 0.06 0.01 0.08 0.17 0.90 0.85 0.33 0.56 2.64 2.77 2.70 0.53 0.07 0.01 0.09 0.27 0.92 0.52 0.11 0.23 0.33 0.28 0.23 0.08 0.11 0.01 0.13 0.32 0.19 0.09 0.06 0.03 0.61 1.40 0.57 2.70 0.07 0.01 0.08 0.16 0.56 0.19 0.04 0.03 0.42 0.77 1.85 2.73 2.75 0.01 0.04 0.14 0.47 0.17 0.04 0.03 0.56 0.93 1.89 2.67 2.70 0.92 1.32 0.20 0.61 0.21 0.05 0.01 0.01 0.05 0.06 0.01 0.01 0.01 0.04 0.01 0.02 0.01 0.04 2.77 2.77 2.74 2.76 0.17 0.16 2.73 2.72 2.72 0.31 0.10 0.04 0.12 0.41 0.20 0.18 0.16 0.19 2.70 2.68 0.01 0.11 0.61 0.07 0.45 1.17 0.78 0.42 0.11 0.17 2.69 2.70 0.24 1.38 1.64 0.42 2.62 2.21 1.03 0.51 0.10 0.19 2.70 2.70 0.27 1.22 0.99 2.52 2.77 1.58 0.75 0.17 0.28 2.68 2.67 0.39 0.11 0.01 2.77 2.77 0.94 0.37 0.09 0.19 2.69 2.69 0.18 0.08 0.01 0.10 1.58 0.46 1.59 1.05 0.12 0.19 2.70 2.69 0.23 0.07 0.01 0.09 0.75 0.58 2.56 2.37 0.50 0.23 2.70 2.70 0.26 0.07 0.01 0.09 0.34 1.70

I got: 2.49 2.38 0.67 2.72 2.69 0.47 0.07 0.01 0.08 0.41 1.85 2.77 1.45 1.48 2.69 2.70 51.53 0.06 0.01 0.09 0.17 0.90 0.85 0.33 0.57 2.64 2.77 2.69 0.53 0.07 0.01 0.09 0.26 0.92 0.52 0.12 0.24 0.34 0.28 0.23 0.08 0.11 0.01 0.14 0.33 0.18 0.09 0.06 0.02 0.61 1.40 0.57 2.72 0.06 0.01 0.09 0.17 0.56 0.19 0.04 0.03 0.43 0.77 1.85 2.76 2.76 0.01 0.05 0.14 0.47 0.17 0.04 0.03 0.56 0.93 1.89 2.67 2.74 0.92 1.33 0.21 0.60 0.22 0.05 0.01 0.01 0.04 0.04 0.01 0.01 0.01 0.05 0.01 0.01 0.01 0.04 2.76 2.77 2.74 2.77 0.23 0.15 2.71 2.77 2.76 0.31 0.23 0.03 0.13 0.41 0.21 0.17 0.15 0.19 2.68 2.69 0.01 0.13 0.61 0.07 0.45 1.18 0.78 0.42 0.11 0.17 2.70 2.69 0.24 1.37 1.65 0.42 2.61 2.20 1.03 0.51 0.10 0.19 2.69 2.69 0.27 1.21 0.99 2.51 2.77 1.64 0.78 0.17 0.29 2.68 2.68 0.41 0.12 0.01 2.77 2.77 0.94 0.37 0.09 0.19 2.69 2.69 0.18 0.08 0.01 0.11 1.58 0.46 1.58 1.05 0.12 0.19 2.70 2.70 0.23 0.07 0.01 0.11 0.75 0.58 2.56 2.36 0.50 0.23 2.69 2.69 0.26 0.07 0.01 0.10 0.34 1.70

I got: 2.49 2.38 0.67 2.70 2.71 0.47 0.07 0.02 0.09 0.41 1.84 2.77 1.45 1.48 2.70 2.71 0.32 0.07 0.01 0.09 0.17 0.90 0.85 0.33 0.57 2.64 2.77 2.71 0.53 0.07 0.01 0.10 0.26 0.92 0.52 0.12 0.24 0.34 0.28 0.23 0.07 0.11 0.01 0.16 0.34 0.18 0.09 0.06 0.02 0.61 1.40 0.57 2.70 0.06 0.01 0.09 0.17 0.56 0.19 0.04 0.03 0.42 0.77 1.85 2.73 2.76 0.01 0.05 0.14 0.47 0.17 0.03 0.03 0.57 0.93 1.89 2.67 2.69 0.92 1.33 0.21 0.61 0.21 0.06 0.01 0.02 0.06 0.04 0.01 0.01 0.01 0.05 0.01 0.01 0.01 0.05 2.78 2.77 2.76 2.77 2.15 0.15 2.72 2.77 2.75 1.82 2.59 1.94 0.12 0.41 0.21 0.17 0.16 0.19 2.69 2.68 0.01 0.13 0.61 0.07 0.45 1.18 0.77 0.42 0.11 0.17 2.69 2.70 0.24 1.37 1.65 0.42 2.58 2.17 1.01 0.50 0.10 0.19 2.70 2.69 0.27 1.20 0.98 2.50 2.77 1.65 0.78 0.17 0.29 2.69 2.68 0.41 0.12 0.01 2.77 2.76 0.94 0.37 0.09 0.19 2.70 2.70 0.18 0.08 0.01 0.11 1.58 0.46 1.59 1.05 0.12 0.19 2.70 2.69 0.23 0.07 0.01 0.10 0.75 0.58 2.57 2.37 0.50 0.23 2.70 2.70 0.26 0.07 0.01 0.09 0.34 1.70

I got: 2.49 2.38 0.67 2.72 2.74 0.47 0.07 0.01 0.08 0.41 1.84 2.77 1.45 1.48 2.70 2.74 0.31 0.06 0.01 0.08 0.17 0.90 0.85 0.33 0.56 2.64 2.77 2.73 0.53 0.07 0.01 0.09 0.26 0.93 0.52 0.11 0.23 0.34 0.29 0.23 0.08 0.12 0.01 0.14 0.32 0.18 0.09 0.07 0.02 0.62 1.40 0.57 2.74 0.07 0.01 0.09 0.16 0.56 0.19 0.05 0.03 0.42 0.77 1.85 2.74 2.75 0.01 0.06 0.15 0.47 0.17 0.03 0.03 0.56 0.93 1.89 2.67 2.71 0.92 1.33 0.21 0.61 0.21 0.06 0.01 0.01 0.04 0.07 0.01 0.01 0.04 0.05 0.01 0.01 0.01 52.81 2.77 2.77 2.75 2.78 0.18 0.16 2.74 2.78 2.74 0.30 0.11 0.03 0.12 0.41 0.20 0.17 0.16 0.19 2.68 2.69 0.07 0.18 0.61 0.07 0.45 1.17 0.77 0.42 0.11 0.17 2.70 2.70 0.24 1.37 1.64 0.42 2.03 1.28 0.53 0.27 0.06 0.10 2.73 2.73 0.15 0.64 0.56 1.56 2.77 1.56 0.74 0.16 0.28 2.70 2.68 0.39 0.11 0.36 2.77 2.77 0.94 0.37 0.09 0.19 2.70 2.69 0.18 0.08 0.13 0.21 1.57 0.45 1.59 1.05 0.12 0.19 2.70 2.70 0.23 0.07 0.03 0.12 0.75 0.58 2.56 2.35 0.50 0.23 2.71 2.69 0.26 0.07 0.02 0.10 0.33 1.70

