I got: 2.77 1.53 2.77 2.76 2.77 2.76 2.77 2.76 0.32 1.23 2.56 2.76 1.38 0.18 2.71 2.71 0.25 0.10 0.03 0.04 0.37 0.80 0.96 0.37 0.60 0.91 1.22 2.70 0.32 0.13 0.03 0.06 0.42 0.72 0.53 0.12 0.24 0.31 0.39 0.22 0.06 0.06 0.02 0.16 0.08 0.08 0.08 0.05 0.18 0.46 0.30 0.21 2.71 0.91 0.10 0.21 0.62 0.48 0.19 0.06 0.04 0.32 0.29 0.19 2.74 2.70 0.31 0.62 0.86 0.49 0.18 0.04 0.07 0.52 0.50 0.29 0.91 2.69 2.65 2.77 1.97 0.89 0.29 0.06 0.01 0.08 0.06 0.04 0.01 0.01 0.01 0.01 0.03 0.01 0.06 0.05 0.05 0.48 0.44 0.27 0.24 0.12 2.70 1.37 0.63 1.23 0.31 0.05 0.06 0.49 0.37 0.27 0.26 0.14 2.69 2.69 0.43 1.37 0.55 0.07 0.28 0.99 0.73 0.31 0.25 0.13 2.70 2.69 1.88 2.74 2.43 0.31 2.50 2.14 1.16 0.37 0.23 0.12 2.69 2.70 1.88 2.77 2.55 2.45 2.42 1.20 0.37 0.23 0.13 2.70 2.70 1.26 0.98 0.48 2.56 2.77 0.86 0.30 0.23 0.13 2.70 2.69 0.35 0.18 0.06 0.38 1.46 0.44 1.15 0.62 0.18 0.10 2.72 2.71 0.31 0.14 0.04 0.17 0.74 0.45 2.58 2.32 0.24 0.12 2.70 2.69 0.40 0.17 0.04 0.18 0.55 1.73

I got: 2.77 0.75 2.76 2.77 2.76 2.77 2.77 2.77 0.35 1.19 2.57 2.76 1.38 0.17 2.71 2.72 0.25 0.10 0.03 0.11 0.29 0.80 0.95 0.37 0.60 0.91 1.22 2.69 0.32 0.13 0.03 0.13 0.34 0.72 0.53 0.12 0.23 0.32 0.39 0.22 0.06 0.06 0.02 0.02 0.17 0.08 0.08 0.05 0.18 0.47 0.30 0.22 2.67 0.91 0.10 0.34 0.49 0.48 0.19 0.06 0.04 0.33 0.29 0.19 2.72 2.72 0.31 0.69 0.79 0.49 0.18 0.04 0.06 0.53 0.50 0.29 0.91 2.70 2.65 2.77 1.88 0.89 0.29 0.06 0.01 0.06 0.05 0.05 0.01 0.01 0.01 0.01 0.01 0.01 0.05 0.05 0.05 0.47 0.43 0.27 0.24 0.13 2.69 1.74 0.60 1.19 0.30 0.05 0.06 0.50 0.36 0.27 0.27 0.14 2.69 2.69 0.43 1.37 0.55 0.07 0.28 0.98 0.73 0.30 0.25 0.14 2.70 2.70 1.88 2.74 2.43 0.31 2.50 2.14 1.16 0.37 0.23 0.12 2.70 2.69 1.88 2.77 2.55 2.44 2.39 1.18 0.36 0.23 0.13 2.70 2.69 1.24 0.96 0.47 2.54 2.77 0.86 0.30 0.23 0.12 2.70 2.71 0.35 0.18 0.05 0.37 1.46 0.44 1.15 0.61 0.19 0.10 2.72 2.70 0.31 0.14 0.04 0.17 0.75 0.45 2.58 2.32 0.23 0.13 2.69 2.71 0.40 0.17 0.04 0.18 0.55 1.73

I got: 2.77 0.05 2.77 2.76 2.77 2.77 2.77 2.76 0.35 1.19 2.57 2.76 1.38 0.17 2.70 2.70 0.25 0.10 0.03 0.11 0.29 0.80 0.95 0.36 0.60 0.91 1.22 2.77 0.32 0.13 0.03 0.13 0.34 0.72 0.53 0.12 0.24 0.31 0.39 0.22 0.06 0.06 0.02 0.02 0.16 0.08 0.08 0.06 0.19 0.47 0.30 0.22 2.68 0.92 0.10 0.34 0.49 0.48 0.19 0.06 0.05 0.32 0.29 0.19 2.74 2.69 0.31 0.69 0.79 0.49 0.17 0.05 0.06 0.52 0.50 0.29 0.91 2.69 2.65 2.77 1.89 0.89 0.29 0.06 0.01 0.06 0.07 0.07 0.01 0.00 0.01 0.01 0.01 0.03 0.04 0.04 0.05 0.48 0.44 0.27 0.24 0.13 2.70 1.77 0.61 1.21 0.31 0.05 0.07 0.49 0.36 0.27 0.27 0.14 2.70 2.69 0.43 1.36 0.54 0.07 0.28 0.99 0.73 0.30 0.25 0.13 2.70 2.69 1.88 2.74 2.43 0.31 2.50 2.14 1.16 0.36 0.23 0.12 2.69 2.70 1.88 2.77 2.55 2.45 2.40 1.18 0.36 0.23 0.13 2.70 2.69 1.25 0.96 0.47 2.54 2.77 0.86 0.30 0.23 0.13 2.70 2.69 0.35 0.18 0.05 0.38 1.46 0.44 1.15 0.61 0.19 0.10 2.70 2.72 0.31 0.14 0.03 0.17 0.75 0.45 2.58 2.32 0.23 0.12 2.71 2.69 0.40 0.17 0.04 0.18 0.55 1.73

I got: 2.77 0.01 2.77 2.76 2.75 2.77 2.77 2.76 0.35 1.19 2.56 2.77 1.38 0.17 2.71 2.70 0.25 0.10 0.02 0.11 0.29 0.80 0.95 0.36 0.60 0.91 1.22 2.69 0.32 0.13 0.03 0.06 0.42 0.72 0.53 0.12 0.24 0.31 0.39 0.22 0.06 0.06 0.02 0.16 0.07 0.08 0.08 0.07 0.18 0.47 0.29 0.22 2.69 0.91 0.10 0.21 0.62 0.47 0.20 0.06 0.05 0.32 0.29 0.19 2.73 2.73 0.31 0.63 0.86 0.50 0.18 0.03 0.06 0.52 0.50 0.29 0.92 2.70 2.65 2.77 1.97 0.90 0.29 0.06 0.01 0.07 0.04 0.07 0.02 0.01 0.01 0.01 0.02 0.01 0.10 0.08 0.06 0.48 0.42 0.27 0.25 0.13 2.69 1.64 0.81 1.21 0.30 0.05 0.06 0.49 0.36 0.27 0.27 0.14 2.69 2.69 0.43 1.37 0.55 0.07 0.28 0.99 0.73 0.30 0.25 0.13 2.68 2.70 1.88 2.74 2.43 0.32 2.51 2.13 1.16 0.37 0.23 0.12 2.70 2.69 1.88 2.77 2.55 2.45 2.39 1.17 0.36 0.23 0.12 2.69 2.70 1.23 0.96 0.47 2.53 2.77 0.86 0.30 0.23 0.13 2.70 2.71 0.35 0.18 0.06 0.37 1.46 0.44 1.15 0.61 0.18 0.10 2.75 2.71 0.31 0.14 0.04 0.17 0.75 0.45 2.58 2.31 0.23 0.13 2.74 2.70 0.40 0.17 0.04 0.18 0.55 1.73

I got: 2.76 0.01 2.76 2.76 2.75 2.77 2.76 2.76 0.35 1.19 2.56 2.77 1.38 0.17 2.71 2.72 0.25 0.10 0.03 0.11 0.29 0.79 0.95 0.36 0.60 0.91 1.22 2.71 0.32 0.13 0.03 0.13 0.34 0.72 0.53 0.11 0.24 0.31 0.39 0.22 0.06 0.06 0.02 0.02 0.15 0.08 0.08 0.06 0.18 0.46 0.30 0.22 2.67 0.91 0.10 0.20 0.63 0.48 0.19 0.06 0.04 0.33 0.29 0.19 2.73 2.71 0.31 0.62 0.85 0.49 0.18 0.04 0.06 0.52 0.50 0.29 0.92 2.69 2.65 2.77 1.97 0.90 0.29 0.06 0.01 0.06 0.05 0.04 0.01 0.01 0.01 0.01 0.01 0.01 0.04 0.07 0.05 0.49 0.44 0.26 0.24 0.13 2.69 1.76 0.61 1.19 0.30 0.06 0.06 0.50 0.36 0.27 0.27 0.14 2.69 2.70 0.43 1.36 0.55 0.07 0.28 0.99 0.73 0.31 0.25 0.13 2.70 2.69 1.88 2.74 2.43 0.32 2.51 2.13 1.16 0.37 0.23 0.12 2.70 2.70 1.88 2.77 2.55 2.44 2.39 1.16 0.36 0.23 0.12 2.70 2.69 1.23 0.95 0.47 2.53 2.77 0.86 0.30 0.23 0.13 2.69 2.70 0.35 0.18 0.05 0.37 1.46 0.44 1.15 0.61 0.19 0.10 2.72 2.71 0.31 0.14 0.03 0.17 0.75 0.46 2.58 2.31 0.23 0.12 2.69 2.70 0.40 0.17 0.04 0.18 0.55 1.73

I got: 2.78 0.01 2.77 2.76 2.76 2.76 2.77 2.76 0.31 1.22 2.55 2.77 1.38 0.17 2.71 2.71 0.25 0.10 0.03 0.04 0.37 0.79 0.95 0.36 0.60 0.91 1.22 2.70 0.32 0.13 0.03 0.06 0.42 0.72 0.53 0.12 0.24 0.31 0.39 0.22 0.06 0.06 0.02 0.16 0.06 0.08 0.08 0.06 0.18 0.47 0.30 0.22 2.68 0.91 0.10 0.20 0.62 0.48 0.19 0.06 0.04 0.32 0.29 0.19 2.69 2.72 0.31 0.62 0.85 0.50 0.17 0.04 0.06 0.52 0.50 0.29 0.91 2.69 2.65 2.77 1.97 0.89 0.29 0.06 0.01 0.05 0.07 0.07 0.01 0.01 0.01 0.01 0.01 0.02 0.08 0.07 0.05 0.49 0.45 0.26 0.24 0.12 2.69 1.83 0.64 1.25 0.32 0.06 0.06 0.50 0.36 0.27 0.27 0.14 2.69 2.69 0.43 1.36 0.55 0.07 0.28 0.98 0.73 0.30 0.25 0.13 2.69 2.69 1.88 2.74 2.43 0.32 2.50 2.14 1.16 0.37 0.23 0.12 2.69 2.75 1.88 2.77 2.56 2.44 2.44 1.21 0.37 0.24 0.13 2.70 2.69 1.28 0.99 0.49 2.58 2.77 0.86 0.30 0.23 0.13 2.73 2.69 0.35 0.18 0.05 0.38 1.46 0.44 1.15 0.61 0.19 0.10 2.70 2.71 0.31 0.14 0.03 0.17 0.74 0.45 2.58 2.31 0.23 0.13 2.70 2.70 0.40 0.17 0.04 0.18 0.55 1.73

I got: 2.76 0.01 2.77 2.76 2.76 2.77 2.76 2.77 0.35 1.18 2.55 2.77 1.38 0.17 2.71 51.53 0.25 0.10 0.03 0.12 0.29 0.79 0.95 0.36 0.60 0.91 1.22 2.71 0.32 0.13 0.03 0.14 0.34 0.72 0.53 0.12 0.24 0.32 0.39 0.22 0.06 0.06 0.02 0.02 0.18 0.08 0.08 0.07 0.18 0.48 0.30 0.22 2.68 0.91 0.10 0.35 0.49 0.47 0.19 0.06 0.05 0.32 0.29 0.19 2.70 2.70 0.31 0.69 0.79 0.49 0.18 0.03 0.07 0.52 0.50 0.28 0.91 2.69 2.65 2.77 1.88 0.89 0.29 0.06 0.01 0.06 0.05 0.04 0.02 0.01 0.01 0.01 0.01 0.01 0.06 0.08 0.05 0.49 0.44 0.26 0.24 0.13 2.70 1.79 0.62 1.22 0.31 0.05 0.07 0.49 0.36 0.27 0.27 0.14 2.69 2.70 0.43 1.36 0.54 0.07 0.28 0.98 0.73 0.30 0.25 0.14 2.70 2.70 1.88 2.74 2.43 0.32 2.51 2.14 1.16 0.37 0.23 0.12 2.70 2.69 1.88 2.77 2.55 2.44 2.41 1.18 0.36 0.23 0.13 2.70 2.70 1.23 0.95 0.47 2.52 2.77 0.86 0.30 0.23 0.13 2.69 2.70 0.35 0.18 0.05 0.37 1.45 0.44 1.15 0.61 0.18 0.10 2.71 2.70 0.31 0.14 0.04 0.17 0.75 0.46 2.58 2.31 0.23 0.13 2.70 2.70 0.40 0.17 0.04 0.10 0.64 1.73

I got: 2.76 0.01 2.76 2.76 2.76 2.77 2.78 2.77 0.31 1.22 2.55 2.76 1.38 0.17 2.71 2.70 0.25 0.10 0.03 0.03 0.37 0.79 0.95 0.37 0.60 0.91 1.22 2.71 0.32 0.13 0.03 0.06 0.42 0.72 0.53 0.12 0.24 0.31 0.39 0.22 0.06 0.06 0.02 0.16 0.07 0.08 0.07 0.05 0.18 0.47 0.30 0.22 2.70 0.91 0.10 0.20 0.63 0.48 0.19 0.06 0.05 0.32 0.29 0.19 2.71 2.72 0.31 0.62 0.86 0.49 0.18 0.04 0.07 0.51 0.50 0.29 0.91 2.69 2.65 2.77 1.97 0.90 0.29 0.06 0.01 0.08 0.05 0.08 0.02 0.01 0.01 0.01 0.01 0.01 0.09 0.09 0.05 0.49 0.44 0.26 0.24 0.13 2.74 1.78 0.62 1.23 0.31 0.06 0.06 0.49 0.36 0.27 0.27 0.14 2.70 2.69 0.43 1.36 0.54 0.07 0.28 0.98 0.73 0.30 0.25 0.14 2.70 2.72 1.88 2.74 2.43 0.32 2.50 2.14 1.16 0.37 0.23 0.12 2.70 2.71 1.88 2.77 2.55 2.44 2.41 1.18 0.36 0.23 0.13 2.70 2.69 1.25 0.97 0.48 2.54 2.77 0.86 0.29 0.24 0.13 2.70 2.69 0.35 0.18 0.05 0.37 1.45 0.44 1.14 0.61 0.18 0.10 2.71 2.73 0.31 0.14 0.03 0.17 0.75 0.45 2.58 2.31 0.23 0.13 2.71 2.69 0.40 0.17 0.04 0.18 0.55 1.73

I got: 2.77 0.01 2.77 2.77 2.76 2.77 2.76 2.77 0.35 1.18 2.55 2.76 1.38 0.17 2.71 2.70 0.25 0.10 0.02 0.11 0.29 0.79 0.95 0.36 0.60 0.91 1.22 2.70 0.32 0.13 0.03 0.13 0.34 0.72 0.53 0.12 0.24 0.32 0.40 0.22 0.06 0.06 0.02 0.02 0.15 0.08 0.08 0.06 0.18 0.48 0.30 0.22 2.67 0.91 0.10 0.33 0.49 0.48 0.19 0.07 0.04 0.32 0.29 0.19 2.73 2.73 0.31 0.68 0.79 0.49 0.17 0.04 0.06 0.52 0.50 0.29 0.91 2.70 2.65 2.77 1.89 0.89 0.29 0.06 0.01 0.05 0.07 0.08 0.01 0.01 0.01 0.01 0.01 0.02 0.08 0.05 0.06 0.47 0.42 0.27 0.25 0.13 2.69 1.68 0.58 1.15 0.29 0.06 0.06 0.50 0.36 0.27 0.27 0.14 2.69 2.70 0.43 1.37 0.55 0.07 0.28 0.99 0.73 0.30 0.25 0.13 2.69 2.70 1.88 2.74 2.42 0.32 2.50 2.14 1.16 0.37 0.23 0.12 2.70 2.69 1.88 2.77 2.55 2.44 2.35 1.14 0.35 0.23 0.12 2.69 2.71 1.21 0.94 0.46 2.50 2.77 0.86 0.30 0.24 0.13 2.69 2.71 0.35 0.18 0.05 0.28 1.45 0.44 1.14 0.61 0.18 0.10 2.72 2.69 0.31 0.14 0.04 0.10 0.82 0.45 2.58 2.31 0.23 0.13 2.69 2.70 0.40 0.17 0.04 0.10 0.64 1.72

I got: 2.78 0.01 2.76 2.76 2.76 2.77 2.76 2.76 0.31 1.21 2.55 2.76 1.38 0.17 2.70 2.70 0.25 0.10 0.02 0.04 0.36 0.79 0.94 0.36 0.59 0.91 1.22 2.71 0.32 0.13 0.03 0.06 0.41 0.72 0.53 0.12 0.24 0.32 0.40 0.22 0.06 0.06 0.02 0.17 0.06 0.08 0.08 0.06 0.18 0.47 0.29 0.22 2.69 0.91 0.10 0.20 0.62 0.48 0.19 0.06 0.04 0.32 0.29 0.19 2.70 2.74 0.31 0.62 0.85 0.49 0.17 0.04 0.06 0.52 0.50 0.29 0.91 2.69 2.65 2.77 1.97 0.89 0.29 0.06 0.01 0.08 0.04 0.04 0.01 0.01 0.01 0.01 0.01 0.01 0.05 0.06 0.06 0.49 0.43 0.27 0.24 0.13 2.70 1.76 0.61 1.20 0.30 0.06 0.06 0.50 0.37 0.27 0.27 0.14 2.70 2.69 0.43 1.38 0.56 0.07 0.28 0.98 0.73 0.30 0.26 0.14 2.70 2.68 1.88 2.74 2.42 0.32 2.50 2.13 1.16 0.37 0.23 0.12 2.70 2.70 1.88 2.77 2.55 2.45 2.39 1.16 0.35 0.23 0.12 2.71 2.69 1.20 0.94 0.46 2.50 2.77 0.86 0.30 0.24 0.13 2.70 2.70 0.35 0.18 0.05 0.28 1.45 0.44 1.15 0.61 0.18 0.10 2.71 2.71 0.31 0.14 0.03 0.10 0.82 0.45 2.58 2.31 0.23 0.13 2.70 2.69 0.40 0.17 0.04 0.10 0.64 1.72

I got: 2.78 0.01 2.77 2.76 2.77 2.76 2.77 2.77 0.31 1.22 2.55 2.77 1.38 0.17 2.71 2.71 0.25 0.10 0.03 0.03 0.37 0.79 0.94 0.36 0.60 0.91 1.22 2.69 0.32 0.13 0.03 0.06 0.42 0.72 0.53 0.12 0.24 0.32 0.40 0.22 0.06 0.06 0.02 0.16 0.06 0.08 0.08 0.06 0.18 0.47 0.29 0.22 2.69 0.91 0.10 0.20 0.62 0.47 0.19 0.06 0.04 0.32 0.29 0.19 2.71 2.72 0.31 0.62 0.85 0.49 0.17 0.04 0.06 0.53 0.50 0.29 0.91 2.70 2.65 2.77 1.97 0.89 0.30 0.05 0.01 0.05 0.05 0.05 0.01 0.01 0.01 0.01 0.01 0.01 0.07 0.05 0.05 0.49 0.45 0.26 0.24 0.13 2.69 1.82 0.63 1.24 0.31 0.06 0.06 0.50 0.36 0.27 0.27 0.14 2.69 2.69 0.43 1.39 0.56 0.07 0.28 0.98 0.73 0.30 0.25 0.14 2.70 2.70 1.88 2.74 2.43 0.32 2.50 2.14 1.16 0.37 0.23 0.12 2.69 2.69 1.88 2.77 2.55 2.45 2.44 1.21 0.37 0.24 0.13 2.69 2.70 1.27 0.99 0.49 2.57 2.77 0.87 0.30 0.24 0.13 2.69 2.69 0.35 0.18 0.05 0.38 1.45 0.44 1.15 0.61 0.18 0.10 2.71 2.69 0.31 0.14 0.04 0.17 0.74 0.45 2.58 2.31 0.23 0.13 2.69 2.71 0.40 0.17 0.04 0.18 0.55 1.72

I got: 2.77 0.01 2.77 2.76 2.75 2.77 2.77 2.77 0.35 1.18 2.55 2.76 1.38 0.16 2.76 2.71 0.25 0.10 0.03 0.12 0.28 0.79 0.94 0.35 0.59 0.91 1.22 2.71 0.32 0.13 0.03 0.14 0.34 0.72 0.53 0.12 0.24 0.32 0.40 0.22 0.06 0.06 0.02 0.03 0.18 0.07 0.08 0.06 0.18 0.47 0.30 0.22 2.66 0.91 0.10 0.35 0.48 0.47 0.19 0.06 0.04 0.32 0.29 0.19 2.70 2.73 0.31 0.69 0.78 0.49 0.17 0.04 0.06 0.53 0.50 0.28 0.91 2.69 2.65 2.77 1.88 0.89 0.29 0.06 0.01 0.08 0.05 0.04 0.01 0.01 0.01 0.01 0.01 0.01 0.05 0.06 0.05 0.48 0.45 0.26 0.24 0.13 2.70 1.80 0.63 1.23 0.31 0.06 0.06 0.50 0.37 0.27 0.26 0.14 2.69 2.70 0.43 1.38 0.56 0.07 0.28 0.98 0.73 0.30 0.25 0.14 2.70 2.70 1.88 2.74 2.43 0.31 2.50 2.14 1.16 0.37 0.23 0.12 2.71 2.70 1.88 2.77 2.55 2.44 2.41 1.19 0.37 0.24 0.13 2.69 2.70 1.24 0.96 0.47 2.53 2.77 0.87 0.30 0.24 0.13 2.69 2.70 0.35 0.18 0.05 0.37 1.45 0.44 1.15 0.61 0.19 0.10 2.72 2.70 0.31 0.14 0.03 0.17 0.74 0.45 2.58 2.31 0.23 0.13 2.69 2.69 0.40 0.17 0.04 0.18 0.55 1.72

I got: 2.77 0.01 2.77 2.77 2.76 2.77 2.76 2.76 0.35 1.18 2.54 2.77 1.38 0.17 2.70 2.70 0.25 0.10 0.03 0.11 0.29 0.79 0.94 0.35 0.59 0.91 1.22 2.70 0.32 0.13 0.03 0.13 0.34 0.72 0.53 0.12 0.24 0.32 0.40 0.22 0.06 0.06 0.02 0.02 0.17 0.07 0.08 0.06 0.19 0.47 0.29 0.22 2.68 0.91 0.10 0.34 0.49 0.47 0.19 0.06 0.04 0.32 0.29 0.19 2.72 2.72 0.31 0.68 0.78 0.49 0.18 0.03 0.06 0.52 0.50 0.29 0.91 2.69 2.65 2.77 1.89 0.89 0.29 0.06 0.01 0.05 0.05 0.04 0.02 0.01 0.01 0.01 0.01 0.01 0.07 0.08 0.05 0.49 0.43 0.26 0.24 0.13 2.69 1.76 0.61 1.20 0.31 0.05 0.06 0.50 0.37 0.27 0.27 0.14 2.69 2.69 0.43 1.40 0.57 0.08 0.28 0.98 0.73 0.30 0.25 0.14 2.69 2.69 1.88 2.74 2.43 0.32 2.50 2.14 1.16 0.37 0.23 0.12 2.69 2.71 1.88 2.77 2.55 2.45 2.38 1.15 0.36 0.23 0.13 2.70 2.69 1.22 0.95 0.47 2.52 2.77 0.87 0.30 0.24 0.13 2.70 2.74 0.35 0.17 0.05 0.37 1.45 0.44 1.15 0.61 0.18 0.10 2.70 2.78 0.31 0.14 0.03 0.17 0.74 0.45 2.58 2.31 0.24 0.13 2.70 2.73 0.40 0.17 0.04 0.18 0.55 1.72

