I got: 2.45 2.13 0.70 2.71 2.71 0.11 0.11 0.03 0.17 0.58 1.74 2.77 1.22 1.14 2.70 2.70 0.07 0.06 0.02 0.09 0.25 0.80 0.94 0.33 0.59 2.29 2.71 2.69 0.09 0.08 0.02 0.11 0.30 0.75 0.57 0.12 0.23 0.33 0.27 0.23 0.11 0.06 0.02 0.03 0.20 0.06 0.09 0.06 0.08 0.32 1.05 0.68 2.71 0.06 0.01 0.03 0.06 0.10 0.09 0.03 0.07 0.19 0.24 1.22 2.71 2.72 0.26 0.51 0.40 0.20 0.08 0.03 0.10 0.30 0.31 1.17 2.51 2.70 2.06 2.77 1.40 0.47 0.14 0.04 0.01 0.01 0.06 0.07 0.01 0.01 0.01 0.01 0.01 0.01 0.08 0.04 0.10 0.38 0.19 0.13 0.15 0.16 2.69 1.62 0.72 1.30 0.27 0.05 0.06 0.47 0.26 0.16 0.14 0.16 2.70 2.69 0.40 1.26 0.61 0.08 0.28 0.98 0.62 0.26 0.13 0.16 2.72 2.69 1.55 2.66 2.26 0.32 2.53 2.18 1.06 0.40 0.10 0.15 2.69 2.70 1.45 2.77 2.39 2.35 2.47 1.13 0.41 0.11 0.16 2.69 2.70 0.85 1.07 0.51 2.49 2.77 0.84 0.27 0.11 0.15 2.70 2.70 0.15 0.17 0.05 0.39 1.40 0.43 1.14 0.75 0.07 0.12 2.71 2.70 0.10 0.10 0.03 0.16 0.73 0.44 2.56 2.31 0.49 0.21 2.69 2.70 0.11 0.10 0.03 0.14 0.48 1.68

I got: 2.44 2.13 0.70 2.70 2.70 0.11 0.11 0.03 0.17 0.58 1.74 2.77 1.22 1.14 2.71 2.71 0.06 0.06 0.02 0.09 0.25 0.79 0.94 0.34 0.59 2.30 2.71 2.70 0.08 0.08 0.02 0.11 0.30 0.75 0.57 0.11 0.23 0.33 0.27 0.23 0.11 0.06 0.01 0.03 0.20 0.07 0.08 0.06 0.08 0.33 1.05 0.68 2.70 0.06 0.01 0.03 0.06 0.10 0.08 0.03 0.07 0.19 0.24 1.21 2.72 2.71 0.26 0.51 0.41 0.19 0.07 0.02 0.11 0.30 0.31 1.17 2.51 2.70 2.06 2.77 1.40 0.47 0.14 0.05 0.01 0.02 0.05 0.04 0.01 0.01 0.01 0.01 0.01 0.01 0.05 0.05 0.09 0.38 0.19 0.13 0.15 0.16 2.70 1.62 0.72 1.29 0.27 0.05 0.06 0.48 0.26 0.15 0.14 0.16 2.70 2.69 0.41 1.29 0.62 0.08 0.28 0.98 0.62 0.26 0.13 0.16 2.69 2.70 1.55 2.66 2.26 0.31 2.53 2.18 1.06 0.40 0.10 0.15 2.71 2.69 1.45 2.77 2.39 2.35 2.46 1.13 0.41 0.11 0.16 2.70 2.70 0.85 1.07 0.51 2.49 2.77 0.84 0.27 0.11 0.15 2.70 2.71 0.15 0.17 0.05 0.39 1.40 0.43 1.14 0.75 0.07 0.13 2.70 2.71 0.10 0.10 0.03 0.16 0.73 0.44 2.56 2.32 0.49 0.21 2.70 2.70 0.10 0.10 0.03 0.14 0.48 1.68

I got: 2.45 2.13 0.70 2.72 2.70 0.11 0.12 0.03 0.17 0.58 1.75 2.77 1.21 1.14 2.72 2.69 0.07 0.06 0.02 0.10 0.25 0.80 0.94 0.33 0.59 2.30 2.71 2.69 0.09 0.08 0.02 0.11 0.30 0.76 0.57 0.12 0.23 0.33 0.27 0.23 0.11 0.06 0.02 0.03 0.20 0.06 0.09 0.06 0.08 0.33 1.05 0.68 2.73 0.06 0.01 0.03 0.06 0.11 0.09 0.03 0.07 0.19 0.24 1.21 2.74 2.71 0.26 0.51 0.41 0.19 0.07 0.03 0.10 0.30 0.31 1.17 2.51 2.73 2.06 2.77 1.40 0.47 0.14 0.05 0.01 0.01 0.04 0.06 0.01 0.01 0.01 0.01 0.01 0.01 0.07 0.09 0.10 0.39 0.19 0.13 0.15 0.16 2.69 1.61 0.72 1.29 0.27 0.05 0.06 0.47 0.26 0.15 0.14 0.16 2.69 2.69 0.41 1.29 0.62 0.08 0.28 0.99 0.62 0.27 0.13 0.16 2.69 2.69 1.54 2.65 2.26 0.31 2.54 2.18 1.06 0.40 0.10 0.15 2.69 2.70 1.45 2.77 2.39 2.35 2.46 1.13 0.41 0.11 0.16 2.70 2.69 0.85 1.07 0.51 2.48 2.77 0.84 0.27 0.10 0.15 2.69 2.70 0.15 0.17 0.05 0.39 1.40 0.43 1.10 0.75 0.07 0.12 2.70 2.70 0.10 0.10 0.03 0.16 0.73 0.45 2.55 2.32 0.49 0.21 2.69 2.70 0.11 0.10 0.03 0.14 0.48 1.68

I got: 2.45 2.13 0.70 2.69 2.70 0.11 0.11 0.03 0.17 0.58 1.74 2.77 1.22 1.14 2.71 2.71 0.07 0.06 0.02 0.09 0.25 0.80 0.94 0.34 0.59 2.30 2.71 2.71 0.09 0.08 0.02 0.10 0.30 0.75 0.57 0.12 0.23 0.33 0.27 0.23 0.11 0.06 0.02 0.03 0.19 0.06 0.09 0.07 0.08 0.33 1.05 0.68 2.70 0.06 0.01 0.03 0.06 0.10 0.08 0.03 0.07 0.19 0.24 1.21 2.72 2.71 0.26 0.51 0.41 0.19 0.08 0.03 0.11 0.30 0.31 1.17 2.51 2.70 2.06 2.77 1.40 0.47 0.14 0.04 0.01 0.01 0.04 0.04 0.01 0.01 0.01 0.01 0.01 0.01 0.05 0.06 0.09 0.39 0.19 0.13 0.15 0.16 2.70 1.61 0.72 1.29 0.28 0.05 0.06 0.47 0.26 0.15 0.14 0.16 2.69 2.69 0.42 1.31 0.63 0.07 0.28 0.98 0.62 0.26 0.13 0.16 2.69 2.70 1.55 2.66 2.26 0.32 2.53 2.18 1.06 0.40 0.10 0.15 2.70 2.69 1.45 2.77 2.39 2.35 2.46 1.12 0.41 0.11 0.16 2.70 2.70 0.85 1.07 0.51 2.48 2.77 0.84 0.28 0.11 0.15 2.70 2.69 0.15 0.17 0.05 0.39 1.40 0.43 1.11 0.75 0.07 0.13 2.70 2.71 0.10 0.10 0.03 0.16 0.73 0.44 2.56 2.31 0.48 0.21 2.70 2.69 0.11 0.10 0.03 0.14 0.47 1.68

I got: 2.45 2.13 0.71 2.71 2.75 0.11 0.11 0.03 0.17 0.58 1.74 2.77 1.22 1.14 2.72 2.74 0.07 0.06 0.02 0.09 0.25 0.80 0.94 0.33 0.59 2.30 2.71 2.75 0.09 0.08 0.02 0.11 0.30 0.76 0.57 0.12 0.23 0.33 0.27 0.23 0.11 0.06 0.01 0.03 0.20 0.06 0.09 0.06 0.08 0.33 1.05 0.68 2.74 0.06 0.01 0.03 0.06 0.10 0.09 0.03 0.07 0.19 0.24 1.21 2.73 2.70 0.26 0.51 0.41 0.19 0.07 0.03 0.10 0.30 0.31 1.17 2.51 2.69 2.06 2.77 1.40 0.47 0.14 0.04 0.01 0.01 0.05 0.06 0.01 0.01 0.01 0.01 0.01 0.01 0.07 0.06 0.10 0.39 0.19 0.13 0.15 0.16 2.69 1.60 0.71 1.28 0.27 0.05 0.06 0.47 0.26 0.15 0.14 0.16 2.69 2.70 0.41 1.29 0.62 0.07 0.28 0.98 0.62 0.26 0.13 0.16 2.70 2.69 1.54 2.65 2.26 0.32 2.53 2.18 1.06 0.40 0.10 0.15 2.69 2.69 1.45 2.77 2.39 2.35 2.45 1.12 0.41 0.11 0.16 2.69 2.70 0.85 1.06 0.51 2.47 2.77 0.84 0.28 0.10 0.15 2.71 2.69 0.15 0.17 0.05 0.39 1.39 0.43 1.12 0.75 0.07 0.13 2.72 2.71 0.10 0.10 0.03 0.16 0.73 0.44 2.56 2.31 0.49 0.21 2.70 2.69 0.11 0.10 0.03 0.14 0.48 1.68

I got: 2.45 2.13 0.71 2.72 2.72 0.11 0.11 0.03 0.17 0.58 1.75 2.77 1.21 1.14 2.70 2.69 0.07 0.06 0.02 0.09 0.25 0.79 0.94 0.33 0.59 2.30 2.71 2.69 0.09 0.08 0.02 0.11 0.30 0.75 0.57 0.12 0.23 0.33 0.27 0.23 0.11 0.07 0.01 0.03 0.19 0.07 0.09 0.07 0.08 0.33 1.05 0.68 2.70 0.06 0.01 0.03 0.06 0.10 0.08 0.03 0.07 0.19 0.24 1.21 2.70 2.73 0.26 0.51 0.41 0.19 0.07 0.03 0.11 0.30 0.31 1.17 2.51 2.70 2.06 2.77 1.40 0.46 0.14 0.04 0.01 0.01 0.04 0.05 0.01 0.01 0.01 0.01 0.01 0.01 0.05 0.05 0.10 0.38 0.19 0.13 0.15 0.16 2.70 1.59 0.71 1.27 0.27 0.05 0.06 0.47 0.26 0.16 0.14 0.16 2.69 2.68 0.41 1.29 0.62 0.07 0.28 0.98 0.62 0.26 0.13 0.16 2.70 2.69 1.54 2.65 2.26 0.31 2.53 2.18 1.06 0.40 0.10 0.15 2.70 2.70 1.45 2.77 2.39 2.35 2.45 1.12 0.41 0.11 0.16 2.70 2.69 0.84 1.06 0.50 2.47 2.77 0.84 0.27 0.11 0.15 2.74 2.70 0.15 0.16 0.05 0.38 1.39 0.42 1.12 0.75 0.07 0.13 2.71 2.71 0.10 0.10 0.03 0.16 0.73 0.44 2.56 2.31 0.48 0.21 2.74 2.71 0.11 0.10 0.03 0.14 0.48 1.68

I got: 2.45 2.13 0.70 2.72 2.73 0.11 0.11 0.03 0.17 0.58 1.74 2.77 1.21 1.13 2.70 2.71 0.07 0.06 0.02 0.09 0.25 0.79 0.94 0.33 0.59 2.30 2.71 2.69 0.09 0.08 0.02 0.10 0.30 0.75 0.57 0.12 0.23 0.33 0.27 0.23 0.11 0.06 0.02 0.03 0.19 0.07 0.09 0.06 0.08 0.33 1.05 0.68 2.71 0.06 0.01 0.03 0.06 0.10 0.09 0.03 0.07 0.19 0.24 1.21 2.71 2.72 0.26 0.51 0.41 0.19 0.08 0.03 0.11 0.30 0.31 1.17 2.51 2.69 2.06 2.77 1.41 0.47 0.14 0.04 0.01 0.01 0.05 0.05 0.01 0.01 0.01 0.01 0.01 0.01 0.08 0.08 0.10 0.39 0.19 0.13 0.15 0.16 2.69 1.58 0.71 1.26 0.27 0.05 0.06 0.47 0.26 0.15 0.14 0.16 2.69 2.70 0.41 1.29 0.62 0.07 0.28 0.98 0.62 0.26 0.13 0.16 2.69 2.69 1.54 2.65 2.26 0.31 2.53 2.18 1.06 0.40 0.10 0.15 2.69 2.70 1.45 2.77 2.39 2.35 2.44 1.11 0.41 0.11 0.16 2.69 2.70 0.84 1.06 0.50 2.46 2.77 0.84 0.27 0.11 0.15 2.70 2.70 0.15 0.17 0.05 0.38 1.39 0.42 1.12 0.75 0.07 0.13 2.71 2.71 0.10 0.10 0.03 0.16 0.73 0.44 2.56 2.31 0.48 0.21 2.70 2.69 0.11 0.10 0.03 0.14 0.48 1.68

I got: 2.45 2.13 0.71 2.69 2.71 0.11 0.11 0.03 0.17 0.58 1.74 2.77 1.21 1.13 2.69 2.69 0.07 0.06 0.02 0.09 0.25 0.79 0.94 0.33 0.59 2.30 2.71 2.70 0.09 0.08 0.02 0.10 0.30 0.76 0.57 0.12 0.23 0.33 0.27 0.23 0.11 0.07 0.01 0.03 0.19 0.06 0.09 0.07 0.08 0.33 1.05 0.68 2.70 0.06 0.01 0.03 0.06 0.10 0.09 0.03 0.07 0.19 0.24 1.21 2.71 2.72 0.26 0.51 0.41 0.19 0.08 0.03 0.11 0.30 0.31 1.17 2.51 2.71 2.06 2.77 1.40 0.47 0.14 0.05 0.01 0.01 0.05 0.05 0.01 0.01 0.01 0.01 0.01 0.01 0.07 0.08 0.10 0.39 0.19 0.13 0.15 0.16 2.70 1.57 0.70 1.24 0.27 0.05 0.06 0.47 0.26 0.15 0.14 0.16 2.69 2.69 0.41 1.28 0.62 0.08 0.28 0.98 0.62 0.26 0.13 0.16 2.70 2.71 1.54 2.66 2.26 0.31 2.53 2.18 1.06 0.40 0.10 0.15 2.70 2.73 1.45 2.77 2.39 2.35 2.42 1.09 0.40 0.11 0.16 2.69 2.69 0.81 0.98 0.47 2.39 2.77 0.84 0.27 0.11 0.15 2.70 2.70 0.15 0.17 0.05 0.37 1.40 0.43 1.12 0.75 0.07 0.13 2.70 2.69 0.10 0.10 0.03 0.08 0.81 0.43 2.55 2.31 0.48 0.21 2.69 2.70 0.11 0.10 0.03 0.06 0.57 1.67

I got: 2.45 2.13 0.71 2.69 2.69 0.11 0.12 0.03 0.08 0.67 1.74 2.77 1.21 1.14 2.69 2.71 0.07 0.06 0.02 0.02 0.34 0.79 0.94 0.33 0.59 2.29 2.71 2.71 0.08 0.08 0.02 0.04 0.38 0.75 0.57 0.12 0.23 0.33 0.28 0.23 0.11 0.07 0.02 0.16 0.06 0.07 0.09 0.07 0.08 0.33 1.05 0.68 2.72 0.06 0.01 0.06 0.06 0.10 0.08 0.03 0.07 0.19 0.24 1.21 2.72 2.72 0.26 0.45 0.47 0.19 0.07 0.03 0.10 0.30 0.31 1.17 2.51 2.69 2.06 2.77 1.48 0.47 0.14 0.05 0.01 0.02 0.06 0.04 0.01 0.01 0.01 0.01 0.01 0.01 0.05 0.06 0.09 0.38 0.19 0.13 0.15 0.16 2.69 1.66 0.74 1.32 0.28 0.05 0.06 0.47 0.26 0.15 0.14 0.16 2.68 2.70 0.41 1.29 0.62 0.08 0.28 0.99 0.62 0.26 0.13 0.16 2.69 2.69 1.54 2.65 2.26 0.31 2.53 2.18 1.06 0.40 0.10 0.15 2.70 2.69 1.45 2.77 2.39 2.35 2.48 1.15 0.42 0.11 0.16 2.69 2.70 0.87 1.10 0.52 2.51 2.77 0.84 0.27 0.10 0.15 2.70 2.70 0.15 0.16 0.05 0.39 1.39 0.43 1.11 0.74 0.07 0.13 2.71 2.71 0.10 0.10 0.03 0.16 0.73 0.43 2.56 2.31 0.48 0.21 2.70 2.69 0.11 0.10 0.03 0.14 0.47 1.68

I got: 2.45 2.13 0.71 2.71 2.71 0.11 0.12 0.03 0.17 0.58 1.74 2.77 1.21 1.13 2.69 2.70 0.07 0.06 0.02 0.10 0.24 0.79 0.94 0.33 0.59 2.30 2.71 2.69 0.09 0.08 0.02 0.11 0.30 0.76 0.57 0.12 0.23 0.33 0.27 0.23 0.11 0.07 0.01 0.04 0.20 0.06 0.09 0.06 0.08 0.33 1.05 0.68 2.71 0.05 0.01 0.03 0.07 0.11 0.08 0.03 0.07 0.19 0.24 1.21 2.71 2.72 0.26 0.51 0.41 0.19 0.08 0.03 0.10 0.30 0.31 1.17 2.51 2.71 2.06 2.77 1.41 0.47 0.14 0.04 0.01 0.01 0.05 0.08 0.01 0.01 0.01 0.01 0.01 0.01 0.09 0.07 0.09 0.39 0.20 0.13 0.15 0.16 2.74 1.65 0.74 1.32 0.28 0.06 0.06 0.47 0.26 0.16 0.14 0.16 2.69 2.72 0.41 1.29 0.62 0.07 0.28 0.98 0.62 0.26 0.13 0.16 2.69 2.70 1.54 2.65 2.26 0.32 2.53 2.18 1.06 0.40 0.10 0.15 2.71 2.69 1.45 2.77 2.39 2.35 2.49 1.15 0.42 0.11 0.16 2.70 2.69 0.87 1.09 0.52 2.51 2.77 0.84 0.27 0.11 0.15 2.70 2.70 0.15 0.17 0.05 0.39 1.39 0.42 1.11 0.75 0.07 0.12 2.70 2.71 0.10 0.10 0.03 0.16 0.73 0.44 2.56 2.31 0.48 0.21 2.70 2.70 0.11 0.10 0.03 0.15 0.47 1.68

I got: 2.45 2.13 0.71 2.71 2.70 0.11 0.11 0.03 0.17 0.58 1.75 2.77 1.21 1.13 2.71 2.71 0.07 0.06 0.02 0.10 0.24 0.79 0.94 0.33 0.59 2.29 2.71 2.70 0.09 0.08 0.02 0.11 0.29 0.75 0.57 0.12 0.23 0.33 0.27 0.23 0.11 0.06 0.02 0.04 0.20 0.06 0.09 0.06 0.08 0.32 1.05 0.68 2.71 0.06 0.01 0.03 0.07 0.10 0.09 0.03 0.07 0.19 0.24 1.21 2.71 2.71 0.26 0.51 0.40 0.19 0.07 0.03 0.10 0.30 0.31 1.17 2.51 2.69 2.06 2.77 1.40 0.47 0.14 0.05 0.01 0.01 0.04 0.06 0.01 0.01 0.01 0.01 0.01 0.01 0.08 0.07 0.09 0.39 0.19 0.13 0.15 0.16 2.69 1.65 0.74 1.32 0.28 0.05 0.06 0.47 0.26 0.15 0.14 0.16 2.69 2.70 0.41 1.29 0.62 0.08 0.28 0.98 0.62 0.26 0.13 0.16 2.69 2.69 1.54 2.65 2.26 0.31 2.53 2.18 1.06 0.40 0.10 0.15 2.69 2.69 1.45 2.77 2.40 2.35 2.49 1.15 0.42 0.11 0.16 2.69 2.70 0.87 1.09 0.52 2.51 2.77 0.84 0.27 0.11 0.15 2.70 2.70 0.15 0.17 0.05 0.39 1.39 0.43 1.12 0.75 0.07 0.13 2.72 2.71 0.10 0.10 0.03 0.16 0.73 0.44 2.56 2.31 0.48 0.21 2.70 2.69 0.11 0.10 0.03 0.15 0.47 1.68

I got: 2.45 2.13 0.71 2.70 2.71 0.11 0.12 0.03 0.18 0.58 1.74 2.77 1.21 1.13 2.70 2.70 0.06 0.06 0.02 0.10 0.24 0.79 0.94 0.33 0.59 2.30 2.71 2.70 0.09 0.08 0.02 0.11 0.30 0.75 0.57 0.11 0.23 0.33 0.28 0.23 0.11 0.07 0.01 0.04 0.20 0.07 0.09 0.07 0.08 0.33 1.05 0.68 2.70 0.06 0.01 0.03 0.07 0.11 0.08 0.04 0.08 0.19 0.24 1.21 2.70 2.78 0.26 0.51 0.40 0.19 0.07 0.03 0.11 0.30 0.31 1.16 2.51 2.71 2.06 2.77 1.40 0.46 0.14 0.04 0.01 0.02 0.04 0.04 0.01 0.01 0.01 0.01 0.01 0.01 0.05 0.05 0.09 0.38 0.19 0.13 0.15 0.16 2.69 1.65 0.74 1.31 0.28 0.05 0.06 0.48 0.26 0.16 0.15 0.16 2.70 2.69 0.41 1.29 0.62 0.08 0.28 0.99 0.62 0.26 0.13 0.16 2.70 2.69 1.54 2.65 2.26 0.32 2.53 2.17 1.06 0.41 0.10 0.15 2.69 2.70 1.45 2.77 2.39 2.35 2.48 1.15 0.42 0.11 0.16 2.70 2.69 0.87 1.09 0.52 2.51 2.77 0.84 0.27 0.11 0.15 2.70 2.70 0.15 0.16 0.05 0.39 1.38 0.42 1.13 0.74 0.07 0.13 2.70 2.72 0.10 0.10 0.03 0.16 0.73 0.44 2.56 2.31 0.48 0.21 2.69 2.70 0.11 0.10 0.03 0.14 0.47 1.67

I got: 2.45 2.13 0.71 2.70 2.69 0.11 0.11 0.03 0.17 0.58 1.75 2.77 1.21 1.13 2.71 2.71 0.07 0.06 0.02 0.10 0.24 0.79 0.94 0.33 0.59 2.29 2.71 2.71 0.09 0.08 0.02 0.11 0.30 0.76 0.57 0.12 0.23 0.33 0.27 0.23 0.11 0.07 0.01 0.04 0.21 0.06 0.09 0.07 0.08 0.34 1.05 0.68 2.71 0.06 0.01 0.03 0.07 0.10 0.09 0.04 0.07 0.19 0.24 1.21 2.72 2.73 0.25 0.51 0.40 0.19 0.08 0.03 0.10 0.30 0.31 1.17 2.51 2.69 2.06 2.77 1.40 0.47 0.14 0.04 0.01 0.01 0.04 0.07 0.01 0.01 0.01 0.01 0.01 0.01 0.06 0.07 0.09 0.38 0.19 0.13 0.15 0.16 2.70 1.65 0.74 1.32 0.28 0.05 0.06 0.47 0.26 0.16 0.14 0.16 2.69 2.70 0.40 1.28 0.62 0.08 0.28 0.98 0.62 0.26 0.13 0.16 2.69 2.68 1.54 2.65 2.26 0.32 2.53 2.18 1.06 0.40 0.10 0.15 2.70 2.69 1.45 2.77 2.40 2.35 2.48 1.15 0.42 0.11 0.17 2.70 2.70 0.87 1.09 0.52 2.51 2.77 0.84 0.28 0.11 0.15 2.70 2.69 0.15 0.17 0.05 0.39 1.38 0.42 1.11 0.75 0.07 0.12 2.72 2.71 0.10 0.10 0.03 0.16 0.73 0.44 2.56 2.31 0.48 0.21 2.70 2.69 0.11 0.10 0.03 0.14 0.47 1.68

