I got: 1.78 1.72 2.68 0.11 2.67 0.29 0.27 0.28 0.29 0.38 0.43 1.15 1.87 1.95 0.04 2.67 0.39 0.32 0.30 0.28 0.33 0.31 0.61 1.18 0.18 0.08 0.04 2.64 0.04 0.03 0.03 0.19 0.15 0.08 0.06 0.12 0.08 0.15 0.07 2.64 0.05 0.03 0.03 0.20 0.15 0.08 0.06 0.14 0.45 0.58 1.35 2.67 0.23 1.33 0.64 0.41 0.36 0.25 0.35 0.32 0.37 0.39 0.69 1.48 0.30 2.67 1.35 0.62 0.44 0.29 0.37 0.30 0.01 0.01 0.10 0.09 0.01 0.48 0.01 0.01 0.01 0.12 0.01 0.01 0.00 0.01 0.07 0.01 0.00 0.47 0.01 0.06 0.01 0.01 0.01 0.00 0.31 0.20 0.30 0.36 0.37 2.65 0.12 1.85 1.80 1.09 0.67 0.36 0.44 0.28 0.33 0.36 0.34 2.66 0.13 2.65 2.17 2.31 1.70 0.64 0.53 0.30 0.32 0.33 0.27 2.66 0.13 2.66 1.16 2.19 2.17 1.13 1.19 0.50 0.41 0.37 0.29 2.65 0.18 2.66 0.58 1.27 1.96 1.90 0.77 0.43 0.33 0.23 2.67 0.11 2.66 0.28 0.43 0.90 1.51 1.71 1.04 0.56 0.35 2.67 0.14 2.66 0.29 0.37 0.58 1.30 2.21 2.03 1.52 1.00 0.46 2.66 0.14 2.70 0.24 0.32 0.41 0.62 1.36 1.90 1.63 1.67 0.97 2.67 0.10 2.71 0.24 0.26 0.30 0.34 0.54 0.87

I got: 1.78 1.72 2.66 0.13 2.67 0.29 0.27 0.28 0.29 0.39 0.43 1.15 1.86 1.95 0.04 2.69 0.39 0.32 0.30 0.28 0.33 0.31 0.60 1.18 0.18 0.08 0.04 2.65 0.04 0.03 0.03 0.19 0.15 0.08 0.06 0.12 0.08 0.16 0.08 2.64 0.05 0.04 0.03 0.20 0.15 0.09 0.05 0.14 0.44 0.58 1.35 2.66 0.22 1.33 0.64 0.40 0.36 0.25 0.35 0.32 0.37 0.39 0.69 1.48 0.30 2.65 1.36 0.62 0.44 0.28 0.37 0.30 0.07 0.01 0.08 0.10 0.01 0.15 0.01 0.01 0.01 0.08 0.01 0.01 0.01 0.00 0.07 0.01 0.00 0.44 0.01 0.05 0.01 0.01 0.04 0.01 0.31 0.21 0.30 0.36 0.37 2.66 0.11 1.86 1.80 1.09 0.67 0.36 0.44 0.28 0.34 0.36 0.34 2.66 0.14 2.65 2.17 2.31 1.70 0.64 0.53 0.29 0.32 0.33 0.27 2.66 0.13 2.66 1.15 2.21 2.16 1.13 1.19 0.49 0.41 0.37 0.29 2.67 0.15 2.65 0.58 1.27 1.96 1.90 0.77 0.43 0.33 0.23 2.66 0.13 2.66 0.28 0.43 0.90 1.51 1.71 1.04 0.56 0.35 2.66 0.13 2.66 0.29 0.38 0.58 1.29 2.21 2.04 1.52 1.00 0.47 2.67 0.13 2.66 0.29 0.34 0.44 0.66 1.46 2.05 1.63 1.63 0.97 2.66 0.11 2.66 0.24 0.26 0.30 0.40 0.63 1.03

I got: 1.73 1.75 2.67 0.11 2.66 0.29 0.27 0.28 0.29 0.38 0.43 1.15 1.90 1.97 0.04 2.67 0.39 0.32 0.30 0.28 0.34 0.31 0.61 1.18 0.19 0.11 0.04 2.64 0.04 0.03 0.03 0.19 0.15 0.08 0.07 0.12 0.08 0.24 0.07 2.64 0.05 0.03 0.03 0.20 0.14 0.08 0.06 0.14 0.45 0.67 1.32 2.66 0.24 1.33 0.64 0.41 0.36 0.25 0.35 0.32 0.37 0.48 0.66 1.42 0.31 2.68 1.35 0.62 0.44 0.29 0.37 0.30 0.01 0.01 0.13 0.09 0.01 0.26 0.01 0.01 0.01 0.10 0.01 0.01 0.01 0.01 0.01 0.01 0.01 0.82 0.01 0.07 0.01 0.02 0.01 0.01 0.31 0.31 0.27 0.30 0.37 2.66 0.10 1.85 1.80 1.10 0.67 0.36 0.43 0.37 0.30 0.30 0.34 2.67 0.13 2.66 2.17 2.31 1.69 0.64 0.53 0.39 0.29 0.27 0.27 2.67 0.15 2.65 1.15 2.19 2.18 1.13 1.18 0.58 0.38 0.31 0.29 2.70 0.18 2.66 0.58 1.27 1.97 1.90 0.86 0.40 0.28 0.23 2.71 0.09 2.67 0.28 0.43 0.90 1.51 1.71 1.00 0.50 0.35 2.67 0.14 2.68 0.29 0.37 0.58 1.29 2.21 2.02 1.91 1.15 0.57 2.67 0.09 2.65 0.29 0.34 0.44 0.67 1.47 2.06 1.98 1.96 1.17 2.66 0.09 2.67 0.29 0.31 0.35 0.41 0.63 1.04

I got: 1.73 1.75 2.68 0.11 2.69 0.29 0.27 0.28 0.29 0.38 0.43 1.15 1.90 1.97 0.03 2.67 0.39 0.32 0.30 0.28 0.33 0.31 0.61 1.18 0.18 0.12 0.04 2.65 0.04 0.03 0.03 0.19 0.15 0.08 0.06 0.12 0.08 0.25 0.08 2.65 0.05 0.03 0.03 0.19 0.14 0.08 0.05 0.14 0.45 0.67 1.32 2.66 0.21 1.33 0.64 0.40 0.36 0.25 0.35 0.32 0.37 0.48 0.66 1.41 0.31 2.67 1.35 0.62 0.44 0.28 0.37 0.30 0.07 0.01 0.06 0.01 0.01 0.66 0.01 0.01 0.01 0.09 0.01 0.01 0.01 0.01 0.01 0.01 0.00 0.64 0.01 0.08 0.01 0.01 0.07 0.01 0.31 0.31 0.27 0.29 0.37 2.66 0.11 1.85 1.80 1.09 0.67 0.36 0.44 0.37 0.30 0.30 0.34 2.67 0.14 2.66 2.16 2.29 1.69 0.63 0.53 0.39 0.29 0.27 0.27 2.67 0.14 2.66 1.16 2.20 2.16 1.13 1.19 0.59 0.38 0.31 0.29 2.65 0.18 2.66 0.58 1.27 1.97 1.90 0.86 0.40 0.28 0.23 2.67 0.11 2.66 0.28 0.43 0.90 1.51 1.71 1.00 0.50 0.35 2.66 0.15 2.66 0.29 0.37 0.57 1.29 2.20 2.02 1.92 1.15 0.57 2.68 0.11 2.68 0.29 0.34 0.44 0.67 1.46 2.06 1.98 1.96 1.17 2.69 0.09 2.67 0.29 0.30 0.35 0.41 0.62 1.04

I got: 1.73 1.75 2.69 0.14 2.69 0.29 0.27 0.28 0.29 0.38 0.43 1.15 1.90 1.97 0.05 2.68 0.39 0.32 0.30 0.28 0.33 0.31 0.61 1.18 0.19 0.12 0.04 2.64 0.04 0.03 0.03 0.19 0.15 0.07 0.06 0.12 0.08 0.25 0.08 2.64 0.05 0.03 0.03 0.20 0.14 0.08 0.05 0.14 0.45 0.67 1.32 2.66 0.24 1.33 0.64 0.40 0.36 0.24 0.35 0.32 0.38 0.49 0.66 1.42 0.31 2.66 1.35 0.62 0.43 0.28 0.37 0.30 0.06 0.01 0.07 0.01 0.01 0.18 0.01 0.01 0.01 0.09 0.01 0.01 0.01 0.01 0.01 0.01 0.01 0.44 0.01 0.05 0.01 0.02 0.06 0.01 0.31 0.31 0.27 0.29 0.37 2.65 0.10 1.85 1.80 1.09 0.67 0.36 0.43 0.37 0.30 0.30 0.34 2.66 0.14 2.70 2.16 2.31 1.69 0.63 0.53 0.39 0.29 0.26 0.27 2.68 0.16 2.66 1.15 2.20 2.16 1.13 1.18 0.59 0.34 0.38 0.29 2.69 0.17 2.66 0.58 1.27 1.98 1.90 0.86 0.36 0.34 0.23 2.67 0.09 2.66 0.28 0.43 0.90 1.51 1.71 0.95 0.56 0.35 2.67 0.14 2.66 0.29 0.37 0.58 1.29 2.20 2.02 1.91 1.21 0.57 2.66 0.12 2.67 0.29 0.34 0.44 0.67 1.47 2.06 1.62 1.62 0.97 2.67 0.08 2.67 0.29 0.31 0.35 0.42 0.64 1.04

I got: 1.73 1.75 2.67 0.12 2.69 0.29 0.27 0.28 0.29 0.38 0.43 1.14 1.90 1.97 0.04 2.68 0.39 0.32 0.30 0.28 0.33 0.31 0.60 1.18 0.18 0.12 0.04 2.63 0.04 0.03 0.03 0.19 0.15 0.07 0.06 0.12 0.08 0.24 0.08 2.64 0.05 0.04 0.03 0.20 0.15 0.08 0.05 0.14 0.44 0.67 1.32 2.66 0.23 1.33 0.64 0.40 0.36 0.25 0.36 0.32 0.37 0.48 0.66 1.42 0.29 2.66 1.35 0.62 0.44 0.29 0.37 0.30 0.06 0.01 0.09 0.01 0.01 0.20 0.01 0.01 0.01 0.08 0.01 0.01 0.01 0.01 0.01 0.01 0.01 0.65 0.01 0.07 0.01 0.01 0.06 0.01 0.31 0.31 0.27 0.30 0.37 2.66 0.11 1.85 1.80 1.09 0.67 0.36 0.43 0.37 0.30 0.30 0.34 2.66 0.14 2.66 2.17 2.30 1.69 0.63 0.53 0.39 0.29 0.27 0.27 2.66 0.17 2.66 1.15 2.20 2.16 1.13 1.18 0.58 0.38 0.31 0.29 2.67 0.18 2.66 0.58 1.27 1.97 1.90 0.85 0.40 0.28 0.23 2.66 0.12 2.66 0.28 0.43 0.90 1.50 1.70 1.00 0.50 0.35 2.66 0.14 2.66 0.29 0.37 0.57 1.28 2.21 2.02 1.91 1.15 0.57 2.68 0.10 2.68 0.29 0.34 0.44 0.67 1.47 2.06 1.99 1.97 1.17 2.69 0.09 2.66 0.29 0.31 0.35 0.41 0.63 1.04

I got: 1.73 1.75 2.70 0.14 2.68 0.29 0.27 0.29 0.29 0.38 0.43 1.14 1.90 1.97 0.04 2.68 0.39 0.32 0.30 0.28 0.33 0.31 0.60 1.18 0.18 0.12 0.04 2.65 0.04 0.03 0.03 0.19 0.15 0.07 0.06 0.12 0.08 0.24 0.08 2.65 0.05 0.03 0.03 0.20 0.15 0.08 0.05 0.14 0.45 0.67 1.32 2.66 0.24 1.33 0.64 0.40 0.36 0.25 0.35 0.32 0.37 0.48 0.66 1.42 0.31 2.66 1.35 0.62 0.44 0.29 0.37 0.30 0.06 0.01 0.09 0.01 0.01 0.83 0.01 0.01 0.01 0.08 0.01 0.01 0.01 0.01 0.01 0.01 0.01 0.79 0.01 0.07 0.01 0.01 0.07 0.01 0.31 0.31 0.27 0.30 0.37 2.66 0.11 1.85 1.80 1.09 0.67 0.36 0.44 0.37 0.30 0.30 0.34 2.66 0.15 2.66 2.16 2.30 1.69 0.63 0.53 0.39 0.29 0.27 0.27 2.66 0.15 2.66 1.15 2.20 2.16 1.13 1.18 0.59 0.38 0.31 0.29 2.66 0.18 2.66 0.58 1.27 1.97 1.90 0.85 0.40 0.28 0.23 2.66 0.13 2.66 0.28 0.43 0.90 1.50 1.70 1.00 0.49 0.35 2.65 0.14 2.66 0.29 0.37 0.57 1.28 2.20 2.02 1.91 1.15 0.57 2.68 0.12 2.68 0.29 0.34 0.44 0.67 1.47 2.06 1.99 1.97 1.17 2.68 0.09 2.68 0.29 0.30 0.35 0.41 0.63 1.04

I got: 1.73 1.75 2.69 0.13 2.66 0.29 0.27 0.28 0.29 0.38 0.43 1.15 1.90 1.97 0.04 2.66 0.39 0.32 0.30 0.27 0.33 0.31 0.61 1.18 0.19 0.11 0.04 2.65 0.04 0.03 0.03 0.19 0.15 0.07 0.06 0.12 0.08 0.25 0.07 2.65 0.05 0.03 0.03 0.20 0.14 0.08 0.06 0.14 0.45 0.67 1.32 2.66 0.22 1.33 0.64 0.40 0.36 0.25 0.35 0.32 0.37 0.48 0.66 1.41 0.28 2.67 1.35 0.62 0.44 0.29 0.37 0.30 0.07 0.01 0.08 0.01 0.01 0.50 0.01 0.01 0.01 0.09 0.01 0.01 0.01 0.01 0.01 0.01 0.01 0.49 0.01 0.06 0.01 0.01 0.05 0.01 0.31 0.31 0.27 0.29 0.37 2.66 0.12 1.85 1.80 1.09 0.67 0.36 0.43 0.37 0.30 0.30 0.34 2.67 0.14 2.67 2.16 2.30 1.68 0.63 0.53 0.39 0.29 0.27 0.27 2.66 0.15 2.65 1.15 2.20 2.16 1.13 1.18 0.58 0.38 0.31 0.29 2.66 0.18 2.67 0.58 1.27 1.97 1.90 0.85 0.40 0.28 0.23 2.66 0.10 2.67 0.28 0.43 0.90 1.50 1.70 1.00 0.49 0.35 2.67 0.14 2.66 0.29 0.37 0.57 1.28 2.20 2.03 1.91 1.15 0.57 2.66 0.11 2.66 0.29 0.34 0.44 0.67 1.47 2.06 1.98 1.97 1.17 2.66 0.09 2.67 0.29 0.31 0.35 0.41 0.63 1.04

I got: 1.73 1.75 2.65 0.13 2.68 0.29 0.27 0.28 0.29 0.38 0.43 1.15 1.90 1.97 0.04 2.72 0.39 0.32 0.30 0.28 0.33 0.31 0.61 1.18 0.19 0.11 0.04 2.67 0.04 0.03 0.03 0.19 0.15 0.07 0.06 0.12 0.09 0.24 0.08 2.67 0.05 0.03 0.03 0.20 0.14 0.08 0.06 0.14 0.45 0.67 1.32 2.68 0.22 1.33 0.64 0.40 0.36 0.25 0.35 0.32 0.37 0.49 0.65 1.41 0.30 2.66 1.35 0.62 0.44 0.28 0.37 0.30 0.01 0.01 0.08 0.01 0.01 0.11 0.01 0.01 0.01 0.08 0.05 0.01 0.01 0.01 0.01 0.01 0.01 0.36 0.01 0.07 0.01 0.02 0.11 0.01 0.31 0.31 0.27 0.30 0.37 2.66 0.12 1.86 1.80 1.09 0.67 0.36 0.43 0.37 0.30 0.30 0.34 2.66 0.14 2.66 2.16 2.30 1.68 0.63 0.53 0.39 0.29 0.27 0.27 2.66 0.15 2.66 1.16 2.20 2.16 1.13 1.18 0.58 0.38 0.31 0.29 2.67 0.18 2.65 0.58 1.27 1.97 1.90 0.85 0.40 0.28 0.23 2.66 0.11 2.66 0.28 0.43 0.90 1.50 1.70 1.00 0.49 0.35 2.65 0.13 2.66 0.28 0.37 0.57 1.28 2.20 2.01 1.91 1.15 0.57 2.66 0.14 2.67 0.29 0.34 0.44 0.67 1.47 2.06 1.98 1.97 1.17 2.68 0.09 2.67 0.29 0.30 0.35 0.41 0.63 1.04

I got: 1.73 1.75 2.68 0.11 2.65 0.29 0.27 0.28 0.29 0.38 0.43 1.15 1.90 1.96 0.03 2.66 0.39 0.32 0.30 0.28 0.33 0.31 0.60 1.18 0.19 0.11 0.04 2.64 0.04 0.03 0.03 0.19 0.15 0.07 0.06 0.12 0.08 0.24 0.08 2.65 0.05 0.03 0.03 0.20 0.14 0.08 0.06 0.14 0.45 0.66 1.32 2.66 0.23 1.33 0.64 0.40 0.36 0.25 0.35 0.32 0.37 0.48 0.65 1.42 0.30 2.67 1.35 0.62 0.44 0.29 0.37 0.30 0.08 0.01 0.08 0.01 0.01 0.23 0.01 0.01 0.01 0.08 0.03 0.01 0.01 0.01 0.01 0.01 0.01 0.78 0.01 0.10 0.01 0.02 0.10 0.01 0.31 0.31 0.27 0.29 0.37 2.66 0.10 1.85 1.79 1.09 0.67 0.36 0.43 0.37 0.30 0.30 0.33 2.66 0.16 2.65 2.16 2.30 1.68 0.63 0.53 0.39 0.29 0.27 0.27 2.67 0.15 2.65 1.15 2.20 2.17 1.13 1.18 0.58 0.38 0.31 0.29 2.66 0.19 2.66 0.58 1.27 1.97 1.90 0.85 0.40 0.28 0.23 2.67 0.11 2.66 0.28 0.43 0.90 1.50 1.70 0.99 0.49 0.35 2.67 0.14 2.65 0.28 0.37 0.57 1.28 2.20 2.01 1.91 1.15 0.57 2.73 0.13 2.66 0.29 0.34 0.44 0.67 1.47 2.06 1.98 1.97 1.17 2.66 0.08 2.67 0.29 0.31 0.35 0.41 0.63 1.04

I got: 1.73 1.75 2.67 0.13 2.70 0.29 0.27 0.28 0.29 0.38 0.43 1.14 1.89 1.96 0.03 2.69 0.39 0.32 0.30 0.28 0.33 0.31 0.61 1.18 0.19 0.12 0.04 2.65 0.04 0.03 0.03 0.19 0.14 0.07 0.06 0.12 0.08 0.25 0.08 2.65 0.05 0.03 0.03 0.20 0.14 0.08 0.05 0.14 0.45 0.67 1.32 2.66 0.24 1.33 0.64 0.40 0.36 0.24 0.35 0.32 0.37 0.48 0.65 1.42 0.32 2.68 1.35 0.62 0.44 0.29 0.37 0.30 0.07 0.01 0.10 0.01 0.01 0.72 0.01 0.01 0.01 0.10 0.01 0.00 0.01 0.01 0.01 0.01 0.01 0.71 0.01 0.06 0.01 0.01 0.08 0.01 0.31 0.31 0.27 0.29 0.37 2.65 0.12 1.85 1.80 1.09 0.67 0.36 0.43 0.36 0.30 0.30 0.33 2.67 0.14 2.66 2.15 2.29 1.67 0.63 0.53 0.39 0.29 0.27 0.27 2.66 0.16 2.65 1.15 2.20 2.16 1.13 1.18 0.58 0.38 0.31 0.29 2.66 0.17 2.66 0.58 1.27 1.97 1.90 0.85 0.40 0.27 0.23 2.67 0.12 2.67 0.28 0.43 0.90 1.50 1.70 0.99 0.49 0.35 2.66 0.13 2.67 0.28 0.37 0.57 1.27 2.19 2.00 1.91 1.15 0.57 2.67 0.11 2.67 0.29 0.34 0.44 0.67 1.47 2.06 1.98 1.97 1.17 2.66 0.08 2.66 0.29 0.30 0.35 0.41 0.63 1.04

I got: 1.72 1.75 2.66 0.12 2.69 0.29 0.28 0.28 0.29 0.38 0.43 1.15 1.89 1.97 0.04 2.68 0.39 0.32 0.30 0.28 0.33 0.31 0.61 1.18 0.19 0.12 0.04 2.65 0.04 0.03 0.03 0.19 0.15 0.07 0.07 0.13 0.08 0.25 0.07 2.63 0.05 0.03 0.03 0.20 0.14 0.07 0.05 0.14 0.45 0.67 1.32 2.66 0.23 1.33 0.64 0.40 0.36 0.25 0.35 0.32 0.37 0.48 0.65 1.42 0.29 2.66 1.35 0.62 0.43 0.28 0.37 0.30 0.06 0.01 0.07 0.01 0.01 0.23 0.01 0.01 0.01 0.09 0.01 0.01 0.01 0.00 0.01 0.01 0.01 0.46 0.01 0.06 0.01 0.01 0.07 0.01 0.31 0.31 0.27 0.29 0.37 2.66 0.10 1.85 1.80 1.09 0.67 0.36 0.43 0.36 0.30 0.30 0.33 2.65 0.14 2.65 2.15 2.29 1.67 0.62 0.53 0.39 0.29 0.27 0.27 2.65 0.16 2.67 1.15 2.20 2.16 1.13 1.18 0.58 0.38 0.31 0.29 2.66 0.18 2.70 0.58 1.27 1.97 1.90 0.85 0.39 0.27 0.23 2.67 0.10 2.66 0.28 0.43 0.90 1.50 1.70 0.99 0.49 0.35 2.69 0.13 2.66 0.28 0.37 0.57 1.27 2.19 2.00 1.91 1.15 0.56 2.69 0.12 2.67 0.29 0.34 0.44 0.67 1.47 2.06 1.98 1.97 1.17 2.67 0.10 2.67 0.29 0.30 0.35 0.41 0.63 1.04

I got: 1.73 1.74 2.68 0.13 2.66 0.29 0.27 0.28 0.29 0.38 0.43 1.14 1.89 1.97 0.03 2.67 0.39 0.32 0.30 0.28 0.33 0.31 0.60 1.18 0.19 0.12 0.04 2.64 0.04 0.03 0.03 0.19 0.14 0.07 0.06 0.13 0.08 0.25 0.08 2.66 0.05 0.03 0.03 0.20 0.14 0.07 0.05 0.14 0.45 0.67 1.32 2.66 0.23 1.33 0.64 0.40 0.36 0.25 0.35 0.32 0.37 0.48 0.66 1.41 0.30 2.67 1.35 0.62 0.44 0.29 0.37 0.30 0.06 0.01 0.07 0.01 0.01 0.17 0.01 0.01 0.01 0.08 0.01 0.01 0.01 0.01 0.01 0.01 0.01 0.54 0.01 0.07 0.01 0.01 0.06 0.01 0.31 0.31 0.27 0.29 0.37 2.66 0.12 1.86 1.79 1.09 0.67 0.36 0.43 0.36 0.30 0.30 0.33 2.66 0.14 2.66 2.15 2.28 1.66 0.62 0.53 0.39 0.29 0.27 0.27 2.66 0.15 2.66 1.15 2.20 2.16 1.13 1.18 0.58 0.38 0.31 0.29 2.65 0.18 2.66 0.58 1.27 1.97 1.90 0.85 0.40 0.28 0.23 2.67 0.10 2.66 0.28 0.43 0.90 1.50 1.70 0.99 0.49 0.35 2.66 0.15 2.66 0.28 0.37 0.57 1.27 2.19 2.00 1.91 1.15 0.57 2.69 0.12 2.68 0.29 0.34 0.44 0.67 1.47 2.06 1.98 1.97 1.17 2.67 0.08 2.66 0.29 0.31 0.35 0.41 0.63 1.04

