I got: 1.91 1.57 2.68 0.12 2.69 0.26 0.26 0.30 0.34 0.38 0.54 1.31 1.84 1.74 0.03 2.69 0.33 0.28 0.29 0.30 0.31 0.39 0.86 1.56 0.26 0.14 0.07 2.65 0.04 0.03 0.04 0.01 0.09 0.06 0.05 0.15 0.15 0.16 0.09 2.65 0.05 0.03 0.04 0.02 0.10 0.06 0.04 0.18 0.64 0.53 1.09 2.68 0.22 1.13 0.54 0.35 0.23 0.21 0.37 0.44 0.58 0.40 0.55 1.33 0.28 2.68 1.19 0.55 0.31 0.24 0.36 0.40 0.07 0.08 0.01 0.07 0.06 0.42 0.01 0.01 0.01 0.06 0.01 0.01 0.01 0.01 0.01 0.08 0.10 0.36 0.01 0.06 0.01 0.01 0.01 0.01 0.65 0.38 0.30 0.41 0.40 2.66 0.07 2.12 2.06 1.14 0.69 0.51 0.65 0.37 0.26 0.35 0.28 2.66 0.13 2.67 1.78 1.98 1.24 0.56 0.80 0.44 0.30 0.34 0.25 2.67 0.15 2.66 0.95 1.98 2.01 1.01 1.50 0.76 0.46 0.43 0.29 2.66 0.17 2.66 0.46 1.04 1.87 1.80 1.20 0.60 0.51 0.32 2.66 0.13 2.65 0.27 0.42 0.86 1.53 1.99 0.95 0.63 0.40 2.67 0.13 2.67 0.27 0.35 0.51 1.05 1.96 2.23 1.74 1.00 0.51 2.67 0.13 2.67 0.26 0.31 0.41 0.59 1.06 1.99 1.92 1.59 0.86 2.66 0.12 2.66 0.25 0.27 0.34 0.41 0.51 0.87

I got: 1.91 1.57 2.69 0.12 2.68 0.26 0.26 0.30 0.34 0.39 0.53 1.31 1.84 1.74 0.03 2.69 51.53 0.28 0.29 0.30 0.31 0.40 0.86 1.57 0.26 0.14 0.07 2.67 0.04 0.03 0.04 0.01 0.09 0.06 0.06 0.16 0.16 0.16 0.09 2.65 0.05 0.04 0.04 0.01 0.10 0.06 0.04 0.18 0.64 0.53 1.09 2.67 0.22 1.13 0.54 0.35 0.23 0.21 0.36 0.45 0.58 0.41 0.55 1.33 0.29 2.66 1.19 0.55 0.31 0.24 0.36 0.40 0.09 0.08 0.01 0.07 0.09 0.73 0.01 0.01 0.01 0.08 0.01 0.01 0.01 0.01 0.01 0.08 0.08 0.70 0.01 0.06 0.01 0.01 0.01 0.01 0.65 0.38 0.30 0.41 0.40 2.68 0.07 2.12 2.06 1.13 0.69 0.50 0.65 0.37 0.26 0.35 0.28 2.66 0.13 2.66 1.78 1.97 1.24 0.55 0.80 0.44 0.30 0.34 0.25 2.66 0.16 2.67 0.95 1.99 2.01 1.01 1.50 0.77 0.46 0.42 0.29 2.67 0.19 2.66 0.47 1.04 1.97 1.72 1.20 0.60 0.51 0.32 2.66 0.13 2.66 0.27 0.41 0.86 1.42 1.99 0.81 0.54 0.34 2.67 0.12 2.67 0.23 0.29 0.44 0.90 1.67 1.97 1.74 1.00 0.51 2.66 0.13 2.66 0.27 0.31 0.41 0.59 0.97 1.99 1.92 1.59 0.86 2.66 0.12 2.66 0.25 0.27 0.34 0.41 0.41 0.98

I got: 1.90 1.56 2.70 0.13 2.70 0.26 0.26 0.30 0.34 0.31 0.61 1.31 1.83 1.74 0.04 2.70 0.33 0.28 0.29 0.30 0.24 0.47 0.86 1.56 0.26 0.14 0.07 2.68 0.04 0.03 0.04 0.01 0.26 0.15 0.06 0.16 0.16 0.17 0.09 2.65 0.05 0.04 0.04 0.02 0.26 0.16 0.04 0.18 0.64 0.53 1.09 2.68 0.23 1.12 0.54 0.35 0.16 0.31 0.37 0.44 0.58 0.41 0.55 1.33 0.30 2.66 1.18 0.55 0.21 0.35 0.36 0.40 0.12 0.11 0.01 0.08 0.08 0.75 0.01 0.01 0.01 0.07 0.01 0.01 0.01 0.01 0.01 0.09 0.09 0.71 0.01 0.09 0.01 0.01 0.01 0.01 0.65 0.38 0.30 0.41 0.40 2.67 0.10 2.11 2.06 1.22 0.69 0.51 0.52 0.29 0.20 0.33 0.24 2.65 0.18 2.65 1.42 1.59 0.99 0.43 0.80 0.44 0.30 0.34 0.25 2.66 0.14 2.67 0.95 1.98 2.07 1.01 1.50 0.77 0.46 0.43 0.29 2.66 0.19 2.67 0.46 1.04 1.94 1.74 1.20 0.60 0.51 0.32 2.66 0.13 2.67 0.27 0.41 0.86 1.41 1.99 0.81 0.54 0.34 2.69 0.16 2.66 51.53 0.34 0.50 1.03 1.68 1.98 1.74 1.00 0.51 2.67 0.12 2.67 0.26 0.31 0.41 0.59 0.96 2.00 1.92 1.59 0.86 2.66 0.11 2.66 0.25 0.27 0.34 0.41 0.40 0.97

I got: 1.91 1.56 2.70 0.11 2.69 0.26 0.26 0.30 0.34 0.31 0.61 1.31 1.83 1.74 0.03 2.68 0.33 0.28 0.28 0.30 0.24 0.47 0.86 1.56 0.26 0.14 0.07 2.66 0.04 0.03 0.04 0.01 0.25 0.15 0.06 0.16 0.16 0.16 0.09 2.66 0.05 0.04 0.04 0.01 0.26 0.16 0.04 0.18 0.64 0.53 1.09 2.66 0.23 1.12 0.54 0.35 0.16 0.31 0.36 0.44 0.58 0.41 0.55 1.33 0.30 2.67 1.19 0.55 0.22 0.34 0.36 0.40 0.07 0.08 0.01 0.07 0.06 0.50 0.01 0.01 0.01 0.07 0.01 0.01 0.01 0.01 0.01 0.07 0.08 0.48 0.01 0.06 0.01 0.01 0.01 0.01 0.65 0.38 0.30 0.41 0.40 2.66 0.08 2.11 2.06 1.22 0.69 0.51 0.52 0.29 0.21 0.33 0.24 2.66 0.18 2.67 1.43 1.59 0.99 0.40 0.80 0.44 0.30 0.34 0.25 2.67 0.16 2.68 0.95 1.99 2.09 1.01 1.50 0.76 0.46 0.42 0.29 2.67 0.19 2.66 0.47 1.04 1.97 1.71 1.20 0.60 0.51 0.32 2.67 0.13 2.66 0.27 0.41 0.86 1.40 1.99 0.80 0.53 0.33 2.69 0.13 2.68 0.23 0.29 0.44 0.90 1.67 1.97 1.74 1.00 0.51 2.66 0.13 2.71 0.26 0.31 0.41 0.59 0.96 2.00 1.93 1.59 0.86 2.69 0.11 2.67 0.25 0.27 0.34 0.42 0.40 0.98

I got: 1.90 1.57 2.70 0.12 2.69 0.26 0.26 0.30 0.34 0.31 0.62 1.31 1.83 1.74 0.03 2.69 0.33 0.28 0.29 0.30 0.24 0.47 0.86 1.56 0.27 0.14 0.07 2.67 0.04 0.03 0.04 0.01 0.26 0.16 0.06 0.16 0.16 0.16 0.09 2.67 0.05 0.04 0.04 0.01 0.26 0.15 0.04 0.18 0.64 0.53 1.09 2.67 0.24 1.12 0.54 0.35 0.16 0.31 0.37 0.44 0.58 0.41 0.55 1.33 0.32 2.68 1.19 0.55 0.21 0.34 0.36 0.39 0.08 0.08 0.01 0.07 0.09 0.23 0.01 0.01 0.01 0.07 0.01 0.01 0.01 0.01 0.01 0.06 0.10 0.48 0.01 0.09 0.01 0.01 0.01 0.01 0.65 0.38 0.30 0.41 0.40 2.66 0.08 2.11 2.06 1.22 0.69 0.50 0.52 0.29 0.21 0.32 0.24 2.67 0.15 2.65 1.43 1.58 0.99 0.39 0.80 0.44 0.30 0.34 0.25 2.67 0.16 2.66 0.95 1.98 2.08 1.01 1.50 0.77 0.46 0.42 0.29 2.66 0.17 2.66 0.47 1.04 1.97 1.71 1.20 0.60 0.51 0.32 2.66 0.13 2.66 0.27 0.41 0.86 1.40 1.98 0.81 0.53 0.34 2.67 0.12 2.66 0.23 0.29 0.44 0.90 1.68 1.98 1.74 1.00 0.51 2.67 0.13 2.67 0.27 0.31 0.41 0.59 0.97 2.00 1.93 1.59 0.86 2.67 0.13 2.66 0.25 0.27 0.34 0.42 0.41 0.97

I got: 1.90 1.56 2.68 0.13 2.69 0.26 0.26 0.30 0.34 0.32 0.61 1.31 1.83 1.74 0.03 2.69 0.33 0.28 0.29 0.30 0.25 0.47 0.86 1.56 0.27 0.14 0.07 2.65 0.04 0.03 0.04 0.01 0.25 0.15 0.06 0.16 0.16 0.16 0.09 2.65 0.05 0.04 0.04 0.01 0.26 0.15 0.04 0.19 0.65 0.53 1.09 2.67 0.23 1.13 0.54 0.35 0.16 0.30 0.37 0.44 0.59 0.41 0.55 1.33 0.29 2.66 1.19 0.55 0.23 0.33 0.36 0.39 0.08 0.08 0.01 0.10 0.08 0.82 0.01 0.01 0.01 0.08 0.01 0.01 0.01 0.01 0.01 0.08 0.06 0.79 0.01 0.07 0.01 0.01 0.01 0.01 0.65 0.38 0.30 0.41 0.40 2.67 0.08 2.11 2.05 1.22 0.69 0.50 0.53 0.29 0.21 0.32 0.24 2.66 0.16 2.66 1.43 1.58 0.99 0.40 0.80 0.44 0.30 0.34 0.25 2.67 0.16 2.67 0.95 1.98 2.08 1.01 1.50 0.77 0.46 0.42 0.29 2.71 0.17 2.66 0.47 1.04 1.97 1.71 1.20 0.60 0.51 0.32 2.67 0.13 2.69 0.27 0.41 0.85 1.40 1.98 0.80 0.53 0.33 2.69 0.11 2.71 0.23 0.30 0.44 0.90 1.67 1.97 1.74 1.00 0.51 2.66 0.12 2.67 0.27 0.31 0.41 0.59 0.96 2.00 1.93 1.59 0.86 2.67 0.12 2.67 0.25 0.28 0.34 0.42 0.41 0.98

I got: 1.90 1.56 2.68 0.11 2.70 0.26 0.26 0.29 0.34 0.31 0.61 1.31 1.83 1.74 0.04 2.68 0.33 0.28 0.29 0.30 0.24 0.47 0.86 1.56 0.26 0.14 0.07 2.66 0.04 0.03 0.04 0.01 0.26 0.15 0.06 0.16 0.16 0.16 0.09 2.66 0.05 0.04 0.04 0.02 0.26 0.15 0.04 0.19 0.65 0.53 1.09 2.68 0.21 1.12 0.54 0.35 0.15 0.31 0.36 0.45 0.59 0.41 0.55 1.33 0.31 2.68 1.18 0.55 0.21 0.34 0.36 0.39 0.09 0.09 0.01 0.08 0.07 0.63 0.01 0.01 0.01 0.07 0.01 0.01 0.01 0.01 0.01 0.08 0.07 0.58 0.01 0.04 0.01 0.01 0.01 0.01 0.65 0.38 0.30 0.41 0.40 2.67 0.08 2.10 2.05 1.23 0.69 0.50 0.52 0.30 0.21 0.32 0.24 2.66 0.14 2.66 1.42 1.58 0.99 0.40 0.80 0.44 0.30 0.34 0.25 2.66 0.14 2.66 0.95 1.98 2.08 1.01 1.51 0.77 0.46 0.42 0.29 2.66 0.19 2.67 0.47 1.04 1.97 1.71 1.19 0.60 0.51 0.32 2.66 0.14 2.66 0.27 0.41 0.85 1.40 1.97 0.80 0.53 0.34 2.67 0.12 2.66 0.23 0.29 0.44 0.90 1.67 1.97 1.74 1.00 0.51 2.67 0.12 2.67 0.26 0.31 0.41 0.59 0.96 2.00 1.93 1.60 0.87 2.67 0.11 2.66 0.25 0.28 0.34 0.42 0.41 0.99

I got: 1.90 1.56 2.69 0.11 2.66 0.26 0.26 0.30 0.34 0.31 0.61 1.31 1.83 1.73 0.05 2.67 0.33 0.28 0.29 0.30 0.23 0.48 0.86 1.56 0.27 0.14 0.07 2.65 0.04 0.03 0.04 0.01 0.26 0.16 0.06 0.17 0.16 0.17 0.09 2.65 0.05 0.04 0.04 0.01 0.27 0.16 0.04 0.19 0.65 0.53 1.09 2.67 0.23 1.13 0.54 0.35 0.15 0.31 0.37 0.44 0.59 0.41 0.55 1.33 0.29 2.67 1.19 0.55 0.21 0.35 0.36 0.39 0.11 0.07 0.01 0.08 0.06 0.45 0.01 0.01 0.01 0.08 0.01 0.01 0.00 0.01 0.01 0.08 0.06 0.44 0.01 0.07 0.01 0.01 0.01 0.01 0.65 0.38 0.30 0.41 0.40 2.67 0.09 2.11 2.05 1.22 0.69 0.50 0.52 0.29 0.21 0.32 0.24 2.68 0.16 2.66 1.42 1.59 0.99 0.39 0.80 0.44 0.30 0.34 0.25 2.70 0.15 2.67 0.95 1.98 2.09 1.01 1.51 0.76 0.46 0.42 0.29 2.67 0.19 2.67 0.47 1.04 1.98 1.70 1.19 0.60 0.51 0.32 2.66 0.11 2.66 0.27 0.41 0.85 1.39 1.97 0.80 0.53 0.34 2.67 0.12 2.67 0.23 0.29 0.44 0.90 1.67 1.98 1.74 1.00 0.51 2.68 0.12 2.67 0.27 0.31 0.41 0.59 0.96 2.00 1.93 1.59 0.87 2.66 0.12 2.66 0.25 0.28 0.34 0.42 0.40 0.98

I got: 1.90 1.56 2.69 0.12 2.68 0.26 0.26 0.30 0.34 0.31 0.61 1.31 1.83 1.73 0.04 2.68 0.33 0.28 0.29 0.30 0.24 0.47 0.86 1.56 0.26 0.14 0.07 2.65 0.04 0.03 0.04 0.01 0.26 0.16 0.06 0.17 0.16 0.16 0.09 2.64 0.05 0.04 0.04 0.02 0.27 0.16 0.04 0.19 0.65 0.53 1.09 2.66 0.23 1.12 0.54 0.35 0.15 0.31 0.36 0.44 0.59 0.41 0.55 1.32 0.29 2.66 1.19 0.55 0.21 0.35 0.36 0.39 0.13 0.14 0.01 0.07 0.09 0.62 0.01 0.01 0.01 0.08 0.01 0.00 0.01 0.01 0.01 0.08 0.13 0.64 0.01 0.07 0.01 0.01 0.01 0.01 0.65 0.38 0.30 0.40 0.40 2.67 0.08 2.11 2.05 1.23 0.69 0.50 0.52 0.29 0.21 0.32 0.24 2.67 0.16 2.66 1.42 1.57 0.99 0.39 0.80 0.44 0.30 0.34 0.25 2.67 0.15 2.66 0.95 1.98 2.10 1.01 1.51 0.77 0.46 0.42 0.29 2.67 0.17 2.66 0.47 1.04 1.98 1.70 1.20 0.60 0.50 0.32 2.67 0.13 2.66 0.27 0.41 0.85 1.39 1.97 0.81 0.53 0.34 2.67 0.13 2.66 0.23 0.29 0.44 0.90 1.67 1.99 1.74 1.00 0.51 2.66 0.12 2.67 0.26 0.31 0.41 0.59 0.95 2.00 1.93 1.59 0.87 2.67 0.12 2.67 0.25 0.28 0.34 0.42 0.41 0.98

I got: 1.90 1.56 2.68 0.12 2.69 0.26 0.26 0.30 0.34 0.31 0.61 1.31 1.83 1.74 0.04 2.70 0.33 0.28 0.29 0.30 0.24 0.47 0.86 1.56 0.27 0.13 0.07 2.65 0.04 0.03 0.04 0.01 0.26 0.16 0.06 0.16 0.16 0.16 0.09 2.66 0.05 0.04 0.04 0.02 0.26 0.16 0.04 0.19 0.65 0.53 1.09 2.73 0.23 1.12 0.54 0.35 0.15 0.30 0.37 0.44 0.59 0.41 0.55 1.32 0.29 2.67 1.18 0.55 0.22 0.34 0.36 0.39 0.08 0.08 0.01 0.10 0.08 0.80 0.01 0.01 0.01 0.11 0.01 0.01 0.01 0.01 0.01 0.07 0.08 0.78 0.01 0.07 0.01 52.50 0.05 0.01 0.65 0.38 0.30 0.40 0.40 2.67 0.07 2.10 2.05 1.22 0.69 0.50 0.52 0.29 0.21 0.32 0.23 2.66 0.18 2.67 1.43 1.59 0.99 0.39 0.80 0.44 0.30 0.34 0.25 2.67 0.17 2.67 0.95 1.98 2.10 1.00 1.51 0.77 0.46 0.42 0.29 2.67 0.18 2.66 0.46 1.04 1.98 1.70 1.19 0.60 0.50 0.31 2.66 0.14 2.65 0.27 0.41 0.85 1.39 1.96 0.80 0.53 0.34 2.67 0.11 2.68 0.23 0.29 0.44 0.89 1.67 1.97 1.73 1.00 0.51 2.66 0.11 2.67 0.26 0.31 0.41 0.59 0.96 2.00 1.93 1.59 0.87 2.67 0.12 2.67 0.25 0.28 0.34 0.42 0.41 0.98

I got: 1.89 1.55 2.68 0.13 2.69 0.26 0.26 0.30 0.34 0.31 0.62 1.30 1.82 1.73 0.05 2.69 0.33 0.28 0.29 0.30 0.23 0.48 0.86 1.56 0.27 0.13 0.07 2.67 0.04 0.03 0.04 0.01 0.26 0.17 0.06 0.17 0.16 0.16 0.09 2.67 0.05 0.04 0.04 0.02 0.27 0.16 0.04 0.20 0.65 0.53 1.09 2.68 0.24 1.12 0.54 0.35 0.15 0.31 0.37 0.44 0.59 0.41 0.55 1.32 0.31 2.67 1.19 0.55 0.21 0.35 0.36 0.39 0.08 0.09 0.01 0.06 0.07 0.51 0.01 0.01 0.01 0.05 0.01 0.00 0.01 0.01 0.01 0.07 0.08 0.46 0.01 0.06 0.01 0.01 0.05 0.01 0.65 0.38 0.30 0.40 0.40 2.66 0.08 2.10 2.04 1.23 0.69 0.49 0.52 0.30 0.21 0.32 0.24 2.66 0.16 2.66 1.43 1.58 0.99 0.39 0.80 0.44 0.30 0.33 0.25 2.67 0.16 2.66 0.95 1.98 2.09 1.00 1.51 0.77 0.46 0.42 0.29 2.66 0.17 2.67 0.47 1.04 1.98 1.71 1.19 0.60 0.50 0.31 2.65 0.13 2.67 0.27 0.41 0.85 1.38 1.96 0.80 0.52 0.33 2.67 0.13 2.67 0.23 0.29 0.44 0.90 1.66 1.97 1.73 0.99 0.51 2.67 0.13 2.66 0.26 0.31 0.41 0.59 0.96 2.01 1.93 1.60 0.87 2.68 0.11 2.66 0.25 0.28 0.34 0.42 0.40 0.99

I got: 1.90 1.56 2.69 0.14 2.67 0.26 0.26 0.29 0.34 0.30 0.61 1.31 1.82 1.73 0.04 2.72 0.33 0.28 0.28 0.30 0.23 0.48 0.86 1.56 0.27 0.14 0.07 2.64 0.04 0.03 0.04 0.01 0.26 0.16 0.06 0.17 0.17 0.17 0.08 2.66 0.05 0.04 0.04 0.02 0.27 0.16 0.04 0.19 0.65 0.53 1.09 2.69 0.22 1.12 0.54 0.35 0.15 0.31 0.37 0.44 0.59 0.41 0.55 1.32 0.31 2.66 1.19 0.55 0.21 0.35 0.36 0.39 0.07 0.08 0.01 0.07 0.07 0.34 0.01 0.01 0.01 0.06 0.02 0.01 0.00 0.01 0.01 0.07 0.08 0.38 0.01 0.07 0.01 0.01 0.01 0.01 0.65 0.38 0.30 0.40 0.40 2.67 0.08 2.10 2.05 1.22 0.69 0.50 0.52 0.30 0.21 0.32 0.24 2.66 0.16 2.66 1.42 1.57 0.99 0.38 0.80 0.44 0.30 0.33 0.25 2.67 0.15 2.67 0.95 1.98 2.10 1.00 1.51 0.77 0.46 0.42 0.29 2.67 0.20 2.66 0.47 1.04 1.98 1.70 1.19 0.60 0.50 0.31 2.67 0.13 2.65 0.27 0.41 0.85 1.39 1.96 0.80 0.52 0.33 2.68 0.11 2.68 0.23 0.29 0.44 0.89 1.66 1.97 1.73 0.99 0.51 2.67 0.13 2.66 0.26 0.31 0.41 0.59 0.96 2.01 1.93 1.59 0.87 2.67 0.11 2.66 0.25 0.28 0.34 0.42 0.41 0.99

I got: 1.89 1.55 2.70 0.13 2.69 0.26 0.26 0.29 0.34 0.31 0.61 1.30 1.82 1.73 0.05 2.68 0.33 0.28 0.29 0.30 0.23 0.47 0.86 1.56 0.27 0.13 0.07 2.65 0.04 0.03 0.04 0.01 0.27 0.16 0.06 0.17 0.17 0.16 0.08 2.65 0.05 0.04 0.04 0.02 0.27 0.16 0.05 0.20 0.65 0.53 1.10 2.67 0.23 1.13 0.54 0.35 0.15 0.31 0.37 0.44 0.59 0.41 0.55 1.32 0.30 2.67 1.19 0.55 0.21 0.35 0.36 0.39 0.07 0.10 0.01 0.10 0.07 0.76 0.01 0.01 0.01 0.10 0.06 0.01 0.01 0.01 0.01 0.07 0.08 0.76 0.01 0.07 0.01 0.01 0.01 0.01 0.65 0.38 0.30 0.40 0.40 2.67 0.07 2.10 2.04 1.22 0.69 0.49 0.52 0.29 0.21 0.32 0.24 2.67 0.16 2.65 1.42 1.57 0.98 0.38 0.80 0.44 0.30 0.33 0.25 2.67 0.14 2.66 0.95 1.98 2.10 1.00 1.51 0.77 0.46 0.42 0.29 2.66 0.17 2.66 0.47 1.04 1.98 1.70 1.19 0.59 0.50 0.31 2.66 0.14 2.67 0.27 0.41 0.85 1.38 1.95 0.80 0.52 0.33 2.67 0.11 2.66 0.23 0.29 0.44 0.89 1.65 1.96 1.73 0.99 0.51 2.67 0.12 2.68 0.27 0.31 0.41 0.59 0.96 2.01 1.93 1.60 0.87 2.68 0.10 2.69 0.25 0.28 0.34 0.42 0.41 0.99

I got: 1.89 1.55 2.70 0.12 2.71 0.26 0.26 0.30 0.34 0.30 0.61 1.30 1.82 1.73 0.03 2.68 0.33 0.28 0.29 0.30 0.23 0.47 0.86 1.55 0.27 0.13 0.07 2.62 0.04 0.03 0.04 0.01 0.27 0.16 0.06 0.17 0.17 0.16 0.09 2.63 0.05 0.04 0.04 0.02 0.27 0.17 0.04 0.19 0.65 0.54