I got: 1.58 1.59 2.68 0.12 2.68 0.31 0.31 0.33 0.34 0.32 0.38 0.94 1.77 1.71 0.03 2.67 0.41 0.38 0.38 0.37 0.33 0.33 0.58 1.04 0.21 0.22 0.06 2.65 0.05 0.02 0.04 0.02 0.03 0.08 0.06 0.15 0.10 0.14 0.08 2.65 0.06 0.03 0.04 0.03 0.03 0.09 0.05 0.16 0.49 0.57 1.08 2.67 0.22 1.14 0.61 0.46 0.35 0.30 0.43 0.35 0.45 0.45 0.56 1.41 0.31 2.66 1.20 0.63 0.41 0.33 0.45 0.35 0.08 0.08 0.01 0.10 0.00 0.25 0.01 0.01 0.01 0.08 0.07 0.07 0.01 0.04 0.01 0.01 0.01 0.52 0.01 0.08 0.01 0.01 0.03 0.08 0.47 0.40 0.35 0.58 0.50 2.66 0.10 2.18 2.15 1.17 0.77 0.44 0.45 0.37 0.30 0.51 0.40 2.67 0.15 2.67 1.98 2.16 1.39 0.52 0.50 0.34 0.26 0.47 0.35 2.67 0.15 2.65 0.97 2.02 2.00 0.93 1.04 0.49 0.32 0.50 0.37 2.67 0.17 2.66 0.53 1.07 1.86 1.73 0.83 0.34 0.50 0.32 2.66 0.13 2.67 0.33 0.45 0.90 1.57 1.79 0.72 0.59 0.36 2.66 0.16 2.66 0.31 0.37 0.52 1.07 1.99 1.85 1.46 0.98 0.47 2.68 0.14 2.68 0.29 0.33 0.40 0.55 1.04 1.71 1.38 1.37 0.77 2.66 0.14 2.66 0.25 0.27 0.31 0.33 0.38 0.66

I got: 1.59 1.60 2.69 0.13 2.69 0.31 0.31 0.33 0.34 0.32 0.38 0.94 1.77 1.72 0.03 2.68 0.41 0.38 0.38 0.37 0.33 0.33 0.58 1.04 0.21 0.22 0.06 2.64 0.05 0.03 0.04 0.01 0.04 0.08 0.06 0.14 0.10 0.13 0.08 2.64 0.05 0.03 0.04 0.01 0.05 0.09 0.05 0.16 0.49 0.59 1.07 2.66 0.24 1.14 0.61 0.46 0.35 0.30 0.42 0.35 0.45 0.47 0.55 1.40 0.30 2.66 1.20 0.63 0.41 0.34 0.45 0.36 0.08 0.09 0.01 0.08 0.01 0.82 0.01 0.01 0.01 0.07 0.01 0.01 0.01 0.02 0.01 0.07 0.01 0.79 0.01 0.07 0.01 0.01 0.01 0.01 0.47 0.41 0.35 0.57 0.50 2.72 0.08 2.18 2.14 1.17 0.76 0.44 0.45 0.37 0.30 0.50 0.40 2.66 0.13 2.66 1.97 2.21 1.39 0.52 0.50 0.34 0.26 0.46 0.35 2.67 0.15 2.69 0.97 2.11 1.92 0.93 1.03 0.50 0.32 0.50 0.36 2.67 0.17 2.67 0.53 1.07 1.76 1.73 0.63 0.35 0.49 0.32 2.66 0.11 2.66 0.32 0.45 0.89 1.55 1.78 0.72 0.58 0.36 2.66 0.13 2.66 0.31 0.37 0.51 1.07 1.98 1.84 1.47 0.98 0.47 2.67 0.13 2.67 0.29 0.33 0.40 0.55 1.04 1.71 1.38 1.38 0.77 2.66 0.11 2.67 0.25 0.27 0.31 0.33 0.39 0.66

I got: 1.59 1.58 2.69 0.12 2.67 0.31 0.31 0.33 0.26 0.41 0.38 0.94 1.77 1.72 0.03 2.69 0.41 0.38 0.38 0.30 0.42 0.33 0.58 1.04 0.22 0.21 0.06 2.65 0.04 0.03 0.04 0.26 0.22 0.08 0.06 0.14 0.11 0.13 0.08 2.65 0.05 0.03 0.04 0.26 0.21 0.08 0.05 0.15 0.49 0.57 1.09 2.66 0.22 1.14 0.61 0.37 0.45 0.30 0.42 0.35 0.46 0.46 0.57 1.40 0.33 2.68 1.20 0.52 0.52 0.33 0.45 0.35 0.07 0.09 0.01 0.07 0.01 0.56 0.01 0.01 0.01 0.07 0.01 0.01 0.01 0.01 0.01 0.08 0.01 0.53 0.01 0.06 0.01 0.06 0.00 0.01 0.34 0.28 0.25 0.49 0.40 2.66 0.13 1.67 2.10 1.15 0.75 0.43 0.45 0.36 0.31 0.50 0.40 2.66 0.15 2.66 1.96 2.15 1.38 0.52 0.50 0.34 0.27 0.46 0.35 2.66 0.14 2.66 0.97 2.02 2.01 0.93 1.03 0.49 0.33 0.49 0.36 2.66 0.19 2.67 0.52 1.07 1.86 1.72 0.81 0.35 0.48 0.32 2.66 0.14 2.66 0.32 0.44 0.88 1.53 1.75 0.73 0.57 0.36 2.66 0.16 2.67 0.31 0.36 0.51 1.06 1.97 1.83 1.48 0.98 0.48 2.67 0.13 2.67 0.30 0.33 0.40 0.48 1.14 1.72 1.38 1.39 0.77 2.67 0.12 2.66 0.25 0.27 0.31 0.23 0.48 0.70

I got: 1.58 1.58 2.69 0.11 2.69 0.31 0.31 0.33 0.26 0.33 0.46 0.94 1.77 1.72 0.04 2.68 0.41 0.38 0.38 0.31 0.33 0.41 0.58 1.04 0.22 0.20 0.06 2.65 0.05 0.02 0.04 0.25 0.03 0.14 0.06 0.14 0.11 0.13 0.08 2.66 0.05 0.03 0.04 0.26 0.03 0.15 0.05 0.15 0.49 0.58 1.08 2.66 0.20 1.14 0.61 0.38 0.35 0.39 0.42 0.35 0.46 0.46 0.57 1.40 0.29 2.72 1.20 0.53 0.42 0.43 0.44 0.35 0.07 0.12 0.01 0.07 0.01 0.17 0.01 0.01 0.01 0.08 0.01 0.01 0.01 0.01 0.01 0.07 0.01 0.38 0.01 0.07 0.01 0.06 0.01 0.01 0.46 0.40 0.35 0.56 0.50 2.67 0.08 2.16 2.11 1.24 0.74 0.44 0.46 0.38 0.30 0.50 0.40 2.67 0.15 2.67 1.98 2.16 1.38 0.52 0.51 0.35 0.27 0.46 0.35 2.67 0.14 2.66 0.97 2.02 2.07 0.93 1.02 0.50 0.32 0.49 0.36 2.67 0.17 2.66 0.52 1.07 1.94 1.64 0.83 0.35 0.48 0.32 2.65 0.12 2.66 0.32 0.45 0.88 1.43 1.76 0.73 0.57 0.36 2.67 0.12 2.67 0.31 0.37 0.52 1.07 1.99 1.85 1.47 0.98 0.47 2.67 0.12 2.67 0.30 0.33 0.40 0.55 1.05 1.72 1.39 1.38 0.78 2.66 0.14 2.66 0.25 0.27 0.31 0.33 0.39 0.67

I got: 1.58 1.59 2.67 0.12 2.69 0.31 0.31 0.33 0.33 0.32 0.38 0.94 1.77 1.72 0.03 2.67 0.41 0.38 0.38 0.30 0.42 0.34 0.58 1.04 0.22 0.20 0.06 2.65 0.05 0.02 0.04 0.26 0.22 0.09 0.05 0.14 0.11 0.13 0.08 2.66 0.05 0.03 0.04 0.27 0.21 0.09 0.04 0.15 0.49 0.58 1.09 2.67 0.23 1.14 0.61 0.37 0.46 0.30 0.42 0.35 0.46 0.47 0.57 1.40 0.32 2.67 1.20 0.53 0.53 0.34 0.44 0.35 0.12 0.08 0.01 0.07 0.01 0.27 0.01 0.01 0.01 0.09 0.01 0.01 0.01 0.01 0.01 0.08 0.01 0.69 0.01 0.06 0.01 0.07 0.01 0.01 0.34 0.29 0.23 0.48 0.39 2.67 0.12 1.66 1.61 1.14 0.74 0.43 0.46 0.37 0.31 0.49 0.40 2.67 0.12 2.65 1.98 2.16 1.39 0.52 0.51 0.35 0.27 0.45 0.35 2.66 0.15 2.66 0.97 2.02 2.01 0.93 1.02 0.49 0.33 0.48 0.36 2.66 0.18 2.67 0.52 1.07 1.85 1.72 0.82 0.35 0.47 0.32 2.67 0.13 2.66 0.32 0.45 0.88 1.53 1.75 0.73 0.57 0.36 2.66 0.13 2.66 0.31 0.37 0.52 1.07 1.99 1.85 1.47 0.97 0.47 2.66 0.12 2.66 0.30 0.33 0.40 0.55 1.05 1.72 1.39 1.39 0.78 2.67 0.11 2.66 0.25 0.27 0.31 0.34 0.39 0.67

I got: 1.58 1.58 2.69 0.13 2.69 0.31 0.31 0.33 0.33 0.32 0.38 0.94 1.76 1.72 0.03 2.69 0.41 0.38 0.38 0.37 0.33 0.33 0.58 1.04 0.22 0.19 0.06 2.67 0.04 0.02 0.04 0.02 0.03 0.08 0.06 0.14 0.11 0.14 0.08 2.65 0.05 0.03 0.04 0.02 0.03 0.09 0.04 0.16 0.49 0.58 1.09 2.67 0.23 1.14 0.61 0.46 0.35 0.31 0.42 0.35 0.46 0.46 0.57 1.39 0.29 2.67 1.20 0.63 0.41 0.34 0.44 0.35 0.07 0.07 0.01 0.10 0.01 0.77 0.01 0.01 0.01 0.09 0.01 0.01 0.01 0.01 0.01 0.07 0.01 0.71 0.01 0.07 0.01 0.10 0.01 0.01 0.46 0.40 0.35 0.55 0.49 2.66 0.11 2.15 2.09 1.14 0.74 0.43 0.46 0.37 0.30 0.49 0.40 2.67 0.13 2.68 1.97 2.16 1.38 0.52 0.50 0.35 0.27 0.45 0.35 2.66 0.15 2.67 0.97 2.02 2.01 0.93 1.02 0.50 0.32 0.48 0.36 2.66 0.18 2.66 0.52 1.07 1.85 1.72 0.82 0.35 0.47 0.32 2.66 0.13 2.67 0.32 0.45 0.88 1.53 1.75 0.74 0.57 0.36 2.66 0.15 2.66 0.31 0.37 0.52 1.06 1.98 1.85 1.47 0.97 0.47 2.66 0.13 2.68 0.30 0.33 0.40 0.55 1.05 1.72 1.39 1.39 0.78 2.67 0.12 2.66 0.25 0.27 0.31 0.34 0.39 0.67

I got: 1.58 1.58 2.70 0.12 2.68 0.31 0.31 0.33 0.33 0.32 0.38 0.94 1.77 1.72 0.04 2.68 0.41 0.38 0.38 0.37 0.33 0.34 0.58 1.04 0.22 0.19 0.06 2.64 0.04 0.03 0.04 0.02 0.03 0.08 0.05 0.14 0.11 0.13 0.08 2.63 0.05 0.03 0.04 0.02 0.04 0.09 0.04 0.16 0.49 0.58 1.10 2.66 0.23 1.14 0.61 0.46 0.35 0.31 0.42 0.35 0.46 0.46 0.57 1.39 0.30 2.66 1.20 0.63 0.41 0.34 0.44 0.36 0.07 0.08 0.01 0.08 0.01 0.50 0.01 0.01 0.01 0.11 0.01 0.01 0.01 0.01 0.01 0.07 0.01 0.46 0.01 0.08 0.01 0.10 0.01 0.01 0.46 0.40 0.35 0.55 0.49 2.67 0.09 2.14 2.08 1.14 0.73 0.43 0.45 0.37 0.30 0.49 0.40 2.66 0.14 2.66 1.96 2.15 1.37 0.52 0.51 0.36 0.28 0.45 0.35 2.67 0.15 2.67 0.97 2.02 2.01 0.93 1.02 0.49 0.33 0.48 0.36 2.67 0.19 2.66 0.52 1.07 1.85 1.72 0.81 0.35 0.46 0.30 2.66 0.12 2.67 0.32 0.44 0.88 1.53 1.75 0.73 0.56 0.36 2.67 0.13 2.66 0.30 0.36 0.51 1.05 1.97 1.83 1.48 0.97 0.47 2.66 0.15 2.72 0.30 0.33 0.40 0.55 1.04 1.71 1.39 1.40 0.78 2.69 0.11 2.66 0.25 0.27 0.31 0.34 0.39 0.67

I got: 1.58 1.57 2.68 0.14 2.66 0.31 0.31 0.33 0.33 0.32 0.38 0.93 1.76 1.72 0.03 2.68 0.41 0.38 0.38 0.37 0.33 0.34 0.58 1.04 0.22 0.19 0.06 2.65 0.05 0.03 0.04 0.02 0.06 0.06 0.05 0.14 0.11 0.13 0.08 2.65 0.05 0.03 0.04 0.02 0.23 0.15 0.04 0.16 0.49 0.58 1.09 2.68 0.22 1.14 0.61 0.46 0.27 0.39 0.42 0.35 0.46 0.46 0.58 1.39 0.31 2.66 1.20 0.63 0.32 0.43 0.44 0.35 0.08 0.08 0.01 0.07 0.01 0.20 0.01 0.01 0.01 0.07 0.01 0.01 0.01 0.01 0.01 0.11 0.01 0.43 0.01 0.10 0.01 0.08 0.01 0.01 0.46 0.39 0.35 0.55 0.49 2.68 0.08 2.15 2.08 1.23 0.73 0.43 0.35 0.27 0.22 0.43 0.32 2.65 0.14 2.67 1.77 1.94 1.25 0.47 0.51 0.35 0.28 0.45 0.35 2.67 0.14 2.65 0.97 2.02 2.02 0.93 1.02 0.49 0.34 0.48 0.36 2.66 0.17 2.66 0.53 1.07 1.84 1.63 0.62 0.28 0.37 0.25 2.66 0.14 2.67 0.30 0.43 0.84 1.36 1.61 0.69 0.53 0.34 2.66 0.15 2.66 0.29 0.35 0.48 0.98 1.85 1.73 1.47 0.97 0.47 2.68 0.13 2.68 0.30 0.33 0.40 0.53 1.05 1.72 1.39 1.39 0.78 2.66 0.12 2.66 0.25 0.27 0.31 0.31 0.41 0.70

I got: 1.57 1.58 2.68 0.13 2.67 0.31 0.31 0.33 0.31 0.32 0.41 0.93 1.76 1.73 0.04 2.70 0.41 0.38 0.38 0.36 0.32 0.36 0.58 1.04 0.22 0.19 0.06 2.64 0.05 0.03 0.04 0.13 0.13 0.14 0.05 0.14 0.11 0.13 0.08 2.64 0.05 0.03 0.04 0.14 0.13 0.14 0.04 0.16 0.49 0.58 1.10 2.66 0.24 1.14 0.61 0.44 0.28 0.39 0.42 0.35 0.46 0.47 0.57 1.39 0.29 2.66 1.20 0.60 0.34 0.43 0.44 0.35 0.06 0.07 0.01 0.08 0.01 0.30 0.01 0.01 0.01 0.09 0.01 0.01 0.01 0.01 0.01 0.07 0.01 0.80 0.01 0.07 0.01 0.10 0.01 0.01 0.46 0.40 0.35 0.54 0.49 2.67 0.09 2.13 2.07 1.23 0.73 0.43 0.42 0.34 0.28 0.47 0.37 2.67 0.16 2.66 1.83 2.01 1.29 0.48 0.51 0.36 0.28 0.44 0.35 2.66 0.13 2.67 0.97 2.04 2.00 0.93 1.02 0.50 0.34 0.48 0.36 2.71 0.18 2.66 0.52 1.07 1.83 1.71 0.82 0.35 0.46 0.31 2.66 0.13 2.69 0.32 0.44 0.87 1.50 1.74 0.70 0.53 0.34 2.66 0.13 2.69 0.29 0.35 0.49 1.02 1.90 1.77 1.47 0.96 0.47 2.67 0.13 2.67 0.30 0.33 0.40 0.55 1.04 1.72 1.40 1.39 0.78 2.67 0.12 2.67 0.25 0.27 0.31 0.34 0.38 0.69

I got: 1.57 1.58 2.69 0.12 2.68 0.31 0.31 0.33 0.33 0.31 0.38 0.93 1.76 1.72 0.02 2.68 0.41 0.38 0.38 0.37 0.33 0.34 0.58 1.04 0.22 0.18 0.06 2.67 0.04 0.03 0.04 0.02 0.06 0.05 0.05 0.14 0.11 0.13 0.08 2.66 0.05 0.03 0.04 0.03 0.07 0.05 0.05 0.15 0.49 0.59 1.09 2.66 0.22 1.14 0.61 0.46 0.34 0.31 0.42 0.35 0.46 0.47 0.57 1.39 0.30 2.67 1.20 0.63 0.40 0.34 0.44 0.35 0.08 0.07 0.01 0.07 0.01 0.63 0.01 0.01 0.01 0.07 0.01 0.01 0.01 0.01 0.01 0.07 0.01 0.58 0.01 0.07 0.01 0.06 0.01 0.01 0.46 0.40 0.34 0.54 0.49 2.66 0.08 2.11 2.06 1.13 0.73 0.42 0.43 0.35 0.29 0.47 0.38 2.67 0.14 2.67 1.85 2.04 1.30 0.49 0.51 0.36 0.27 0.45 0.35 2.66 0.15 2.67 0.97 2.02 2.01 0.93 1.03 0.49 0.33 0.48 0.36 2.66 0.20 2.67 0.52 1.07 1.84 1.71 0.81 0.34 0.44 0.30 2.67 0.11 2.67 0.30 0.42 0.83 1.44 1.66 0.70 0.53 0.34 2.68 0.14 2.67 0.29 0.35 0.49 0.95 1.90 1.76 1.47 0.96 0.47 2.68 0.13 2.68 0.30 0.33 0.40 0.46 1.14 1.72 1.40 1.40 0.78 2.66 0.11 2.66 0.26 0.27 0.31 0.23 0.51 0.69

I got: 1.58 1.57 2.69 0.14 2.68 0.31 0.31 0.33 0.26 0.40 0.38 0.93 1.75 1.73 0.04 2.68 0.41 0.38 0.38 0.31 0.40 0.34 0.58 1.04 0.22 0.18 0.06 2.65 0.05 0.03 0.04 0.25 0.18 0.05 0.05 0.14 0.12 0.14 0.08 2.65 0.05 0.03 0.04 0.26 0.17 0.06 0.04 0.16 0.50 0.58 1.10 2.66 0.24 1.14 0.61 0.37 0.44 0.31 0.42 0.35 0.46 0.46 0.58 1.38 0.30 2.66 1.20 0.53 0.51 0.34 0.44 0.35 0.07 0.07 0.01 0.06 0.03 0.20 0.01 0.01 0.01 0.07 0.01 0.01 0.01 0.01 0.01 0.09 0.01 0.43 0.01 0.06 0.01 0.08 0.01 0.01 0.36 0.31 0.34 0.54 0.48 2.66 0.09 2.12 2.06 1.14 0.73 0.42 0.43 0.35 0.29 0.47 0.38 2.66 0.15 2.67 1.86 2.04 1.30 0.49 0.51 0.35 0.28 0.45 0.35 2.68 0.16 2.66 0.97 2.02 2.01 0.93 1.02 0.50 0.34 0.48 0.36 2.67 0.18 2.66 0.52 1.07 1.86 1.71 0.81 0.35 0.46 0.31 2.66 0.15 2.67 0.31 0.44 0.87 1.50 1.73 0.70 0.53 0.34 2.67 0.12 2.66 0.29 0.35 0.49 1.02 1.90 1.77 1.46 0.97 0.47 2.67 0.14 2.66 0.30 0.33 0.40 0.55 1.04 1.72 1.39 1.40 0.78 2.66 0.11 2.66 0.26 0.28 0.31 0.34 0.38 0.69

I got: 1.58 1.56 2.69 0.14 2.68 0.31 0.31 0.33 0.33 0.32 0.38 0.93 1.76 1.72 0.04 2.67 0.41 0.38 0.38 0.37 0.32 0.34 0.58 1.04 0.22 0.18 0.06 2.66 0.05 0.03 0.04 0.02 0.06 0.05 0.05 0.14 0.12 0.14 0.08 2.65 0.05 0.03 0.04 0.03 0.07 0.06 0.04 0.16 0.49 0.58 1.10 2.67 0.23 1.14 0.61 0.46 0.34 0.31 0.42 0.35 0.46 0.46 0.58 1.38 0.30 2.66 1.20 0.63 0.40 0.34 0.44 0.35 0.08 0.07 0.01 0.07 0.01 0.27 0.01 0.01 0.01 0.11 0.01 0.01 0.01 0.01 0.01 0.05 0.01 0.61 0.01 0.06 0.01 0.06 0.01 0.01 0.46 0.39 0.36 0.54 0.49 2.67 0.08 2.12 2.06 1.14 0.73 0.42 0.44 0.35 0.30 0.47 0.38 2.66 0.14 2.67 1.86 2.05 1.30 0.49 0.51 0.35 0.29 0.44 0.35 2.67 0.16 2.66 0.97 2.02 2.01 0.93 1.02 0.49 0.34 0.47 0.36 2.66 0.19 2.66 0.52 1.07 1.86 1.71 0.80 0.36 0.45 0.31 2.67 0.12 2.66 0.31 0.44 0.86 1.49 1.72 0.71 0.53 0.34 2.67 0.12 2.67 0.30 0.35 0.49 1.02 1.90 1.76 1.47 0.96 0.47 2.67 0.13 2.67 0.30 0.33 0.40 0.55 1.04 1.72 1.40 1.40 0.79 2.67 0.13 2.66 0.26 0.28 0.31 0.34 0.39 0.69

I got: 1.57 1.56 2.68 0.13 2.66 0.31 0.31 0.33 0.33 0.32 0.38 0.93 1.75 1.73 0.03 2.67 0.41 0.38 0.38 0.37 0.33 0.34 0.58 1.04 0.22 0.18 0.06 2.64 0.04 0.03 0.04 0.03 0.06 0.05 0.05 0.14 0.12 0.14 0.08 2.65 0.05 0.03 0.04 0.03 0.06 0.06 0.04 0.16 0.49 0.58 1.10 2.66 0.22 1.14 0.61 0.46 0.34 0.31 0.42 0.35 0.46 0.47 0.58 1.38 0.29 2.67 1.20 0.62 0.40 0.34 0.44 0.35 0.08 0.09 0.01 0.07 0.01 0.78 0.01 0.01 0.01 0.08 0.01 0.01 0.01 0.01 0.01 0.07 0.01 0.76 0.01 0.06 0.01 0.07 0.01 0.01 0.46 0.39 0.35 0.54 0.49 2.67 0.10 2.11 2.05 1.13 0.73 0.42 0.44 0.35 0.29 0.47 0.38 2.66 0.13 2.66 1.86 2.05 1.31 0.49 0.51 0.35 0.28 0.44 0.35 2.67 0.12 2.68 0.97 2.02 2.01 0.93 1.02 0.50 0.34 0.47 0.36 2.67 0.17 2.66 0.52 1.07 1.86 1.71 0.81 0.36 0.45 0.31 2.66 0.13 2.66 0.31 0.44 0.86 1.49 1.71 0.70 0.53 0.34 2.66 0.14 2.67 0.29 0.35 0.49 1.02 1.90 1.77 1.47 0.97 0.47 2.67 0.14 2.66 0.30 0.33 0.40 0.55 1.04 1.72 1.40 1.41 0.79 2.67 0.11 2.66 0.26 0.28 0.31 0.34 0.39 0.69

I got: 1.57 1.56 2.69 0.14 2.69 0.31 0.31 0.33 0.33 0.31 0.38 0.93 1.75 1.72 0.03 2.68 0.41 0.38 0.38 0.37 0.33 0.34 0.58 1.04 0.22 0.17 0.06 2.67 0.04 0.03 0.04 0.03 0.06 0.05 0.05 0.14 0.12 0.14 0.08 2.67 0.05 0.03 0.04 0.03 0.06 0.06 0.04 0.16 0.50 0.58 1.10 2.67 0.22 1.14 0.61 0.46 0.34 0.31 0.42 0.35 0.46 0.47 0.58 1.38 0.29 2.68 1.20 0.63 0.40 0.34 0.44 0.35 0.07 0.07 0.01 0.08 0.01 0.49 0.01 0.01 0.01 0.08 0.01 0.01 0.01 0.01 0.01 0.06 0.01 0.49 0.01 0.07 0.01 0.07 0.00 0.01 0.46 0.39 0.36 0.53 0.48 2.66 0.11 2.10 2.04 1.13 0.72 0.42 0.44 0.34 0.30 0.47 0.38 2.67 0.16 2.67 1.86 2.05 1.31 0.49 0.51 0.35 0.29 0.44 0.35 2.66 0.16 2.66 0.97 2.02 2.01 0.93 1.03 0.49 0.35 0.47 0.36 2.66 0.17 2.67 0.52 1.07 1.85 1.71 0.78 0.35 0.44 0.30 2.66 0.10 2.66 0.30 0.42 0.83 1.43 1.64 0.71 0.53 0.34 2.67 0.13 2.67 0.30 0.35 0.49 0.94 1.90 1.78 1.48 0.97 0.48 2.69 0.12 2.66 0.30 0.33 0.41 0.45 1.16 1.73 1.40 1.41 0.79 2.67 0.13 2.67 0.26 0.28 0.32 0.22 0.52 0.69

