I got: 2.05 1.45 2.70 0.11 2.70 0.24 0.24 0.27 0.31 0.37 0.53 1.64 1.84 1.72 0.05 2.66 0.30 0.25 0.24 0.23 0.23 0.28 0.73 2.23 0.32 0.12 0.07 2.65 0.04 0.04 0.04 0.01 0.06 0.10 0.05 0.20 0.20 0.16 0.09 2.68 0.05 0.04 0.04 0.01 0.07 0.10 0.04 0.23 0.76 0.46 1.09 2.70 0.23 1.13 0.55 0.35 0.22 0.17 0.28 0.50 0.68 0.33 0.54 1.31 0.29 2.69 1.19 0.55 0.30 0.21 0.29 0.44 0.08 0.07 0.01 0.06 0.07 0.79 0.01 0.01 0.01 0.04 0.08 0.01 0.01 0.01 0.01 0.06 0.08 0.75 0.01 0.07 0.01 0.01 0.06 0.01 0.80 0.29 0.26 0.38 0.40 2.67 0.09 2.12 2.06 1.12 0.63 0.58 0.86 0.29 0.23 0.32 0.28 2.67 0.14 2.67 1.88 2.08 1.24 0.67 1.06 0.32 0.23 0.29 0.23 2.66 0.16 2.66 0.94 1.97 2.00 1.13 2.25 0.67 0.34 0.33 0.24 2.66 0.18 2.67 0.45 1.02 1.88 1.87 1.53 0.60 0.47 0.29 2.66 0.13 2.67 0.25 0.39 0.82 1.47 2.15 1.08 0.66 0.41 2.67 0.13 2.66 0.29 0.37 0.54 1.11 1.78 2.66 2.11 1.01 0.51 2.68 0.13 2.67 0.26 0.31 0.41 0.61 1.11 2.25 2.43 1.38 0.90 2.66 0.12 2.66 0.26 0.28 0.35 0.44 0.56 0.96

I got: 2.05 1.45 2.69 0.10 2.69 0.24 0.24 0.27 0.31 0.37 0.53 1.64 1.84 1.72 0.04 2.68 0.30 0.24 0.24 0.23 0.23 0.28 0.73 2.23 0.33 0.12 0.07 2.64 0.04 0.03 0.04 0.01 0.07 0.10 0.05 0.20 0.21 0.16 0.09 2.65 0.05 0.04 0.04 0.01 0.07 0.10 0.04 0.23 0.76 0.46 1.09 2.66 0.23 1.12 0.54 0.35 0.22 0.17 0.28 0.50 0.69 0.33 0.54 1.31 0.31 2.67 1.19 0.55 0.30 0.21 0.29 0.44 0.10 0.07 0.01 0.07 0.02 0.51 0.01 0.01 0.01 0.08 0.08 0.07 0.01 0.01 0.01 0.10 0.07 0.49 0.01 0.05 0.01 0.01 0.09 0.01 0.80 0.28 0.26 0.38 0.40 2.66 0.07 2.12 2.06 1.12 0.63 0.57 0.87 0.29 0.23 0.32 0.28 2.66 0.14 2.67 1.88 2.08 1.25 0.67 1.06 0.32 0.23 0.29 0.23 2.66 0.14 2.68 0.94 1.97 2.00 1.13 2.25 0.66 0.35 0.33 0.24 2.67 0.19 2.66 0.45 1.02 1.88 1.87 1.53 0.60 0.47 0.29 2.67 0.14 2.66 0.25 0.39 0.82 1.47 2.16 1.08 0.66 0.41 2.67 0.13 2.66 0.29 0.36 0.55 1.11 1.78 2.66 2.11 1.01 0.51 2.67 0.13 2.66 0.26 0.31 0.41 0.61 1.11 2.26 2.43 1.79 1.16 2.67 0.10 2.67 0.35 0.37 0.44 0.56 0.73 1.25

I got: 2.05 1.40 2.69 0.12 2.70 0.24 0.24 0.27 0.31 0.36 0.53 1.65 1.77 1.78 0.03 2.74 0.30 0.25 0.24 0.23 0.23 0.28 0.73 2.22 0.32 0.12 0.07 2.66 0.04 0.03 0.04 0.01 0.07 0.10 0.05 0.21 0.21 0.16 0.09 2.65 0.05 0.04 0.04 0.01 0.07 0.11 0.04 0.24 0.76 0.46 1.20 2.66 0.22 1.13 0.55 0.35 0.22 0.18 0.28 0.50 0.69 0.33 0.66 1.19 0.28 2.68 1.19 0.55 0.30 0.21 0.29 0.44 0.06 0.09 0.01 0.07 0.06 0.16 0.01 0.01 0.01 0.05 0.06 0.07 0.01 0.01 0.01 0.07 0.06 0.37 0.01 0.06 0.01 0.01 0.07 0.07 0.80 0.28 0.37 0.26 0.40 2.67 0.08 2.12 2.06 1.12 0.63 0.57 0.86 0.28 0.34 0.19 0.28 2.66 0.13 2.66 1.88 2.08 1.24 0.67 1.06 0.32 0.34 0.16 0.23 2.68 0.17 2.65 0.94 1.97 2.00 1.13 2.25 0.66 0.46 0.21 0.24 2.66 0.17 2.66 0.45 1.02 1.88 1.87 1.53 0.75 0.31 0.29 2.66 0.14 2.67 0.25 0.39 0.82 1.47 2.15 1.22 0.53 0.41 2.67 0.15 2.67 0.28 0.36 0.54 1.11 1.78 2.66 2.10 0.87 0.51 2.67 0.14 2.67 0.26 0.31 0.41 0.61 1.11 2.25 2.74 1.84 1.18 2.70 0.07 2.68 0.35 0.37 0.45 0.57 0.74 1.26

I got: 2.05 1.40 2.69 0.12 2.68 0.24 0.24 0.27 0.31 0.36 0.53 1.65 1.77 1.77 0.05 2.69 0.30 0.25 0.24 0.23 0.23 0.28 0.74 2.22 0.32 0.12 0.07 2.66 0.04 0.03 0.04 0.01 0.06 0.10 0.05 0.20 0.21 0.16 0.09 2.64 0.05 0.04 0.04 0.01 0.07 0.11 0.04 0.23 0.76 0.45 1.21 2.68 0.23 1.13 0.54 0.35 0.22 0.17 0.28 0.49 0.69 0.34 0.66 1.19 0.31 2.66 1.19 0.55 0.30 0.21 0.29 0.43 0.10 0.08 0.01 0.07 0.07 0.77 0.01 0.01 0.01 0.03 0.09 0.07 0.01 0.01 0.01 0.09 0.06 0.80 0.01 0.07 0.01 0.01 0.07 0.07 0.80 0.28 0.37 0.26 0.40 2.68 0.08 2.12 2.07 1.12 0.63 0.57 0.87 0.29 0.34 0.19 0.28 2.68 0.13 2.67 1.88 2.08 1.24 0.68 1.06 0.32 0.34 0.16 0.23 2.66 0.16 2.67 0.94 1.97 2.00 1.13 2.26 0.67 0.46 0.21 0.24 2.66 0.17 2.66 0.45 1.02 1.88 1.87 1.54 0.75 0.31 0.29 2.67 0.13 2.65 0.25 0.39 0.82 1.47 2.15 1.21 0.52 0.41 2.67 0.14 2.67 0.29 0.37 0.54 1.11 1.78 2.66 2.10 0.87 0.51 2.68 0.14 2.68 0.26 0.31 0.41 0.60 1.11 2.26 2.74 1.84 1.18 2.69 0.07 2.71 0.35 0.37 0.45 0.57 0.74 1.27

I got: 2.05 1.40 2.70 0.13 2.71 0.24 0.24 0.27 0.31 0.37 0.53 1.65 1.77 1.78 0.03 2.68 0.30 0.24 0.24 0.23 0.23 0.28 0.73 2.22 0.32 0.12 0.07 2.66 0.05 0.03 0.04 0.01 0.07 0.10 0.06 0.21 0.21 0.17 0.09 2.65 0.05 0.03 0.04 0.01 0.07 0.11 0.05 0.24 0.76 0.46 1.20 2.68 0.23 1.13 0.54 0.35 0.22 0.17 0.29 0.49 0.69 0.34 0.67 1.19 0.30 2.67 1.19 0.55 0.30 0.21 0.30 0.43 0.07 0.09 0.01 0.07 0.07 0.69 0.01 0.01 0.01 0.08 0.07 0.10 0.01 0.01 0.01 0.07 0.08 0.63 0.01 0.09 0.01 0.01 0.09 0.05 0.80 0.28 0.37 0.26 0.40 2.68 0.08 2.12 2.06 1.12 0.63 0.57 0.86 0.29 0.34 0.19 0.28 2.68 0.13 2.67 1.88 2.08 1.24 0.67 1.06 0.33 0.34 0.16 0.23 2.66 0.12 2.67 0.94 1.97 2.00 1.12 2.27 0.68 0.46 0.21 0.24 2.66 0.18 2.67 0.45 1.02 1.89 1.88 1.53 0.75 0.31 0.29 2.66 0.12 2.65 0.25 0.39 0.82 1.47 2.14 1.22 0.52 0.41 2.66 0.14 2.66 0.28 0.37 0.54 1.10 1.77 2.66 2.11 0.87 0.51 2.68 0.14 2.67 0.26 0.31 0.41 0.60 1.11 2.25 2.74 1.84 1.18 2.67 0.08 2.66 0.35 0.37 0.45 0.57 0.74 1.27

I got: 2.05 1.40 2.70 0.12 2.70 0.24 0.24 0.27 0.31 0.36 0.53 1.65 1.77 1.77 0.04 2.68 0.30 0.25 0.24 0.23 0.23 0.28 0.73 2.22 0.32 0.12 0.07 2.64 0.04 0.03 0.04 0.01 0.07 0.10 0.06 0.21 0.21 0.17 0.09 2.66 0.05 0.04 0.04 0.01 0.07 0.11 0.05 0.25 0.76 0.46 1.20 2.66 0.23 1.13 0.54 0.35 0.22 0.17 0.29 0.49 0.69 0.34 0.66 1.19 0.30 2.68 1.19 0.55 0.30 0.21 0.30 0.43 0.08 0.07 0.01 0.07 0.13 0.48 0.01 0.01 0.01 0.06 0.10 0.06 0.01 0.01 0.01 0.08 0.06 0.46 0.01 0.08 0.01 0.01 0.10 0.06 0.80 0.28 0.37 0.26 0.40 2.66 0.09 2.12 2.07 1.12 0.63 0.56 0.87 0.29 0.34 0.19 0.28 2.66 0.13 2.67 1.88 2.08 1.25 0.67 1.06 0.32 0.34 0.16 0.23 2.67 0.16 2.66 0.95 1.97 2.00 1.12 2.27 0.67 0.46 0.21 0.24 2.67 0.20 2.71 0.45 1.03 1.90 1.88 1.53 0.75 0.31 0.29 2.68 0.14 2.67 0.25 0.39 0.82 1.47 2.14 1.22 0.52 0.41 2.69 0.14 2.67 0.28 0.36 0.54 1.10 1.77 2.66 2.10 0.87 0.51 2.66 0.13 2.67 0.26 0.31 0.41 0.60 1.11 2.26 2.74 1.84 1.18 2.68 0.10 2.69 0.35 0.38 0.45 0.57 0.74 1.27

I got: 2.05 1.40 2.70 0.10 2.70 0.24 0.24 0.27 0.31 0.36 0.53 1.64 1.77 1.77 0.05 2.68 0.30 0.25 0.24 0.23 0.23 0.28 0.74 2.22 0.32 0.12 0.07 2.66 0.05 0.03 0.04 0.01 0.07 0.10 0.06 0.22 0.21 0.16 0.09 2.64 0.05 0.04 0.04 0.01 0.07 0.11 0.05 0.25 0.76 0.46 1.20 2.67 0.22 1.13 0.54 0.35 0.22 0.17 0.29 0.49 0.69 0.33 0.66 1.19 0.30 2.68 1.19 0.55 0.30 0.21 0.30 0.43 0.10 0.08 0.01 0.07 0.12 0.27 0.01 0.01 0.01 0.07 0.08 0.08 0.01 0.01 0.01 0.07 0.10 0.55 0.01 0.08 0.01 0.01 0.11 0.06 0.80 0.28 0.37 0.26 0.40 2.67 0.09 2.12 2.06 1.12 0.64 0.56 0.87 0.28 0.34 0.19 0.28 2.67 0.15 2.67 1.88 2.08 1.25 0.67 1.06 0.32 0.34 0.16 0.23 2.68 0.16 2.65 0.94 1.97 2.00 1.12 2.27 0.68 0.46 0.21 0.24 2.66 0.18 2.66 0.45 1.03 1.90 1.89 1.53 0.74 0.31 0.29 2.66 0.15 2.65 0.25 0.39 0.81 1.46 2.13 1.22 0.52 0.41 2.67 0.14 2.66 0.28 0.36 0.54 1.10 1.77 2.66 2.11 0.88 0.51 2.67 0.14 2.67 0.26 0.31 0.41 0.60 1.11 2.26 2.75 1.84 1.18 2.68 0.09 2.66 0.35 0.38 0.45 0.47 0.85 1.27

I got: 2.05 1.40 2.68 0.12 2.68 0.24 0.24 0.27 0.23 0.46 0.53 1.64 1.77 1.77 0.04 2.70 0.30 0.25 0.24 0.16 0.32 0.28 0.74 2.22 0.32 0.12 0.07 2.65 0.04 0.03 0.04 0.28 0.22 0.10 0.06 0.22 0.21 0.16 0.09 2.64 0.05 0.04 0.04 0.29 0.22 0.11 0.05 0.25 0.76 0.46 1.21 2.66 0.21 1.13 0.55 0.24 0.34 0.17 0.29 0.49 0.69 0.33 0.67 1.19 0.29 2.68 1.19 0.43 0.44 0.21 0.30 0.43 0.08 0.08 0.01 0.07 0.11 0.82 0.01 0.01 0.01 0.02 0.12 0.08 0.01 0.01 0.01 0.08 0.06 0.79 0.01 0.07 0.01 0.01 0.08 0.08 0.80 0.29 0.37 0.26 0.40 2.66 0.06 2.11 2.06 1.12 0.64 0.57 0.87 0.29 0.34 0.19 0.28 2.67 0.13 2.70 1.88 2.08 1.25 0.66 1.06 0.32 0.34 0.16 0.23 2.67 0.14 2.66 0.94 1.97 2.00 1.12 2.27 0.68 0.46 0.21 0.24 2.67 0.18 2.67 51.53 1.03 1.90 1.89 1.53 0.75 0.31 0.29 2.65 0.13 2.67 0.25 0.39 0.82 1.47 2.14 1.21 0.52 0.41 2.66 0.14 2.67 0.28 0.36 0.54 1.11 1.76 2.66 2.10 0.87 0.51 2.67 0.13 2.67 0.26 0.31 0.41 0.60 1.11 2.26 2.74 1.84 1.19 2.67 0.08 2.67 0.35 0.38 0.45 0.57 0.74 1.27

I got: 2.04 1.40 2.70 0.12 2.67 0.24 0.24 0.27 0.31 0.37 0.53 1.65 1.77 1.77 0.03 2.71 0.30 0.24 0.24 0.23 0.23 0.28 0.74 2.22 0.33 0.12 0.07 2.65 0.04 0.03 0.04 0.01 0.07 0.10 0.06 0.22 0.21 0.17 0.09 2.65 0.05 0.04 0.04 0.01 0.07 0.11 0.06 0.25 0.76 0.46 1.21 2.68 0.23 1.13 0.54 0.35 0.22 0.17 0.29 0.48 0.69 0.34 0.66 1.19 0.30 2.67 1.19 0.55 0.30 0.21 0.30 0.43 0.06 0.07 0.01 0.07 0.07 0.54 0.01 0.01 0.01 0.03 0.08 0.06 0.01 0.01 0.01 0.07 0.08 0.49 0.01 0.07 0.01 0.01 0.07 0.06 0.80 0.29 0.37 0.26 0.40 2.68 51.53 2.11 2.06 1.12 0.64 0.57 0.87 0.28 0.34 0.19 0.28 2.67 51.53 2.67 1.87 2.08 1.25 0.66 1.06 0.33 0.34 0.16 0.23 2.66 0.15 2.67 0.94 1.97 2.00 1.12 2.27 0.68 0.47 0.21 0.24 2.66 0.17 2.67 0.45 1.03 1.90 1.89 1.53 0.75 0.31 0.29 2.66 0.13 2.65 0.25 0.39 0.82 1.47 2.14 1.21 0.52 0.41 2.66 0.15 2.67 0.28 0.37 0.54 1.10 1.76 2.66 2.11 0.87 0.51 2.67 0.14 2.67 0.26 0.31 0.41 0.60 1.11 2.26 2.74 1.84 1.19 2.67 0.08 2.68 0.35 0.38 0.45 0.57 0.74 1.27

I got: 2.04 1.40 2.69 0.12 2.70 0.24 0.24 0.27 0.31 0.36 0.53 1.65 1.77 1.77 0.03 2.66 0.29 0.24 0.24 0.23 0.23 0.28 0.74 2.22 0.33 0.12 0.07 2.64 0.04 0.03 0.04 0.01 0.07 0.10 0.06 0.22 0.21 0.17 0.09 2.65 0.05 0.04 0.04 0.01 0.07 0.11 0.06 0.25 0.76 0.46 1.21 2.66 0.23 1.13 0.55 0.35 0.22 0.17 0.29 0.48 0.69 0.34 0.66 1.18 0.31 2.68 1.19 0.55 0.30 0.21 0.30 0.43 0.06 0.07 0.01 0.06 0.07 0.29 0.01 0.01 0.01 0.03 0.06 0.07 0.01 0.01 0.01 0.07 0.06 0.35 0.01 0.07 0.01 0.01 0.07 0.08 0.80 0.29 0.37 0.26 0.40 2.67 0.10 2.12 2.06 1.12 0.64 0.56 0.87 0.29 0.34 0.19 0.28 2.67 0.13 2.67 1.88 2.07 1.25 0.66 1.06 0.32 0.34 0.16 0.23 2.67 0.17 2.67 0.94 1.97 2.00 1.12 2.27 0.68 0.46 0.21 0.24 2.67 0.19 2.67 0.45 1.03 1.90 1.89 1.54 0.75 0.31 0.29 2.67 0.14 2.66 0.25 0.39 0.82 1.47 2.13 1.22 0.52 0.41 2.67 0.14 2.67 0.28 0.36 0.54 1.10 1.76 2.66 2.10 0.87 0.51 2.67 0.14 2.66 0.26 0.31 0.41 0.60 1.11 2.26 2.74 1.84 1.19 2.69 0.10 2.69 0.35 0.38 0.45 0.57 0.74 1.27

I got: 2.04 1.40 2.69 0.12 2.70 0.24 0.24 0.27 0.31 0.36 0.53 1.64 1.77 1.77 0.03 2.69 0.29 0.24 0.24 0.23 0.23 0.28 0.74 2.22 0.33 0.12 0.07 2.66 0.04 0.03 0.04 0.01 0.07 0.10 0.06 0.22 0.21 0.17 0.09 2.64 0.05 0.03 0.04 0.01 0.07 0.11 0.06 0.25 0.76 0.46 1.20 2.66 0.22 1.13 0.54 0.35 0.22 0.17 0.29 0.48 0.69 0.33 0.66 1.19 0.30 2.66 1.19 0.55 0.30 0.21 0.30 0.43 0.07 0.07 0.01 0.06 0.08 0.36 0.01 0.01 0.01 0.04 0.10 0.09 0.00 0.01 0.01 0.06 0.07 0.74 0.01 0.07 0.01 0.01 0.08 0.08 0.80 0.29 0.37 0.26 0.40 2.66 0.08 2.12 2.06 1.12 0.64 0.56 0.87 0.29 0.34 0.19 0.28 2.67 0.16 2.67 1.88 2.08 1.25 0.66 1.06 0.32 0.34 0.16 0.23 2.67 0.15 2.66 0.94 1.97 2.00 1.11 2.28 0.68 0.46 0.21 0.24 2.67 0.19 2.66 0.45 1.03 1.90 1.89 1.53 0.74 0.31 0.29 2.67 0.13 2.64 0.25 0.39 0.81 1.46 2.13 1.21 0.52 0.41 2.66 0.13 2.66 0.29 0.37 0.54 1.10 1.76 2.66 2.10 0.87 0.51 2.67 0.12 2.67 0.26 0.31 0.41 0.61 1.11 2.26 2.74 1.84 1.19 2.68 0.09 2.66 0.35 0.38 0.45 0.57 0.74 1.27

I got: 2.03 1.40 2.73 0.13 2.68 0.24 0.24 0.27 0.31 0.36 0.53 1.65 1.76 1.76 0.04 2.69 0.30 0.24 0.24 0.23 0.23 0.28 0.74 2.22 0.33 0.12 0.07 2.65 0.04 0.03 0.04 0.01 0.07 0.10 0.07 0.22 0.21 0.17 0.09 2.65 0.05 0.04 0.04 0.01 0.07 0.11 0.06 0.25 0.76 0.46 1.21 2.66 0.21 1.12 0.54 0.35 0.22 0.17 0.29 0.48 0.69 0.34 0.66 1.19 0.30 2.68 1.19 0.55 0.30 0.21 0.30 0.42 0.08 0.08 0.01 0.10 0.08 0.78 0.01 0.01 0.01 0.02 0.05 0.07 0.01 0.01 0.01 0.08 0.07 0.70 0.01 0.07 0.01 0.01 0.09 0.07 0.80 0.29 0.37 0.26 0.40 2.66 0.08 2.12 2.06 1.12 0.64 0.56 0.87 0.29 0.34 0.19 0.28 2.67 0.14 2.66 1.87 2.07 1.25 0.66 1.06 0.33 0.34 0.16 0.23 2.67 0.16 2.66 0.95 1.97 2.00 1.11 2.28 0.68 0.46 0.21 0.25 2.67 0.18 2.66 0.45 1.03 1.90 1.89 1.54 0.75 0.31 0.29 2.65 0.13 2.67 0.25 0.39 0.82 1.47 2.13 1.21 0.52 0.41 2.66 0.13 2.67 0.28 0.36 0.54 1.10 1.76 2.65 2.10 0.87 0.51 2.67 0.12 2.67 0.26 0.31 0.41 0.60 1.11 2.26 2.74 1.84 1.19 2.68 0.08 2.67 0.35 0.38 0.45 0.57 0.74 1.27

I got: 2.04 1.39 2.70 0.12 2.68 0.24 0.24 0.27 0.31 0.36 0.53 1.64 1.76 1.76 0.03 2.70 0.30 0.24 0.24 0.23 0.23 0.28 0.74 2.22 0.33 0.12 0.07 2.66 0.04 0.03 0.04 0.01 0.07 0.10 0.07 0.23 0.21 0.17 0.09 2.64 0.05 0.04 0.04 0.01 0.07 0.11 0.06 0.26 0.76 0.46 1.20 2.68 51.53 1.12 0.54 0.35 0.22 0.17 0.29 0.48 0.69 0.34 0.66 1.18 0.30 2.66 1.19 0.55 0.30 0.21 0.30 0.42 0.10 0.08 0.01 0.08 0.12 0.49 0.01 0.01 0.01 0.05 0.10 0.07 0.00 0.01 0.01 0.08 0.07 0.48 0.01 0.09 0.01 0.01 0.09 0.04 0.80 0.29 0.37 0.26 0.40 2.67 0.08 2.12 2.06 1.12 0.64 0.56 0.87 0.29 0.34 0.19 0.28 2.67 0.14 2.67 1.87 2.08 1.25 0.66 1.06 0.33 0.34 0.16 0.23 2.67 0.15 2.67 0.94 1.97 2.00 1.11 2.28 0.68 0.46 0.21 0.24 2.67 0.18 2.67 0.45 1.03 1.90 1.89 1.53 0.75 0.31 0.29 2.67 0.14 2.65 0.25 0.39 0.82 1.47 2.13 1.21 0.52 0.41 2.67 0.14 2.68 0.28 0.36 0.54 1.10 1.76 2.65 2.10 0.87 0.51 2.68 0.13 2.67 0.26 0.31 0.41 0.60 1.11 2.26 2.74 1.84 1.19 2.66 0.08 2.69 0.35 0.38 0.45 0.57 0.74 1.27

