I got: 0.23 0.14 0.18 0.18 2.69 2.69 0.19 0.02 0.18 0.10 0.06 0.31 2.06 0.40 0.06 0.10 2.74 2.73 0.25 0.03 0.09 0.08 0.10 0.40 0.83 0.36 0.23 0.21 0.20 2.69 2.69 0.52 0.05 0.18 0.13 0.11 0.24 0.31 0.05 0.06 0.52 0.41 2.72 2.72 0.57 0.06 0.11 0.09 0.10 0.11 0.12 0.03 0.16 0.29 0.28 2.69 2.68 0.32 0.04 0.18 0.12 0.04 0.07 0.12 0.04 0.09 0.14 0.01 0.41 2.74 0.13 0.02 0.10 0.06 0.01 0.03 0.06 0.02 0.25 0.33 0.11 0.34 0.14 0.10 0.04 0.27 0.12 0.02 0.05 0.15 0.05 0.09 0.09 0.07 0.01 0.06 0.10 0.01 0.06 0.01 0.01 0.10 0.10 0.06 0.04 0.31 0.34 0.54 0.19 0.20 2.72 0.12 0.41 0.46 0.32 0.17 0.03 0.14 0.20 0.09 0.17 0.12 0.16 2.69 2.70 2.42 0.47 0.12 0.10 0.03 0.18 0.20 0.16 0.11 0.18 0.18 2.69 2.70 0.39 0.24 0.10 0.09 0.04 0.13 0.16 0.09 0.11 0.11 0.13 2.71 2.70 0.40 1.40 0.19 0.09 0.02 0.11 0.22 0.08 0.14 0.10 0.14 2.70 2.70 0.54 0.36 0.19 0.34 0.04 0.09 0.55 0.12 0.16 0.14 0.17 2.70 2.70 0.39 0.06 0.13 0.31 0.18 1.81 0.88 0.13 0.10 0.10 0.11 2.72 2.72 0.19 0.02 0.11 0.08 0.30 0.68 0.12 0.09 0.15 0.15 2.70 2.70 0.14 0.02 0.15 0.08 0.05 0.37

I got: 0.23 0.14 0.18 0.18 2.70 2.69 0.19 0.02 0.18 0.10 0.06 0.31 2.06 0.40 0.06 0.10 2.73 2.72 0.26 0.03 0.10 0.06 0.10 0.40 0.83 0.37 0.23 0.21 0.20 2.69 2.69 0.51 0.05 0.18 0.13 0.11 0.24 0.30 0.05 0.06 0.53 0.41 2.72 2.71 0.57 0.06 0.10 0.10 0.09 0.11 0.11 0.03 0.17 0.29 0.28 2.69 51.53 0.33 0.04 0.19 0.11 0.04 0.07 0.12 0.04 0.09 0.13 0.01 0.40 2.73 0.14 0.02 0.09 0.05 0.02 0.03 0.06 0.03 0.25 0.33 0.11 0.34 0.14 0.09 0.04 0.27 0.13 0.02 0.05 0.15 0.05 0.08 0.08 0.07 0.01 0.08 0.07 0.01 0.06 0.01 0.02 0.07 0.07 0.06 0.04 0.30 0.34 0.54 0.19 0.20 2.70 0.12 0.41 0.47 0.32 0.17 0.03 0.14 0.20 0.09 0.17 0.12 0.16 2.69 2.69 2.42 0.47 0.12 0.10 0.03 0.18 0.21 0.16 0.12 0.19 0.18 2.70 2.69 0.39 0.25 0.09 0.09 0.04 0.13 0.17 0.10 0.10 0.11 0.13 2.72 2.71 0.40 1.39 0.20 0.08 0.02 0.10 0.21 0.08 0.14 0.10 0.13 2.70 2.71 0.54 0.37 0.19 0.34 0.03 0.09 0.55 0.12 0.17 0.14 0.17 2.70 2.70 0.39 0.06 0.14 0.31 0.19 1.81 0.87 0.13 0.10 0.10 0.11 2.72 2.70 0.19 0.02 0.11 0.09 0.30 0.68 0.12 0.09 0.15 0.14 2.69 2.71 0.14 0.02 0.15 0.08 0.05 0.37

I got: 0.23 0.14 0.18 0.18 2.70 2.70 0.19 0.02 0.18 0.10 0.06 0.31 2.06 0.40 0.06 0.10 2.73 2.72 0.25 0.03 0.09 0.07 0.10 0.40 0.83 0.37 0.22 0.21 0.20 2.69 2.74 0.52 0.05 0.18 0.13 0.11 0.24 0.31 0.05 0.06 0.51 0.41 2.71 2.71 0.57 0.06 0.11 0.10 0.09 0.11 0.11 0.03 0.17 0.29 0.27 2.72 2.69 0.33 0.03 0.19 0.11 0.04 0.07 0.13 0.04 0.09 0.13 0.02 0.41 2.79 0.13 0.02 0.09 0.05 0.02 0.03 0.06 0.02 0.25 0.34 0.11 0.35 0.14 0.09 0.04 0.27 0.13 0.02 0.05 0.16 0.06 0.05 0.11 0.07 0.01 0.06 0.05 0.01 0.07 0.01 0.01 0.06 0.08 0.09 0.04 0.30 0.34 0.55 0.19 0.20 2.72 0.12 0.41 0.46 0.33 0.17 0.02 0.14 0.20 0.09 0.17 0.12 0.16 2.69 2.69 2.43 0.48 0.11 0.10 0.04 0.19 0.21 0.16 0.11 0.19 0.18 2.70 2.70 0.39 0.24 0.10 0.10 0.04 0.13 0.16 0.09 0.10 0.11 0.12 2.71 2.71 51.53 1.37 0.18 0.09 0.04 0.11 0.21 0.08 0.15 0.11 0.14 2.71 2.72 0.54 0.37 0.19 0.34 0.04 0.09 0.54 0.12 0.17 0.14 0.16 2.70 2.70 0.39 0.06 0.14 0.31 0.18 1.81 0.87 0.14 0.10 0.10 0.11 2.72 2.72 0.18 0.02 0.11 0.08 0.30 0.68 0.12 0.09 0.15 0.14 2.70 2.70 0.14 0.02 0.15 0.09 0.05 0.37

I got: 0.23 0.14 0.18 0.17 2.69 2.69 0.19 0.02 0.19 0.11 0.06 0.31 2.06 0.40 0.06 0.10 2.73 2.71 0.25 0.03 0.10 0.07 0.10 0.40 0.83 0.37 0.22 0.21 0.20 2.70 2.69 0.52 0.05 0.18 0.13 0.11 0.24 0.30 0.05 0.06 0.52 0.41 2.73 2.71 0.57 0.06 0.11 0.10 0.09 0.11 0.12 0.03 0.17 0.29 0.28 2.68 2.70 0.32 0.03 0.19 0.12 0.04 0.07 0.12 0.04 0.09 0.14 0.02 0.40 2.73 0.13 0.02 0.10 0.06 0.02 0.03 0.06 0.03 0.25 0.33 0.11 0.35 0.14 0.10 0.04 0.27 0.13 0.02 0.05 0.16 0.05 0.06 0.11 0.07 0.01 0.06 0.07 0.01 0.07 0.01 0.01 0.07 0.10 0.08 0.04 0.30 0.34 0.55 0.19 0.20 2.72 0.12 0.41 0.46 0.32 0.17 0.03 0.14 0.20 0.09 0.17 0.11 0.16 2.69 2.70 2.43 0.47 0.12 0.10 0.03 0.19 0.20 0.16 0.11 0.19 0.18 2.68 2.70 0.38 0.25 0.10 0.10 0.04 0.13 0.15 0.09 0.10 0.11 0.12 2.71 2.71 0.39 1.37 0.19 0.08 0.03 0.11 0.21 0.07 0.14 0.11 0.13 2.71 2.70 0.54 0.36 0.18 0.34 0.04 0.09 0.54 0.12 0.17 0.14 0.16 2.70 2.69 0.39 0.06 0.14 0.31 0.18 1.81 0.87 0.14 0.10 0.10 0.11 2.72 2.72 0.19 0.02 0.11 0.09 0.30 0.68 0.12 0.09 0.15 0.14 2.70 2.71 0.14 0.02 0.15 0.09 0.05 0.38

I got: 0.23 0.14 0.18 0.17 2.70 2.69 0.19 0.02 0.19 0.10 0.05 0.31 2.07 0.41 0.06 0.10 2.72 2.73 0.25 0.03 0.10 0.07 0.10 0.40 0.83 0.36 0.23 0.21 0.20 2.69 2.69 0.52 0.05 0.18 0.13 0.11 0.24 0.30 0.06 0.06 0.51 0.41 2.72 2.70 0.56 0.06 0.12 0.10 0.09 0.11 0.11 0.02 0.17 0.29 0.28 2.69 2.70 0.32 0.03 0.19 0.12 0.04 0.07 0.12 0.04 0.09 0.13 0.01 0.41 2.74 0.13 0.02 0.10 0.05 0.01 0.03 0.06 0.02 0.25 0.33 0.11 0.34 0.15 0.10 0.04 0.28 0.13 0.02 0.05 0.15 0.06 0.11 0.08 0.06 0.01 0.08 0.09 0.01 0.06 0.01 0.01 0.10 0.08 0.07 0.04 0.31 0.34 0.54 0.19 0.20 2.71 0.12 0.42 0.46 0.32 0.17 0.02 0.14 0.19 0.09 0.17 0.11 0.16 2.69 2.70 2.42 0.47 0.11 0.10 0.03 0.18 0.20 0.16 0.11 0.19 0.18 2.68 2.73 0.39 0.24 0.09 0.10 0.05 0.13 0.15 0.09 0.11 0.11 0.12 2.72 2.72 0.39 1.40 0.21 0.09 0.03 0.10 0.22 0.08 0.15 0.11 0.14 2.71 2.72 0.54 0.36 0.18 0.34 0.04 0.09 0.55 0.12 0.17 0.14 0.16 2.70 2.69 0.39 0.06 0.13 0.30 0.18 1.82 0.87 0.13 0.10 0.10 0.11 2.70 2.70 0.19 0.02 0.11 0.09 0.30 0.68 0.12 0.09 0.15 0.14 2.70 2.71 0.14 0.02 0.15 0.08 0.05 0.38

I got: 0.23 0.14 0.18 0.18 2.69 2.70 0.19 0.02 0.18 0.10 0.06 0.31 2.07 0.40 0.06 0.10 2.73 2.72 0.25 0.03 0.09 0.06 0.10 0.40 0.83 0.36 0.22 0.21 0.20 2.69 2.69 0.51 0.05 0.18 0.13 0.11 0.24 0.31 0.05 0.06 0.52 0.41 2.70 2.72 0.56 0.06 0.11 0.09 0.09 0.11 0.11 0.02 0.16 0.29 0.28 2.70 2.70 0.33 0.03 0.19 0.10 0.04 0.07 0.12 0.04 0.09 0.13 0.01 0.41 2.72 0.13 0.02 0.09 0.05 0.01 0.03 0.06 0.02 0.25 0.33 0.11 0.35 0.14 0.09 0.04 0.27 0.12 0.02 0.05 0.15 0.06 0.08 0.07 0.08 0.01 0.06 0.07 0.01 0.07 0.02 0.01 0.07 0.07 0.10 0.04 0.31 0.34 0.55 0.19 0.20 2.73 0.13 0.41 0.46 0.32 0.17 0.03 0.14 0.19 0.09 0.17 0.12 0.16 2.70 2.70 2.42 0.47 0.12 0.10 0.03 0.18 0.21 0.16 0.12 0.19 0.18 2.69 2.69 0.39 0.24 0.09 0.10 0.04 0.13 0.16 0.09 0.10 0.11 0.13 2.70 2.71 0.40 1.40 0.19 0.08 0.02 0.11 0.21 0.08 0.14 0.11 0.14 2.71 2.72 0.54 0.36 0.18 0.34 0.04 0.09 0.55 0.11 0.17 0.14 0.16 2.69 2.69 0.38 0.06 0.13 0.30 0.18 1.81 0.87 0.13 0.10 0.11 0.11 2.70 2.72 0.19 0.02 0.11 0.09 0.30 0.68 0.12 0.09 0.15 0.14 2.70 2.70 0.14 0.02 0.15 0.08 0.05 0.38

I got: 0.23 0.14 0.18 0.18 2.69 2.70 0.19 0.02 0.18 0.10 0.05 0.31 2.07 0.40 0.06 0.10 2.72 2.74 0.25 0.03 0.10 0.07 0.10 0.40 0.83 0.37 0.23 0.21 0.20 2.70 2.70 0.52 0.05 0.17 0.13 0.11 0.24 0.31 0.06 0.06 0.51 0.41 2.71 2.71 0.56 0.06 0.11 0.10 0.09 0.11 0.11 0.02 0.16 0.29 0.28 2.70 2.70 0.32 0.03 0.18 0.11 0.04 0.06 0.12 0.04 0.09 0.13 0.01 0.41 2.71 0.13 0.02 0.09 0.04 0.01 0.03 0.06 0.02 0.25 0.33 0.11 0.35 0.15 0.10 0.04 0.27 0.12 0.03 0.05 0.15 0.05 0.08 0.07 0.05 0.01 0.05 0.08 0.01 0.06 0.01 0.01 0.10 0.07 0.06 0.04 0.31 0.34 0.55 0.19 0.20 2.73 0.12 0.41 0.46 0.32 0.17 0.03 0.14 0.19 0.09 0.17 0.12 0.16 2.71 2.69 2.42 0.47 0.12 0.10 0.03 0.18 0.20 0.16 0.11 0.19 0.18 2.69 2.69 0.39 0.25 0.09 0.10 0.04 0.13 0.16 0.09 0.11 0.11 0.13 2.70 2.77 0.40 1.40 0.19 0.08 0.02 0.11 0.22 0.08 0.14 0.11 0.14 2.72 2.71 0.54 0.36 0.18 0.34 0.04 0.09 0.55 0.11 0.17 0.14 0.17 2.71 2.69 0.39 0.06 0.14 0.30 0.18 1.81 0.87 0.13 0.10 0.10 0.11 2.71 2.76 0.19 0.02 0.11 0.09 0.29 0.68 0.12 0.09 0.15 0.15 2.73 2.70 0.14 0.02 0.15 0.08 0.05 0.37

I got: 0.23 0.14 0.18 0.18 2.69 2.70 0.19 0.02 0.18 0.10 0.05 0.31 2.07 0.40 0.06 0.10 2.77 2.72 0.26 0.03 0.10 0.07 0.10 0.40 0.83 0.36 0.22 0.21 0.20 2.69 2.69 0.51 0.05 0.18 0.13 0.11 0.24 0.30 0.05 0.06 0.52 0.41 2.71 2.72 0.56 0.06 0.11 0.10 0.09 0.11 0.11 0.02 0.17 0.29 0.27 2.70 2.70 0.32 0.03 0.19 0.11 0.04 0.07 0.12 0.04 0.09 0.13 0.01 0.40 2.74 0.13 0.02 0.10 0.06 0.01 0.03 0.06 0.02 0.25 0.33 0.11 0.35 0.14 0.09 0.04 0.27 0.13 0.03 0.05 0.15 0.05 0.07 0.06 0.04 0.01 0.07 0.07 0.01 0.06 0.01 0.02 0.08 0.07 0.06 0.04 0.30 0.34 0.55 0.19 0.20 2.71 0.12 0.41 0.47 0.32 0.17 0.03 0.14 0.19 0.09 0.17 0.12 0.16 2.70 2.70 2.43 0.47 0.12 0.10 0.03 0.18 0.20 0.16 0.11 0.18 0.18 2.69 2.69 0.39 0.24 0.10 0.09 0.04 0.13 0.16 0.09 0.10 0.11 0.12 2.71 2.72 0.40 1.37 0.19 0.08 0.03 0.11 0.21 0.08 0.14 0.10 0.14 2.72 2.71 0.54 0.36 0.19 0.34 0.03 0.09 0.54 0.12 0.16 0.14 0.16 2.70 2.69 0.38 0.06 0.14 0.31 0.18 1.81 0.87 0.13 0.10 0.10 0.11 2.72 2.70 51.53 0.02 0.11 0.09 0.30 0.68 0.12 0.09 0.15 0.14 2.70 2.69 0.14 0.02 0.15 0.08 0.05 0.37

I got: 0.23 0.14 0.18 0.17 2.69 2.69 0.19 0.02 0.18 0.10 0.05 0.31 2.06 0.40 0.06 0.10 2.72 2.72 0.25 0.03 0.10 0.07 0.10 0.40 0.83 0.36 0.22 0.21 0.20 2.69 2.69 0.51 0.05 0.18 0.13 0.11 0.24 0.30 0.05 0.06 0.51 0.41 2.71 2.72 0.56 0.06 0.12 0.10 0.09 0.11 0.11 0.02 0.17 0.29 0.27 2.70 2.69 0.32 0.04 0.19 0.11 0.04 0.06 0.12 0.04 0.08 0.13 0.01 0.40 2.73 0.13 0.02 0.10 0.05 0.01 0.03 0.06 0.02 0.25 0.33 0.11 0.34 0.14 0.09 0.04 0.28 0.13 0.02 0.04 0.15 0.05 0.07 0.07 0.07 0.01 0.07 0.06 0.01 0.09 0.01 0.01 0.07 0.05 0.09 0.04 0.30 0.34 0.55 0.19 0.20 2.72 0.12 0.41 0.46 0.33 0.17 0.02 52.50 0.19 0.09 0.17 0.11 0.16 2.70 2.70 2.43 0.48 0.12 0.10 0.04 0.18 0.21 0.16 0.12 0.19 0.18 2.68 2.69 0.39 0.24 0.10 0.10 0.04 0.13 0.15 0.09 0.10 0.11 0.12 2.72 2.69 0.40 1.38 0.19 0.08 0.03 0.11 0.21 0.08 0.14 0.10 0.13 2.73 2.72 0.55 0.37 0.19 0.34 0.03 0.10 0.55 0.11 0.17 0.14 0.17 2.69 2.70 0.39 0.06 0.14 0.31 0.19 1.81 0.87 0.13 0.11 0.11 0.11 2.71 2.72 0.19 0.02 0.12 0.09 0.30 0.68 0.12 0.09 0.15 0.14 2.71 2.70 0.14 0.02 0.15 0.09 0.05 0.37

I got: 0.23 0.14 0.18 0.18 2.72 2.68 0.19 0.02 0.18 0.10 0.06 0.31 2.07 0.40 0.06 0.10 2.72 2.73 0.25 0.03 0.10 0.07 0.10 0.40 0.82 0.37 0.23 0.21 0.20 2.70 2.69 0.51 0.05 0.19 0.13 0.11 0.24 0.30 0.04 0.06 0.51 0.41 2.72 2.75 0.57 0.06 0.11 0.10 0.09 0.11 0.11 0.03 0.16 0.29 0.28 2.69 2.69 0.32 0.03 0.19 0.11 0.04 0.07 0.13 0.03 0.08 0.13 0.01 0.40 2.71 0.13 0.02 0.09 0.05 0.01 0.03 0.06 0.02 0.25 0.34 0.11 0.34 0.14 0.09 0.04 0.27 0.13 0.02 0.05 0.15 0.05 0.06 0.07 0.10 0.01 0.07 0.06 0.01 0.08 0.01 0.01 0.07 0.07 0.09 0.04 0.30 0.34 0.55 0.19 0.20 2.71 0.13 0.42 0.46 0.32 0.17 0.02 0.14 0.20 0.09 0.17 0.11 0.16 2.71 2.69 2.42 0.48 0.12 0.10 0.04 0.18 0.21 0.16 0.11 0.18 0.18 2.68 2.69 51.53 0.24 0.10 0.10 0.04 0.13 0.15 0.09 0.11 0.11 0.13 2.72 2.72 0.40 1.40 0.19 0.08 0.03 0.11 0.22 0.07 0.15 0.10 0.13 2.71 2.72 0.54 0.37 0.19 0.34 0.03 0.09 0.55 0.11 0.17 0.14 0.17 2.70 2.69 0.39 0.06 0.13 0.31 0.18 1.81 0.87 0.13 0.10 0.10 0.11 2.73 2.72 0.19 0.02 0.11 0.09 0.30 0.68 0.12 0.09 0.15 0.14 2.69 2.70 0.14 0.02 0.14 0.08 0.05 0.37

I got: 0.23 0.14 0.18 0.18 2.69 2.69 0.19 0.02 0.18 0.10 0.06 0.31 2.06 0.40 0.06 0.10 2.71 2.71 0.25 0.03 0.09 0.07 0.10 0.40 0.83 0.36 0.23 0.20 0.20 2.69 2.69 0.52 0.05 0.17 0.13 0.11 0.24 0.31 0.05 0.06 0.51 0.41 2.73 2.72 0.56 0.06 0.11 0.09 0.09 0.11 0.11 0.02 0.17 0.29 0.28 2.69 2.69 0.32 0.03 0.19 0.11 0.04 0.07 0.12 0.04 0.09 0.13 0.01 0.41 2.74 0.13 0.02 0.09 0.05 0.01 0.03 0.06 0.02 0.25 0.33 0.11 0.35 0.14 0.09 0.04 0.26 0.12 0.02 0.05 0.15 0.05 0.08 0.08 0.06 0.01 0.06 0.08 0.01 0.06 0.02 0.01 0.08 0.07 0.06 0.04 0.31 0.34 0.55 0.19 0.20 2.71 0.14 0.41 0.46 0.32 0.17 0.03 0.14 0.19 0.09 0.17 0.12 0.16 2.70 2.69 2.43 0.47 0.12 0.10 0.03 0.18 0.20 0.16 0.12 0.19 0.18 2.69 2.68 0.39 0.24 0.09 0.10 0.04 0.13 0.16 0.09 0.11 0.12 0.13 2.70 2.70 0.40 1.39 0.19 0.09 0.03 0.10 0.22 0.08 0.15 0.10 0.13 2.71 2.71 0.55 0.37 0.19 0.34 0.03 0.09 0.55 0.12 0.17 0.14 0.17 2.71 2.70 0.39 0.06 0.13 0.30 0.18 1.81 0.87 0.13 0.10 0.10 0.11 2.72 2.71 0.19 0.02 0.11 0.08 0.30 0.68 0.12 0.09 0.15 0.14 2.69 2.71 0.14 0.02 0.15 0.08 0.05 0.37

I got: 0.23 0.14 0.18 0.18 2.69 2.70 0.19 0.02 0.18 0.09 0.06 0.31 2.06 0.40 0.06 0.10 2.72 2.74 0.25 0.03 0.10 0.07 0.10 0.40 0.83 0.36 0.22 0.20 0.20 2.69 2.70 0.52 0.05 0.18 0.13 0.11 0.24 0.31 0.05 0.06 0.51 0.41 2.74 2.69 0.56 0.06 0.11 0.11 0.09 0.11 0.11 0.03 0.17 0.28 0.27 2.69 2.70 0.32 0.04 0.19 0.11 0.04 0.06 0.12 0.04 0.08 0.13 0.01 0.41 2.74 0.13 0.02 0.10 0.05 0.01 0.03 0.06 0.03 0.25 0.33 0.11 0.35 0.14 0.09 0.04 0.27 0.13 0.02 0.05 0.15 0.05 0.06 0.06 0.07 0.01 0.07 0.06 0.01 0.06 0.02 0.01 0.07 0.07 0.06 0.04 0.31 0.34 0.55 0.19 0.20 2.73 0.12 0.41 0.46 0.32 0.17 0.03 0.14 0.19 0.09 0.17 0.12 0.16 2.72 2.70 2.43 0.47 0.11 0.10 0.04 0.18 0.20 0.16 0.12 0.19 0.18 2.69 2.70 0.39 0.25 0.10 0.10 0.04 0.13 0.16 0.10 0.11 0.11 0.13 2.72 2.70 0.40 1.38 0.20 0.08 0.04 0.11 0.22 0.08 0.14 0.10 0.13 2.69 2.71 0.55 0.37 0.19 0.34 0.03 0.09 0.56 0.12 0.17 0.14 0.17 2.70 2.70 0.39 0.06 0.14 0.31 0.18 1.80 0.87 0.13 0.10 0.11 0.11 2.72 2.72 0.19 0.02 0.11 0.09 0.30 0.68 0.12 0.09 0.15 0.14 2.70 2.71 0.14 0.02 0.15 0.08 0.05 0.37

I got: 0.23 0.14 0.18 0.17 2.70 2.70 0.19 0.02 0.18 0.10 0.06 0.31 2.06 0.40 0.06 0.10 2.74 2.73 0.25 0.03 0.09 0.07 0.10 0.40 0.83 0.37 0.22 0.21 0.20 2.70 2.69 0.52 0.05 0.18 0.13 0.11 0.24 0.31 0.04 0.06 0.51 0.41 2.72 2.72 0.56 0.06 0.11 0.10 0.09 0.11 0.11 0.03 0.16 0.29 0.27 2.69 2.70 0.32 0.03 0.19 0.12 0.04 0.06 0.12 0.03 0.09 0.13 0.01 0.41 2.72 0.13 0.02 0.09 0.05 0.01 0.03 0.06 0.03 0.25 0.33 0.11 0.34 0.15 0.09 0.04 0.27 0.12 0.03 0.04 0.15 0.06 0.10 0.08 0.07 0.01 0.07 0.08 0.01 0.06 0.01 0.01 0.07 0.07 0.07 0.04 0.31 0.34 0.55 0.19 0.20 2.70 0.13 0.41 0.46 0.33 0.17 0.02 0.14 0.19 0.09 0.17 0.11 0.16 2.69 2.69 2.44 0.47 0.11 0.10 0.03 0.18 0.20 0.16 0.12 0.19 0.18 2.69 2.69 0.39 0.23 0.10 0.10 0.04 0.12 0.15 0.09 0.10 0.11 0.12 2.71 2.70 0.39 1.37 0.19 0.08 0.02 0.11 0.22 0.08 0.14 0.10 0.13 2.70 2.72 0.55 0.37 0.19 0.34 0.03 0.09 0.55 0.12 0.17 0.14 0.17 2.69 2.69 0.39 0.06 0.14 0.31 0.18 1.81 0.88 0.13 0.10 0.10 0.11 2.71 2.72 0.19 0.02 0.11 0.09 0.30 0.68 0.12 0.09 0.15 0.14 2.70 2.70 0.14 0.02 0.15 0.08 0.05 0.37

I got: 0.23 0.14 0.18 0.18 2.69 2.70 0.19 0.02 0.19 0.11 0.06 0.31 2.07 0.40 0.06 0.10 2.71 2.74 0.26 0.03 0.09 0.08 0.10 0.40 0.83 0.37 0.22 0.21 0.20 2.70 2.70 0.51 0.05 0.18 0.14 0.11 0.24 0.31 0.04 0.06 0.51 0.41 2.74 2.70 0.56 0.06 0.11 0.10 0.09 0.11 0.11 0.03 0.17 0.29 0.27 2.70 2.70 0.32 0.03 0.21 0.12 0.04 0.07 0.12 0.03 0.09 0.13 0.01 0.41 2.73 0.13 0.02 0.10 0.06 0.01 0.03 0.06 0.02 0.24 0.33 0.11 0.35 0.14 0.09 0.04 0.28 0.14 0.02 0.04 0.15 0.05 0.08 0.07 0.08 0.01 0.10 0.08 0.01 0.07 0.01 0.01 0.08 0.07 0.08 0.04 0.31 0.34 0.55 0.19 0.20 2.72 0.12 0.41 0.46 0.32 0.17 0.02 0.14 0.19 0.09 0.17 0.12 0.16 2.69 2.70 2.43 0.47 0.11 0.10 0.03 0.18 0.20 0.16 0.12 0.19 0.18 2.74 2.70 0.39 0.23 0.09 0.10 0.04 0.13 0.15 0.09 0.10 0.11 0.12 2.77 2.73 0.40 1.39 0.20 0.08 0.02 0.11 0.22 0.08 0.15 0.10 0.13 2.77 2.72 0.56 0.37 0.19 0.34 0.03 0.10 0.55 0.12 0.17 0.14 0.17 2.70 2.72 0.39 0.06 0.14 0.30 0.18 1.81 0.87 0.13 0.10 0.10 0.11 2.72 2.72 0.19 0.02 0.11 0.09 0.30 0.68 0.12 0.09 0.15 0.14 2.71 2.70 0.14 0.02 0.15 0.08 0.05 0.37

I got: 0.23 0.14 0.18 0.17 2.68 2.69 0.19 0.02 0.18 0.10 0.06 0.31 2.07 0.40 0.06 0.10 2.73 2.76 0.26 0.03 0.09 0.07 0.10 0.40 0.83 0.37 0.22 0.20 0.20 2.69 2.69 0.51 0.05 0.18 0.12 0.11 0.24 0.30 0.04 0.06 0.52 0.41 2.71 2.72 0.56 0.06 0.11 0.09 0.09 0.11 0.11 0.03 0.17 0.29 0.27 2.69 2.68 0.32 0.03 0.19 0.11 0.05 0.07 0.12 0.03 0.08 0.13 0.01 0.40 2.72 0.13 0.02 0.09 0.06 0.02 0.03 0.06 0.03 0.24 0.33 0.11 0.35 0.14 0.09 0.04 0.27 0.12 0.02 0.04 0.15 0.05 0.08 0.07 0.07 0.01 0.09 0.08 0.01 0.07 0.01 0.01 0.08 0.07 0.07 0.04 0.31 0.34 0.55 0.19 0.20 2.73 0.13 0.41 0.46 0.32 0.17 0.03 0.14 0.19 0.09 0.17 0.12 0.16 2.71 2.69 2.42 0.47 0.11 0.10 0.04 0.18 0.20 0.16 0.12 0.19 0.18 2.70 2.68 51.53 0.24 0.10 0.10 0.04 0.13 0.15 0.09 0.10 0.11 0.13 2.72 2.71 0.40 1.38 0.19 0.08 0.03 0.11 0.21 0.07 0.15 0.10 0.13 2.71 2.72 0.55 0.37 0.19 0.34 0.03 0.09 0.55 0.11 0.17 0.14 0.16 2.69 2.70 0.39 0.06 0.14 0.30 0.18 1.81 0.87 0.13 0.10 0.11 0.11 2.71 2.72 0.19 0.02 0.11 0.09 0.30 0.68 0.12 0.09 0.15 0.14 2.70 2.70 0.14 0.02 0.14 0.08 0.05 0.37

I got: 0.23 0.14 0.18 0.18 2.69 2.68 0.19 0.02 0.18 0.10 0.06 0.31 2.07 0.41 0.06 0.10 2.73 2.73 0.25 0.03 0.10 0.07 0.10 0.40 0.83 0.37 0.22 0.21 0.20 2.69 2.69 0.51 0.05 0.18 0.13 0.11 0.24 0.30 0.05 0.06 0.51 0.41 2.72 2.73 0.56 0.06 0.11 0.10 0.09 0.11 0.11 0.02 0.16 0.29 0.27 2.69 2.68 0.32 0.03 0.19 0.12 0.04 0.07 0.12 0.04 0.09 0.13 0.01 0.41 2.72 0.13 0.02 0.10 0.05 0.01 0.03 0.06 0.02 0.25 0.34 0.11 0.35 0.15 0.09 0.04 0.26 0.12 0.02 0.05 0.15 0.05 0.06 0.05 0.07 0.01 0.07 0.06 0.01 0.06 0.01 0.01 0.06 0.06 0.06 0.04 0.31 0.34 0.55 0.19 0.20 2.72 0.12 0.41 0.47 0.32 0.17 0.02 0.14 0.19 0.09 0.17 0.12 0.16 2.71 2.69 2.42 0.47 0.12 0.10 0.03 0.18 0.20 0.16 0.12 0.19 0.18 2.70 2.70 0.39 0.24 0.09 0.10 0.04 0.13 0.16 0.09 0.10 0.11 0.12 2.72 2.72 0.40 1.38 0.19 0.08 0.02 0.10 0.21 0.08 0.15 0.10 0.13 2.69 2.69 0.55 0.37 0.19 0.34 0.03 0.09 0.55 0.11 0.17 0.14 0.17 2.70 2.70 0.39 0.06 0.14 0.30 0.19 1.81 0.87 0.13 0.10 0.10 0.11 2.73 2.71 0.19 0.02 0.11 0.09 0.30 0.68 0.12 0.09 0.15 0.14 2.69 2.71 0.14 0.02 0.15 0.08 0.05 0.37

I got: 0.23 0.14 0.18 0.18 2.70 2.69 0.19 0.02 0.18 0.10 0.06 0.31 2.07 0.40 0.06 0.10 2.71 2.78 0.25 0.03 0.10 0.07 0.10 0.40 0.83 0.37 0.22 0.20 0.20 2.72 2.69 0.52 0.05 0.18 0.13 0.11 0.23 0.31 0.04 0.06 0.51 0.41 2.75 2.72 0.56 0.06 0.12 0.10 0.09 0.10 0.11 0.03 0.17 0.29 0.27 2.68 2.67 0.33 0.03 0.19 0.11 0.04 0.06 0.13 0.03 0.09 0.13 0.01 0.41 2.72 0.13 0.02 0.10 0.06 0.01 0.03 0.06 0.02 0.25 0.34 0.11 0.35 0.15 0.09 0.04 0.27 0.12 0.02 0.04 0.15 0.05 0.06 0.06 0.07 0.00 0.06 0.06 0.01 0.07 0.01 0.01 0.08 0.06 0.09 0.04 0.31 0.34 0.55 0.19 0.20 2.74 0.12 0.41 0.46 0.33 0.17 0.02 0.14 0.19 0.09 0.17 0.12 0.16 2.71 2.69 2.42 0.48 0.13 0.10 0.03 0.19 0.20 0.16 0.12 0.19 0.18 2.70 2.69 0.39 0.24 0.09 0.10 0.04 0.10 0.13 0.08 0.10 0.09 0.10 2.72 2.71 0.40 1.57 0.23 0.08 0.02 0.12 0.25 0.09 0.17 0.11 0.15 2.70 2.71 0.63 0.43 0.22 0.39 0.03 0.09 0.56 0.12 0.17 0.14 0.17 2.70 2.69 0.40 0.06 0.14 0.31 0.19 1.81 0.87 0.13 0.10 0.11 0.11 2.72 2.72 0.19 0.02 0.11 0.09 0.31 0.68 0.12 0.09 0.15 0.14 2.69 2.70 0.14 0.02 0.15 0.08 0.06 0.37

