I got: 0.23 0.23 0.08 0.19 2.69 2.69 0.03 0.03 0.02 0.04 0.04 0.30 2.07 0.58 0.19 0.13 2.72 2.72 0.06 0.03 0.01 0.04 0.08 0.44 0.84 0.36 0.21 1.32 0.34 2.69 2.69 0.12 0.04 0.02 0.05 0.03 0.23 0.30 0.05 0.08 0.62 1.15 2.71 2.70 0.46 0.10 0.03 0.10 0.12 0.22 0.20 0.03 0.11 0.36 0.94 2.70 2.70 0.27 0.06 0.03 0.06 0.05 0.14 0.15 0.04 0.08 0.15 0.12 1.68 2.73 0.08 0.03 0.02 0.02 0.05 0.04 0.07 0.02 0.25 0.31 0.13 0.80 0.62 0.10 0.07 0.03 0.02 0.21 0.04 0.14 0.05 0.05 0.06 0.03 0.01 0.04 0.04 0.01 0.04 0.04 0.02 0.04 0.03 0.05 0.12 0.23 0.09 0.87 0.48 0.27 2.70 0.34 0.64 0.49 0.23 0.13 0.04 0.14 0.20 0.12 0.24 0.05 0.18 2.70 2.70 2.48 0.59 0.17 0.11 0.03 0.14 0.16 0.13 0.18 0.07 0.15 2.71 2.74 0.39 0.33 0.08 0.09 0.03 0.12 0.19 0.11 0.22 0.04 0.16 2.71 2.76 0.67 2.52 0.46 0.13 0.03 0.12 0.32 0.12 0.37 0.14 0.19 2.70 2.69 0.61 0.71 0.44 0.53 0.05 0.11 0.62 0.14 0.32 0.08 0.20 2.70 2.69 0.16 0.10 0.04 0.32 0.20 1.83 0.90 0.14 0.20 0.04 0.13 2.74 2.71 0.05 0.03 0.02 0.06 0.29 0.69 0.13 0.22 0.09 0.15 2.70 2.70 0.02 0.03 0.02 0.03 0.04 0.36

I got: 0.23 0.24 0.08 0.19 2.69 2.70 0.03 0.03 0.02 0.04 0.04 0.30 2.06 0.58 0.19 0.13 2.72 2.72 0.06 0.03 0.02 0.04 0.07 0.43 0.84 0.37 0.21 1.32 0.33 2.69 2.70 0.12 0.04 0.03 0.05 0.04 0.24 0.31 0.05 0.08 0.61 1.15 2.73 2.70 0.46 0.10 0.03 0.10 0.12 0.23 0.20 0.03 0.11 0.37 0.94 2.71 2.70 0.27 0.06 0.03 0.07 0.04 0.13 0.15 0.04 0.08 0.15 0.12 1.69 2.72 0.08 0.03 0.02 0.02 0.05 0.04 0.07 0.02 0.25 0.31 0.12 0.81 0.63 0.11 0.07 0.04 0.02 0.21 0.04 0.14 0.06 0.07 0.04 0.05 0.01 0.04 0.06 0.01 0.04 0.01 0.01 0.07 0.01 0.05 0.12 0.23 0.09 0.88 0.48 0.26 2.70 0.34 0.64 0.50 0.23 0.13 0.03 0.14 0.20 0.12 0.24 0.05 0.18 2.69 2.70 2.49 0.58 0.16 0.11 0.04 0.14 0.17 0.13 0.17 0.06 0.15 2.71 2.71 0.39 0.33 0.07 0.09 0.04 0.12 0.19 0.11 0.22 0.03 0.16 2.71 2.72 0.67 2.51 0.45 0.13 0.04 0.11 0.31 0.12 0.37 0.13 0.19 2.71 2.70 0.61 0.71 0.43 0.53 0.05 0.11 0.61 0.14 0.32 0.08 0.20 2.69 2.69 0.16 0.10 0.04 0.32 0.20 1.83 0.89 0.14 0.19 0.04 0.13 2.71 2.72 0.05 0.03 0.02 0.06 0.29 0.69 0.13 0.21 0.08 0.15 2.70 2.70 0.02 0.03 0.02 0.03 0.04 0.36

I got: 0.23 0.23 0.08 0.19 2.69 2.70 0.03 0.03 0.02 0.04 0.05 0.30 2.06 0.58 0.19 0.13 2.71 2.72 0.06 0.03 0.02 0.04 0.07 0.43 0.84 0.37 0.21 1.31 0.33 2.69 2.69 0.12 0.04 0.03 0.05 0.03 0.23 0.30 0.05 0.08 0.61 1.15 2.71 2.69 0.46 0.10 0.03 0.10 0.12 0.22 0.20 0.04 0.11 0.36 0.94 2.71 2.69 0.27 0.06 0.03 0.07 0.04 0.14 0.15 0.03 0.08 0.16 0.12 1.69 2.74 0.08 0.03 0.02 0.03 0.05 0.04 0.07 0.03 0.25 0.31 0.12 0.80 0.61 0.11 0.07 0.04 0.02 0.21 0.04 0.14 0.05 0.05 0.09 0.05 0.01 0.05 0.05 0.01 0.05 0.01 0.01 0.05 0.01 0.06 0.12 0.22 0.10 0.88 0.48 0.26 2.70 0.34 0.64 0.49 0.22 0.13 0.03 0.14 0.20 0.12 0.23 0.05 0.18 2.70 2.69 2.48 0.58 0.16 0.11 0.03 0.14 0.17 0.13 0.16 0.06 0.15 2.69 2.69 0.39 0.33 0.08 0.09 0.03 0.12 0.18 0.11 0.21 0.04 0.16 2.69 2.70 0.66 2.48 0.45 0.13 0.04 0.11 0.31 0.11 0.35 0.13 0.19 2.70 2.70 0.60 0.69 0.42 0.52 0.04 0.11 0.61 0.14 0.31 0.08 0.20 2.69 2.70 0.16 0.10 0.04 0.31 0.20 1.83 0.89 0.14 0.19 0.04 0.13 2.72 2.71 0.05 0.03 0.02 0.05 0.30 0.69 0.13 0.20 0.08 0.15 2.74 2.69 0.02 0.03 0.02 0.07 0.07 0.36

I got: 0.23 0.23 0.08 0.19 2.70 2.71 0.03 0.03 0.03 0.09 0.08 0.31 2.06 0.58 0.19 0.13 2.77 2.73 0.06 0.03 0.02 0.03 0.13 0.44 0.84 0.37 0.21 1.32 0.33 2.69 2.72 0.12 0.04 0.03 0.07 0.12 0.23 0.30 0.05 0.08 0.61 1.15 2.72 2.70 0.45 0.10 0.03 0.03 0.21 0.22 0.19 0.03 0.11 0.36 0.94 2.71 2.70 0.27 0.06 0.03 0.04 0.12 0.14 0.15 0.04 0.08 0.15 0.12 1.70 2.76 0.08 0.03 0.02 0.04 0.03 0.05 0.07 0.02 0.25 0.31 0.12 0.80 0.62 0.10 0.07 0.04 0.16 0.05 0.04 0.14 0.06 0.06 0.04 0.05 0.01 0.05 0.05 0.01 0.05 0.01 0.01 0.06 0.04 0.06 0.12 0.23 0.09 0.88 0.48 0.27 2.70 0.34 0.55 0.58 0.22 0.13 0.03 0.14 0.20 0.12 0.25 0.05 0.18 2.70 2.70 2.43 0.68 0.16 0.11 0.03 0.15 0.17 0.14 0.18 0.07 0.16 2.70 2.71 0.39 0.40 0.08 0.08 0.04 0.12 0.18 0.10 0.21 0.04 0.15 2.70 2.70 0.67 2.52 0.46 0.13 0.03 0.12 0.32 0.12 0.37 0.14 0.20 2.69 2.69 0.63 0.73 0.44 0.54 0.05 0.11 0.61 0.14 0.32 0.08 0.20 2.70 2.70 0.16 0.10 0.04 0.33 0.19 1.83 0.89 0.14 0.19 0.04 0.13 2.72 2.71 0.05 0.03 0.02 0.07 0.28 0.69 0.13 0.21 0.08 0.15 2.71 2.70 0.02 0.03 0.03 0.04 0.05 0.37

I got: 0.23 0.23 0.08 0.19 2.69 2.69 0.03 0.03 0.03 0.06 0.05 0.31 2.07 0.58 0.19 0.13 2.73 2.73 0.06 0.03 0.02 0.05 0.07 0.44 0.84 0.36 0.21 1.32 0.34 2.69 2.69 0.12 0.04 0.04 0.07 0.04 0.24 0.30 0.05 0.08 0.61 1.15 2.72 2.70 0.45 0.10 0.04 0.11 0.11 0.22 0.20 0.03 0.11 0.36 0.94 2.71 2.69 0.27 0.06 0.03 0.08 0.04 0.13 0.15 0.04 0.08 0.15 0.12 1.70 2.72 0.08 0.03 0.02 0.03 0.05 0.05 0.07 0.02 0.25 0.32 0.13 0.80 0.62 0.10 0.07 0.06 0.06 0.22 0.05 0.14 0.06 0.06 0.06 0.04 0.01 0.05 0.04 0.01 0.04 0.01 0.02 0.04 0.04 0.04 0.12 0.23 0.09 0.88 0.48 0.27 2.69 0.33 0.65 0.48 0.22 0.14 0.04 0.14 0.19 0.12 0.24 0.05 0.18 2.69 2.70 2.49 0.58 0.17 0.11 0.03 0.15 0.18 0.15 0.18 0.07 0.16 2.69 2.70 0.36 0.29 0.08 0.09 0.04 0.10 0.16 0.08 0.17 0.03 0.13 2.73 2.72 0.55 2.26 0.37 0.11 0.03 0.12 0.32 0.12 0.36 0.13 0.20 2.70 2.70 0.62 0.73 0.43 0.54 0.05 0.11 0.61 0.14 0.31 0.08 0.20 2.70 2.69 0.16 0.10 0.08 0.36 0.19 1.83 0.89 0.14 0.19 0.04 0.13 2.70 2.71 0.05 0.03 0.06 0.10 0.29 0.69 0.13 0.20 0.08 0.15 2.71 2.70 0.02 0.03 0.09 0.11 0.04 0.37

I got: 0.23 0.23 0.08 0.19 2.69 2.70 0.03 0.03 0.12 0.14 0.05 0.31 2.07 0.58 0.19 0.13 2.72 2.72 0.06 0.03 0.07 0.09 0.07 0.43 0.84 0.36 0.21 1.31 0.34 2.69 2.69 0.12 0.04 0.15 0.18 0.04 0.23 0.30 0.05 0.08 0.62 1.15 2.71 2.69 0.45 0.10 0.16 0.22 0.12 0.22 0.20 0.03 0.11 0.37 0.94 2.72 2.69 0.27 0.06 0.26 0.28 0.05 0.12 0.15 0.04 0.08 0.15 0.12 1.70 2.73 0.08 0.03 2.77 2.76 0.05 0.05 0.07 0.02 0.25 0.31 0.13 0.78 0.60 0.10 0.06 2.67 2.66 0.22 0.05 0.14 0.05 0.04 0.04 0.03 0.01 0.04 0.03 0.01 0.21 0.20 0.01 0.04 0.04 0.04 0.12 0.23 0.09 0.88 0.48 0.27 2.72 2.75 2.70 0.49 0.23 0.13 0.03 0.14 0.20 0.12 0.24 0.04 0.18 2.70 2.69 2.69 0.59 0.17 0.11 0.04 0.15 0.17 0.14 0.18 0.07 0.16 2.71 2.70 0.38 0.31 0.07 0.09 0.03 0.12 0.18 0.11 0.21 0.04 0.15 2.72 2.70 0.65 2.48 0.44 0.13 0.03 0.12 0.32 0.12 0.36 0.13 0.20 2.71 2.70 0.62 0.71 0.44 0.53 0.04 0.11 0.61 0.14 0.32 0.08 0.20 2.69 2.70 0.16 0.10 0.04 0.32 0.19 1.83 0.90 0.14 0.19 0.04 0.13 2.71 2.72 0.05 0.03 0.02 0.06 0.28 0.69 0.13 0.21 0.09 0.15 2.69 2.69 0.02 0.03 0.03 0.04 0.04 0.37

I got: 0.23 0.24 0.08 0.19 2.69 2.69 0.03 0.03 0.03 0.05 0.04 0.31 2.07 0.58 0.19 0.13 2.72 2.72 0.06 0.03 0.02 0.04 0.08 0.43 0.84 0.37 0.21 1.31 0.33 2.69 2.69 0.12 0.04 0.04 0.07 0.12 0.24 0.31 0.05 0.08 0.61 1.15 2.70 2.69 0.45 0.10 0.04 0.02 0.20 0.23 0.19 0.04 0.11 0.37 0.95 2.70 2.70 0.27 0.06 0.03 0.04 0.11 0.14 0.15 0.03 0.08 0.15 0.12 1.69 2.74 0.08 0.03 0.02 0.04 0.03 0.05 0.07 0.02 0.25 0.31 0.13 0.80 0.62 0.11 0.07 0.05 0.15 0.05 0.05 0.14 0.06 0.09 0.04 0.05 0.01 0.05 0.06 0.01 0.05 0.01 0.01 0.08 0.01 0.06 0.12 0.24 0.09 0.88 0.48 0.26 2.70 0.34 0.56 0.59 0.23 0.13 0.03 0.14 0.19 0.12 0.23 0.05 0.18 2.70 2.69 2.44 0.67 0.16 0.11 0.03 0.15 0.17 0.14 0.17 0.07 0.16 2.69 2.69 0.37 0.39 0.08 0.09 0.04 0.11 0.18 0.10 0.21 0.04 0.15 2.70 2.69 0.64 2.46 0.42 0.13 0.03 0.12 0.31 0.12 0.37 0.13 0.20 2.69 2.70 0.62 0.72 0.43 0.54 0.05 0.11 0.61 0.14 0.32 0.08 0.20 2.70 2.70 0.16 0.10 0.05 0.33 0.19 1.83 0.89 0.14 0.20 0.04 0.12 2.70 2.69 51.53 0.03 0.03 0.07 0.28 0.69 0.13 0.21 0.09 0.15 2.69 2.70 0.02 0.03 0.04 0.05 0.04 0.37

I got: 0.23 0.24 0.08 0.19 2.70 2.69 0.03 0.03 0.04 0.07 0.05 0.31 2.08 0.59 0.19 0.13 2.73 2.72 0.06 0.03 0.02 0.05 0.07 0.43 0.84 0.37 0.21 1.32 0.33 2.69 2.69 0.12 0.04 0.04 0.08 0.03 0.23 0.31 0.06 0.08 0.61 1.14 2.71 2.70 0.46 0.10 0.04 0.11 0.11 0.24 0.19 0.04 0.11 0.37 0.94 2.70 2.70 0.27 0.06 0.04 0.09 0.03 0.14 0.15 0.03 0.08 0.15 0.12 1.69 2.73 0.08 0.03 0.03 0.03 0.05 0.04 0.07 0.02 0.25 0.31 0.13 0.79 0.62 0.10 0.07 0.07 0.03 0.07 0.05 0.14 0.06 0.10 0.06 0.05 0.01 0.05 0.06 0.01 0.04 0.01 0.02 0.05 0.01 0.05 0.11 0.23 0.09 0.88 0.48 0.27 2.71 0.33 0.56 0.58 0.22 0.13 0.03 0.14 0.20 0.12 0.23 0.05 0.18 2.75 2.70 2.44 0.68 0.16 0.11 0.03 0.16 0.18 0.15 0.18 0.07 0.16 2.73 2.70 0.35 0.36 0.08 0.09 0.04 0.11 0.17 0.10 0.20 0.03 0.14 2.72 2.74 0.61 2.38 0.41 0.12 0.03 0.11 0.31 0.11 0.36 0.13 0.19 2.70 2.72 0.61 0.71 0.42 0.53 0.04 0.11 0.61 0.14 0.32 0.08 0.20 2.70 2.69 0.16 0.10 0.05 0.33 0.20 1.83 0.90 0.14 0.19 0.04 0.12 2.73 2.74 0.05 0.03 0.03 0.07 0.28 0.69 0.13 0.20 0.08 0.15 2.71 2.70 0.02 0.03 0.04 0.05 0.04 0.37

I got: 0.23 0.24 0.08 0.19 2.69 2.69 0.03 0.03 0.05 0.06 0.05 0.31 2.07 0.57 0.19 0.13 2.73 2.72 0.06 0.03 0.04 0.05 0.07 0.43 0.84 0.37 0.21 1.32 0.34 2.69 2.69 0.12 0.04 0.05 0.07 0.03 0.24 0.30 0.05 0.08 0.62 1.14 2.72 2.70 0.45 0.10 0.05 0.11 0.11 0.23 0.19 0.04 0.11 0.37 0.94 2.72 2.70 0.27 0.06 0.04 0.08 0.03 0.14 0.15 0.03 0.08 0.15 0.12 1.69 2.74 0.08 0.03 0.03 0.04 0.03 0.04 0.07 0.03 0.25 0.31 0.13 0.80 0.61 0.10 0.07 0.07 0.14 0.05 0.05 0.14 0.05 0.04 0.05 0.04 0.01 0.07 0.04 0.01 0.04 0.01 0.01 0.04 0.04 0.05 0.12 0.23 0.09 0.88 0.48 0.27 2.69 0.33 0.56 0.58 0.24 0.13 0.03 0.14 0.20 0.12 0.23 0.05 0.18 2.70 2.69 2.44 0.67 0.17 0.11 0.04 0.15 0.17 0.14 0.18 0.07 0.16 2.70 2.71 0.38 0.38 0.08 0.09 0.03 0.12 0.18 0.11 0.23 0.04 0.15 2.70 2.71 0.66 2.50 0.46 0.13 0.03 0.12 0.32 0.11 0.35 0.13 0.20 2.70 2.70 0.62 0.72 0.44 0.54 0.05 0.11 0.61 0.14 0.31 0.08 0.20 2.69 2.69 0.16 0.10 0.04 0.32 0.20 1.83 0.90 0.14 0.19 0.04 0.13 2.70 2.72 0.05 0.03 0.02 0.07 0.28 0.69 0.13 0.20 0.09 0.15 2.71 2.71 0.02 0.03 0.02 0.04 0.04 0.37

I got: 0.23 0.24 0.08 0.19 2.69 2.70 0.03 0.03 0.03 0.05 0.05 0.31 2.06 0.58 0.19 0.13 2.73 2.72 0.06 0.03 0.02 0.05 0.07 0.44 0.84 0.36 0.21 1.32 0.34 2.69 2.69 0.12 0.04 0.03 0.07 0.04 0.23 0.31 0.06 0.08 0.62 1.14 2.71 2.69 0.45 0.10 0.04 0.11 0.11 0.22 0.19 0.03 0.11 0.37 0.94 2.71 2.69 0.27 0.06 0.03 0.08 0.04 0.13 0.15 0.04 0.08 0.15 0.12 1.70 2.74 0.08 0.03 0.02 0.03 0.05 0.05 0.07 0.02 0.25 0.32 0.13 0.80 0.61 0.11 0.07 0.05 0.04 0.22 0.04 0.14 0.06 0.06 0.04 0.05 0.01 0.04 0.04 0.01 0.05 0.02 0.01 0.05 0.04 0.06 0.12 0.23 0.09 0.88 0.48 0.27 2.70 0.34 0.65 0.49 0.23 0.13 0.04 0.14 0.20 0.12 0.25 0.05 0.18 2.69 2.69 2.49 0.58 0.16 0.11 0.03 0.15 0.17 0.14 0.19 0.07 0.16 2.71 2.69 0.37 0.30 0.08 0.09 0.04 0.12 0.19 0.10 0.21 0.03 0.16 2.71 2.71 0.62 2.39 0.38 0.13 0.03 0.12 0.31 0.12 0.38 0.14 0.19 2.72 2.72 0.46 0.52 0.32 0.50 0.04 0.11 0.61 0.14 0.32 0.08 0.20 2.69 51.53 0.16 0.10 0.04 0.31 0.19 1.82 0.90 0.14 0.19 0.04 0.13 2.71 2.72 0.05 0.03 0.03 0.02 0.36 0.69 0.13 0.20 0.09 0.15 2.70 2.74 0.02 0.03 0.03 0.07 0.07 0.37

I got: 0.23 0.23 0.08 0.19 2.70 2.69 0.03 0.03 0.04 0.09 0.08 0.31 2.07 0.58 0.19 0.13 2.73 2.72 0.06 0.03 0.02 0.03 0.13 0.44 0.84 0.36 0.21 1.31 0.34 2.69 2.68 0.12 0.04 0.04 0.07 0.12 0.23 0.30 0.05 0.08 0.62 1.14 2.71 2.69 0.46 0.10 0.04 0.02 0.20 0.22 0.20 0.03 0.11 0.36 0.94 2.70 2.70 0.27 0.06 0.04 0.04 0.12 0.14 0.15 0.04 0.08 0.15 0.12 1.70 2.72 0.08 0.03 0.03 0.04 0.03 0.05 0.07 0.02 0.25 0.31 0.13 0.80 0.62 0.10 0.07 0.07 0.15 0.05 0.04 0.14 0.06 0.04 0.04 0.04 0.01 0.04 0.04 0.01 0.03 0.01 0.01 0.04 0.04 0.04 0.12 0.23 0.09 0.88 0.48 0.27 2.70 0.33 0.56 0.58 0.23 0.13 0.03 0.14 0.19 0.12 0.25 0.05 0.18 2.71 2.69 2.44 0.67 0.17 0.12 0.03 0.15 0.17 0.14 0.19 0.07 0.16 2.71 2.70 0.37 0.38 0.09 0.09 0.04 0.11 0.18 0.10 0.20 0.03 0.15 2.69 2.70 0.62 2.41 0.42 0.12 0.04 0.12 0.31 0.12 0.38 0.15 0.19 2.69 2.70 0.62 0.72 0.44 0.53 0.05 0.12 0.62 0.14 0.32 0.08 0.20 2.70 2.70 0.17 0.10 0.05 0.34 0.20 1.83 0.89 0.14 0.19 0.04 0.12 2.71 2.71 0.05 0.03 0.03 0.07 0.29 0.69 0.13 0.21 0.09 0.15 2.69 2.69 0.02 0.03 0.04 0.05 0.03 0.36

I got: 0.23 0.24 0.08 0.19 2.70 2.68 0.03 0.03 0.04 0.06 0.04 0.30 2.07 0.58 0.19 0.13 2.74 2.73 0.06 0.03 0.03 0.05 0.07 0.43 0.84 0.37 0.21 1.31 0.33 2.69 2.69 0.12 0.04 0.04 0.07 0.04 0.23 0.31 0.05 0.08 0.61 1.14 2.69 2.69 0.45 0.10 0.04 0.11 0.11 0.22 0.20 0.04 0.11 0.37 0.94 2.70 2.70 0.27 0.06 0.04 0.08 0.04 0.13 0.15 0.03 0.08 0.15 0.12 1.70 2.73 0.08 0.03 0.02 0.03 0.04 0.04 0.07 0.03 0.25 0.31 0.13 0.81 0.62 0.11 0.07 0.06 0.03 0.21 0.04 0.14 0.06 0.06 0.05 0.05 0.01 0.06 0.05 0.01 0.05 0.01 0.01 0.07 0.05 0.06 0.12 0.23 0.10 0.88 0.48 0.26 2.72 0.34 0.64 0.49 0.23 0.13 0.03 0.14 0.20 0.12 0.24 0.05 0.18 2.71 2.70 2.49 0.58 0.16 0.11 0.04 0.15 0.17 0.14 0.18 0.07 0.16 2.69 2.69 0.38 0.31 0.08 0.09 0.03 0.12 0.18 0.11 0.22 0.03 0.16 2.72 2.70 0.63 2.43 0.43 0.13 0.03 0.11 0.31 0.11 0.37 0.14 0.18 2.69 2.69 0.60 0.70 0.42 0.52 0.04 0.11 0.61 0.14 0.33 0.08 0.20 2.70 2.69 0.17 0.11 0.04 0.32 0.20 1.83 0.90 0.14 0.19 0.04 0.13 2.71 2.71 0.05 0.03 0.02 0.06 0.30 0.69 0.13 0.21 0.08 0.15 2.70 2.70 0.02 0.03 0.03 0.07 0.08 0.36

I got: 0.23 0.25 0.08 0.19 2.69 2.69 0.03 0.03 0.03 0.09 0.09 0.30 2.07 0.59 0.19 0.13 2.72 2.72 0.06 0.03 0.02 0.03 0.14 0.43 0.84 0.37 0.21 1.31 0.33 2.73 2.69 0.12 0.04 0.03 0.07 0.12 0.23 0.30 0.05 0.08 0.61 1.14 2.72 2.70 0.45 0.10 0.04 0.02 0.21 0.23 0.20 0.03 0.11 0.37 0.95 2.71 2.72 0.27 0.06 0.03 0.04 0.12 0.13 0.15 0.04 0.08 0.15 0.12 1.69 2.72 0.08 0.03 0.02 0.04 0.03 0.04 0.07 0.02 0.25 0.31 0.13 0.79 0.62 0.11 0.07 0.05 0.15 0.05 0.04 0.14 0.06 0.08 0.06 0.04 0.01 0.05 0.05 0.01 0.04 0.01 0.01 0.08 0.02 0.05 0.11 0.23 0.09 0.88 0.48 0.26 2.69 0.34 0.55 0.58 0.22 0.13 0.03 0.14 0.20 0.12 0.24 0.05 0.18 2.69 2.69 2.44 0.67 0.16 0.11 0.03 0.15 0.17 0.13 0.17 0.06 0.15 2.71 2.70 0.39 0.40 0.07 0.09 0.03 0.16 0.21 0.14 0.19 0.03 0.18 2.70 2.70 0.51 2.09 0.32 0.13 0.04 0.09 0.25 0.09 0.30 0.10 0.15 2.72 2.72 0.45 0.52 0.32 0.40 0.04 0.11 0.61 0.14 0.33 0.08 0.20 2.69 2.69 0.16 0.10 0.04 0.21 0.19 1.83 0.89 0.14 0.19 0.04 0.13 2.72 2.72 0.05 0.03 0.02 0.02 0.35 0.69 0.13 0.21 0.09 0.15 2.70 2.69 0.02 0.03 0.02 0.08 0.07 0.37

I got: 0.23 0.24 0.08 0.19 2.69 2.70 0.03 0.03 0.03 0.09 0.08 0.31 2.07 0.58 0.19 0.13 2.73 2.74 0.06 0.03 0.02 0.03 0.13 0.44 0.84 0.37 0.21 1.31 0.33 2.70 2.69 0.12 0.04 0.03 0.07 0.12 0.23 0.30 0.05 0.08 0.61 1.14 2.71 2.70 0.45 0.10 0.03 0.03 0.20 0.22 0.19 0.04 0.11 0.37 0.94 2.70 2.70 0.27 0.06 0.03 52.50 0.12 0.14 0.15 0.03 0.08 0.15 0.12 1.69 2.74 0.08 0.03 0.02 0.04 0.03 0.04 0.07 0.03 0.25 0.31 0.13 0.81 0.63 0.10 0.07 0.04 0.16 0.05 0.04 0.14 0.05 0.04 0.06 0.05 0.00 0.06 0.04 0.01 0.05 0.05 0.01 0.05 0.05 0.06 0.12 0.22 0.09 0.88 0.48 0.27 2.70 0.34 0.55 0.58 0.23 0.13 0.03 0.14 0.20 0.12 0.24 0.04 0.18 2.70 2.69 2.44 0.67 0.16 0.11 0.03 0.15 0.17 0.14 0.17 0.07 0.16 2.71 2.69 0.38 0.39 0.08 0.09 0.04 0.15 0.21 0.14 0.20 0.03 0.18 2.70 2.69 0.51 2.07 0.33 0.13 0.03 0.10 0.25 0.09 0.28 0.10 0.15 2.70 2.71 0.45 0.52 0.31 0.39 0.04 0.11 0.60 0.14 0.31 0.08 0.20 2.69 2.69 0.16 0.10 0.04 0.21 0.19 1.83 0.89 0.14 0.19 0.04 0.13 2.71 2.71 0.05 0.03 0.02 0.02 0.35 0.69 0.13 0.20 0.08 0.15 2.70 2.69 0.02 0.03 0.02 0.07 0.07 0.37

I got: 0.23 0.24 0.08 0.19 2.69 2.69 0.03 0.03 0.03 0.09 0.07 0.31 2.07 0.58 0.19 0.13 2.74 2.73 0.06 0.03 0.02 0.03 0.13 0.44 0.84 0.37 0.21 1.31 0.33 2.70 2.69 0.12 0.04 0.03 0.08 0.11 0.24 0.30 0.06 0.08 0.61 1.14 2.71 2.69 0.45 0.10 0.04 0.03 0.20 0.23 0.19 0.03 0.11 0.36 0.94 2.70 2.70 0.27 0.06 0.03 0.04 0.11 0.14 0.15 0.04 0.08 0.15 0.12 1.70 2.73 0.08 0.03 0.02 0.05 0.03 0.05 0.07 0.02 0.25 0.31 0.13 0.79 0.62 0.11 0.07 0.04 0.16 0.05 0.05 0.14 0.06 0.05 0.05 0.06 0.01 0.04 0.04 0.01 0.05 0.07 0.01 0.05 0.04 0.05 0.12 0.23 0.09 0.88 0.48 0.27 2.71 0.34 0.55 0.58 0.23 0.13 0.04 0.14 0.20 0.12 0.25 0.05 0.18 2.70 2.74 2.44 0.67 0.16 0.11 0.03 0.15 0.17 0.14 0.18 0.07 0.16 2.72 2.70 0.38 0.39 0.08 0.09 0.03 0.16 0.21 0.14 0.19 0.03 0.18 2.70 2.68 0.51 2.08 0.33 0.13 0.04 0.09 0.25 0.09 0.36 0.13 0.19 2.70 2.69 0.61 0.70 0.43 0.52 0.05 0.11 0.62 0.14 0.32 0.08 0.20 2.70 2.70 0.17 0.10 0.04 0.32 0.20 1.83 0.90 0.14 0.19 0.04 0.13 2.71 2.72 0.05 0.03 0.02 0.06 0.29 0.69 0.13 0.20 0.09 0.15 2.70 2.69 0.02 0.03 0.02 0.03 0.03 0.36

I got: 0.23 0.24 0.08 0.19 2.70 2.68 0.03 0.03 0.03 0.04 0.04 0.31 2.07 0.58 0.19 0.13 2.74 2.72 0.06 0.03 0.02 0.04 0.07 0.43 0.85 0.37 0.21 1.31 0.33 2.69 2.70 0.12 0.04 0.03 0.05 0.03 0.23 0.30 0.05 0.08 0.61 1.14 2.70 2.69 0.45 0.10 0.03 0.10 0.11 0.22 0.20 0.04 0.11 0.36 0.94 2.71 2.70 0.27 0.06 0.03 0.07 0.04 0.14 0.15 0.03 0.08 0.15 0.12 1.68 2.72 0.08 0.03 0.02 0.02 0.05 0.04 0.07 0.03 0.25 0.31 0.13 0.80 0.62 0.11 0.07 0.04 0.02 0.21 0.04 0.14 0.05 0.05 0.05 0.05 0.01 0.06 0.05 0.01 0.05 0.04 0.01 0.06 0.04 0.06 0.12 0.23 0.09 0.88 0.48 0.26 2.70 0.34 0.64 0.49 0.23 0.13 0.03 0.14 0.20 0.12 0.23 0.05 0.18 2.71 2.70 2.48 0.58 0.16 0.11 0.04 0.14 0.17 0.14 0.17 0.07 0.15 2.70 2.69 0.38 0.31 0.07 0.09 0.04 0.12 0.18 0.11 0.22 0.03 0.16 2.70 2.71 0.64 2.46 0.44 0.13 0.03 0.11 0.30 0.12 0.38 0.14 0.19 2.70 2.70 0.61 0.70 0.43 0.52 0.05 0.11 0.61 0.14 0.32 0.08 0.20 2.70 2.69 0.17 0.10 0.04 0.32 0.20 1.83 0.89 0.14 0.19 0.04 0.13 2.70 2.70 0.05 0.03 0.02 0.06 0.30 0.68 0.13 0.21 0.08 0.15 2.70 2.70 0.02 0.03 0.02 0.03 0.03 0.36

I got: 0.23 0.23 0.08 0.19 2.69 2.70 0.03 0.03 0.03 0.04 0.04 0.30 2.07 0.58 0.19 0.13 2.73 2.72 0.06 0.03 0.02 0.04 0.08 0.43 0.84 0.37 0.21 1.31 0.33 2.69 2.69 0.12 0.04 0.03 0.05 0.03 0.23 0.30 0.05 0.08 0.61 1.14 2.71 2.70 0.45 0.10 0.04 0.10 0.11 0.22 0.20 0.04 0.11 0.36 0.94 2.71 2.70 0.27 0.06 0.03 0.07 0.04 0.14 0.15 0.03 0.08 0.16 0.12 1.69 2.71 0.08 0.03 0.02 0.03 0.04 0.04 0.07 0.03 0.25 0.31 0.13 0.80 0.62 0.11 0.07 0.04 0.02 0.20 0.04 0.14 0.05 0.05 0.10 0.05 0.01 0.05 0.05 0.01 0.05 0.01 0.01 0.04 0.06 0.05 0.12 0.22 0.09 0.89 0.48 0.26 2.70 0.34 0.64 0.49 0.23 0.13 0.03 0.14 0.20 0.12 0.24 0.05 0.18 2.70 2.70 2.48 0.59 0.16 0.11 0.03 0.15 0.18 0.14 0.17 0.07 0.16 2.70 2.70 0.38 0.32 0.07 0.09 0.04 0.12 0.19 0.11 0.21 0.03 0.16 2.71 2.69 0.64 2.45 0.43 0.13 0.03 0.11 0.31 0.11 0.37 0.14 0.19 2.75 2.71 0.61 0.70 0.43 0.52 0.05 0.12 0.61 0.14 0.32 0.08 0.20 2.69 2.69 0.17 0.10 0.04 0.32 0.20 1.83 0.90 0.14 0.19 0.04 0.13 2.77 2.73 0.05 0.03 0.02 0.06 0.30 0.69 0.14 0.20 0.09 0.15 2.71 2.73 0.02 0.03 0.02 0.03 0.03 0.36

